#Insert size (bp)	insert size
141.0	1.0
145.0	2.0
147.0	2.0
148.0	3.0
149.0	22.0
150.0	6432.0
151.0	12670.0
152.0	12632.0
153.0	12692.0
154.0	12742.0
155.0	12765.0
156.0	12920.0
157.0	12621.0
158.0	12649.0
159.0	12344.0
160.0	12488.0
161.0	12447.0
162.0	12534.0
163.0	12739.0
164.0	12715.0
165.0	12584.0
166.0	12793.0
167.0	12751.0
168.0	12664.0
169.0	12413.0
170.0	12436.0
171.0	12479.0
172.0	12452.0
173.0	12278.0
174.0	12507.0
175.0	12485.0
176.0	12712.0
177.0	12610.0
178.0	12451.0
179.0	12632.0
180.0	12201.0
181.0	12335.0
182.0	12164.0
183.0	12258.0
184.0	12216.0
185.0	12319.0
186.0	12378.0
187.0	12291.0
188.0	12379.0
189.0	12264.0
190.0	12393.0
191.0	12304.0
192.0	12070.0
193.0	12262.0
194.0	12013.0
195.0	12111.0
196.0	12341.0
197.0	12116.0
198.0	12161.0
199.0	12122.0
200.0	12040.0
201.0	11928.0
202.0	11923.0
203.0	11737.0
204.0	11569.0
205.0	11674.0
206.0	11973.0
207.0	11864.0
208.0	11849.0
209.0	11842.0
210.0	11850.0
211.0	11509.0
212.0	11540.0
213.0	11402.0
214.0	11294.0
215.0	11257.0
216.0	11275.0
217.0	11204.0
218.0	11617.0
219.0	11351.0
220.0	11553.0
221.0	11074.0
222.0	11112.0
223.0	10839.0
224.0	10894.0
225.0	10759.0
226.0	10858.0
227.0	10681.0
228.0	10662.0
229.0	11053.0
230.0	10750.0
231.0	10929.0
232.0	10610.0
233.0	10608.0
234.0	10237.0
235.0	10159.0
236.0	10108.0
237.0	10238.0
238.0	10038.0
239.0	10128.0
240.0	10057.0
241.0	9919.0
242.0	9935.0
243.0	9877.0
244.0	9741.0
245.0	9619.0
246.0	9546.0
247.0	9444.0
248.0	9284.0
249.0	9599.0
250.0	9496.0
251.0	9469.0
252.0	9177.0
253.0	9146.0
254.0	9037.0
255.0	8868.0
256.0	8643.0
257.0	8552.0
258.0	8306.0
259.0	8477.0
260.0	8494.0
261.0	8355.0
262.0	8091.0
263.0	7729.0
264.0	7247.0
265.0	6779.0
266.0	6120.0
267.0	6290.0
268.0	6045.0
269.0	5994.0
270.0	5935.0
271.0	5262.0
272.0	5384.0
273.0	5333.0
274.0	5309.0
275.0	5311.0
276.0	5360.0
277.0	5336.0
278.0	5308.0
279.0	5186.0
280.0	5228.0
281.0	5181.0
282.0	5156.0
283.0	5112.0
284.0	5200.0
285.0	5092.0
286.0	5279.0
287.0	5155.0
288.0	5229.0
289.0	5015.0
290.0	4987.0
291.0	5032.0
292.0	4961.0
293.0	5109.0
294.0	4851.0
295.0	5152.0
296.0	4963.0
297.0	5014.0
298.0	4802.0
299.0	4940.0
300.0	4808.0
301.0	4813.0
302.0	4846.0
303.0	4784.0
304.0	4784.0
305.0	4755.0
306.0	4756.0
307.0	4672.0
308.0	4789.0
309.0	4743.0
310.0	4664.0
311.0	4629.0
312.0	4677.0
313.0	4671.0
314.0	4739.0
315.0	4580.0
316.0	4570.0
317.0	4586.0
318.0	4582.0
319.0	4595.0
320.0	4595.0
321.0	4451.0
322.0	4356.0
323.0	4479.0
324.0	4384.0
325.0	4459.0
326.0	4294.0
327.0	4369.0
328.0	4480.0
329.0	4345.0
330.0	4546.0
331.0	4239.0
332.0	4245.0
333.0	4277.0
334.0	4345.0
335.0	4337.0
336.0	4260.0
337.0	4357.0
338.0	4240.0
339.0	4226.0
340.0	4190.0
341.0	4131.0
342.0	4284.0
343.0	4136.0
344.0	4084.0
345.0	4075.0
346.0	4079.0
347.0	4015.0
348.0	4054.0
349.0	3996.0
350.0	4023.0
351.0	4014.0
352.0	3986.0
353.0	3983.0
354.0	3928.0
355.0	3981.0
356.0	3895.0
357.0	3928.0
358.0	3892.0
359.0	3797.0
360.0	3807.0
361.0	3760.0
362.0	3798.0
363.0	3818.0
364.0	3729.0
365.0	3776.0
366.0	3796.0
367.0	3695.0
368.0	3692.0
369.0	3671.0
370.0	3575.0
371.0	3629.0
372.0	3653.0
373.0	3473.0
374.0	3559.0
375.0	3564.0
376.0	3506.0
377.0	3490.0
378.0	3496.0
379.0	3424.0
380.0	3413.0
381.0	3506.0
382.0	3458.0
383.0	3344.0
384.0	3342.0
385.0	3427.0
386.0	3378.0
387.0	3249.0
388.0	3411.0
389.0	3353.0
390.0	3306.0
391.0	3157.0
392.0	3204.0
393.0	3178.0
394.0	3205.0
395.0	3132.0
396.0	3234.0
397.0	3089.0
398.0	3137.0
399.0	3104.0
400.0	3107.0
401.0	3080.0
402.0	2953.0
403.0	2942.0
404.0	3036.0
405.0	3015.0
406.0	2943.0
407.0	2985.0
408.0	2910.0
409.0	2866.0
410.0	2769.0
411.0	2880.0
412.0	2731.0
413.0	2891.0
414.0	2779.0
415.0	2823.0
416.0	2798.0
417.0	2815.0
418.0	2828.0
419.0	2726.0
420.0	2742.0
421.0	2649.0
422.0	2734.0
423.0	2729.0
424.0	2659.0
425.0	2682.0
426.0	2603.0
427.0	2617.0
428.0	2569.0
429.0	2589.0
430.0	2507.0
431.0	2487.0
432.0	2565.0
433.0	2475.0
434.0	2410.0
435.0	2463.0
436.0	2479.0
437.0	2440.0
438.0	2459.0
439.0	2447.0
440.0	2422.0
441.0	2323.0
442.0	2306.0
443.0	2288.0
444.0	2308.0
445.0	2269.0
446.0	2192.0
447.0	2184.0
448.0	2224.0
449.0	2205.0
450.0	2147.0
451.0	2153.0
452.0	2146.0
453.0	2134.0
454.0	2122.0
455.0	2144.0
456.0	2122.0
457.0	1977.0
458.0	2071.0
459.0	2016.0
460.0	2006.0
461.0	2048.0
462.0	2119.0
463.0	1984.0
464.0	2000.0
465.0	1924.0
466.0	1917.0
467.0	1931.0
468.0	1785.0
469.0	1867.0
470.0	1856.0
471.0	1886.0
472.0	1851.0
473.0	1863.0
474.0	1943.0
475.0	1731.0
476.0	1870.0
477.0	1793.0
478.0	1856.0
479.0	1662.0
480.0	1745.0
481.0	1743.0
482.0	1709.0
483.0	1672.0
484.0	1643.0
485.0	1657.0
486.0	1631.0
487.0	1620.0
488.0	1579.0
489.0	1662.0
490.0	1593.0
491.0	1537.0
492.0	1594.0
493.0	1539.0
494.0	1505.0
495.0	1510.0
496.0	1482.0
497.0	1488.0
498.0	1461.0
499.0	1467.0
500.0	1447.0
501.0	1488.0
502.0	1493.0
503.0	1450.0
504.0	1418.0
505.0	1352.0
506.0	1375.0
507.0	1407.0
508.0	1329.0
509.0	1294.0
510.0	1230.0
511.0	1280.0
512.0	1303.0
513.0	1231.0
514.0	1227.0
515.0	1221.0
516.0	1210.0
517.0	1275.0
518.0	1163.0
519.0	1213.0
520.0	1183.0
521.0	1184.0
522.0	1209.0
523.0	1090.0
524.0	1184.0
525.0	1169.0
526.0	1091.0
527.0	1130.0
528.0	1109.0
529.0	1089.0
530.0	1063.0
531.0	1035.0
532.0	1000.0
533.0	1027.0
534.0	973.0
535.0	1028.0
536.0	955.0
537.0	957.0
538.0	969.0
539.0	948.0
540.0	967.0
541.0	909.0
542.0	952.0
543.0	882.0
544.0	866.0
545.0	893.0
546.0	818.0
547.0	884.0
548.0	884.0
549.0	857.0
550.0	845.0
551.0	807.0
552.0	837.0
553.0	836.0
554.0	830.0
555.0	776.0
556.0	745.0
557.0	787.0
558.0	786.0
559.0	746.0
560.0	734.0
561.0	730.0
562.0	667.0
563.0	756.0
564.0	730.0
565.0	709.0
566.0	648.0
567.0	656.0
568.0	650.0
569.0	747.0
570.0	672.0
571.0	702.0
572.0	624.0
573.0	641.0
574.0	614.0
575.0	583.0
576.0	552.0
577.0	581.0
578.0	533.0
579.0	550.0
580.0	561.0
581.0	544.0
582.0	501.0
583.0	573.0
584.0	539.0
585.0	545.0
586.0	482.0
587.0	515.0
588.0	468.0
589.0	505.0
590.0	501.0
591.0	464.0
592.0	469.0
593.0	445.0
594.0	442.0
595.0	473.0
596.0	450.0
597.0	424.0
598.0	480.0
599.0	423.0
600.0	442.0
601.0	457.0
602.0	404.0
603.0	400.0
604.0	389.0
605.0	378.0
606.0	366.0
607.0	359.0
608.0	367.0
609.0	354.0
610.0	336.0
611.0	347.0
612.0	372.0
613.0	370.0
614.0	339.0
615.0	363.0
616.0	311.0
617.0	329.0
618.0	296.0
619.0	316.0
620.0	286.0
621.0	301.0
622.0	270.0
623.0	304.0
624.0	260.0
625.0	276.0
626.0	284.0
627.0	258.0
628.0	246.0
629.0	287.0
630.0	255.0
631.0	254.0
632.0	247.0
633.0	259.0
634.0	223.0
635.0	247.0
636.0	232.0
637.0	217.0
638.0	240.0
639.0	208.0
640.0	218.0
641.0	214.0
642.0	212.0
643.0	202.0
644.0	192.0
645.0	222.0
646.0	171.0
647.0	198.0
648.0	181.0
649.0	168.0
650.0	186.0
651.0	193.0
652.0	159.0
653.0	163.0
654.0	167.0
655.0	144.0
656.0	167.0
657.0	143.0
658.0	141.0
659.0	154.0
660.0	131.0
661.0	134.0
662.0	168.0
663.0	163.0
664.0	128.0
665.0	120.0
666.0	135.0
667.0	117.0
668.0	139.0
669.0	138.0
670.0	123.0
671.0	122.0
672.0	131.0
673.0	109.0
674.0	125.0
675.0	122.0
676.0	106.0
677.0	103.0
678.0	127.0
679.0	96.0
680.0	119.0
