# Position (bp)	A	C	G	T	N
0.0	26.273681187656077	22.54989625183354	34.55422073443003	16.62107565873751	0.0011261673428363088
1.0	23.311471960158524	20.23856864210387	12.299571855213141	44.15033358602958	5.395649487817972E-5
2.0	32.534716329641185	20.440267474126404	13.147263531697357	33.87746143681695	2.912277181011E-4
3.0	21.592456824936924	22.90781045395382	10.274148023909312	45.22529574704778	2.889501521585233E-4
4.0	40.82014177554705	9.675435022850966	9.923844052647244	39.58023943536465	3.3971359008538047E-4
5.0	44.926165892373966	10.346240812181685	22.983763907688186	21.73605395474386	0.007775433012304167
6.0	35.165174028537066	13.784762108611675	20.87746443361334	30.17254760302468	5.182621323221693E-5
7.0	40.027681296216215	15.375466973341123	20.324596521084125	24.27222937761514	2.5831743389527708E-5
8.0	18.866762857841344	32.30774065890697	23.079982678375508	25.74546228309006	5.1521786116063646E-5
9.0	30.091087543694243	19.842730277620813	13.043632441833305	37.02254973685164	0.0
10.0	27.659161595170122	15.129563802165109	28.105810459796604	29.105464142868165	0.0
11.0	27.369449015787207	18.419760273499584	18.28798282800741	35.9228078827058	0.0
12.0	25.359988259241064	20.618967706532075	23.217733650674134	30.803310383552727	0.0
13.0	23.837193901877445	26.363815116530215	18.44751861345548	31.35147236813686	0.0
14.0	32.98277231623698	20.518520872123688	20.11824888951024	26.380457922129093	0.0
15.0	32.8715575476456	18.935657002414118	19.319972642023515	28.872812807916766	0.0
16.0	31.997639124298434	18.52522749128851	18.37254537545368	31.10458800895938	0.0
17.0	32.07168606249798	18.27917259728917	18.584287961375473	31.06482810629832	2.527253906123637E-5
18.0	31.6972570675846	18.31493940484746	19.165488851516084	30.822314676051853	0.0
19.0	31.099719567594736	18.96979050286715	19.116641700452263	30.813848229085856	0.0
20.0	30.885138835721847	19.050679506182025	19.254547698395722	30.809633959700406	0.0
21.0	30.6483214326665	19.230079252193693	19.22054500278626	30.90102922222353	2.5090130019562772E-5
22.0	30.756409061901085	19.312793478380655	19.037586271498373	30.89316109589974	5.009232014602913E-5
23.0	31.049384598997975	19.18939489026895	19.169267404524458	30.59195310620862	0.0
24.0	30.743430703667844	19.25518396126453	19.17505917627228	30.825727094982312	5.990638130261933E-4
25.0	30.870231396725416	19.356909321378637	19.150587655435842	30.62224670838451	2.4918075596956108E-5
26.0	31.027265298405826	19.200486573821284	19.295139610119044	30.47690950995598	1.9900769786651307E-4
27.0	30.772157346470124	19.308267173807607	19.303772241533323	30.615803238188942	0.0
28.0	30.95445467967289	19.287211584113372	19.22458537407756	30.533649191573975	9.91705622103135E-5
29.0	31.02118830967278	19.161259566075536	19.427122085871044	30.39043003838064	0.0
30.0	30.71055833626426	19.377394226446274	19.364393510418246	30.54745619734988	1.9772952133884636E-4
31.0	30.801622155138393	19.51702603904042	19.11045063896238	30.57090116685881	0.0
32.0	30.908419188341764	19.371832656302452	19.22575467870978	30.49389489187962	9.85847663861437E-5
33.0	30.66585612270389	19.320915110697086	19.349489246550984	30.66332112184863	4.18398199411043E-4
34.0	30.72686182534523	19.449203729488	19.240264903266556	30.581826180887788	0.0018433610124230244
35.0	30.837263065443878	19.186461380455917	19.4103278539232	30.561774750561938	0.004172949615069945
36.0	30.766963720467682	19.315762812682514	19.37367628965369	30.54060587990971	0.0029912972864029846
37.0	30.754078910660876	19.431640634089266	19.329259137609796	30.48242504045661	0.0025962771834507413
38.0	30.90672355436534	19.29116478835466	19.33154017669249	30.467781908302356	0.002789572285158888
39.0	30.76139401666669	19.342671926399596	19.40770550059349	30.484927980206322	0.0033005761339007064
40.0	30.694905524409755	19.30223639050725	19.364943265789698	30.629022999035087	0.00889182025820478
41.0	30.908305437824236	19.24513104889148	19.279350082435652	30.55771899144158	0.009494439407049072
42.0	30.67323453883884	19.38779964981863	19.364361545802712	30.564604658207323	0.009999607332492553
43.0	30.667283413704606	19.557087566462577	19.25849491463959	30.505850363943303	0.011283741249921708
44.0	30.890627157597827	19.38463209509492	19.31588121074618	30.395684110265407	0.013175426295666795
45.0	30.626055347034853	19.388547321651522	19.41492947641158	30.554989026094482	0.015478828807560676
46.0	30.69807171767462	19.465020285867656	19.251545002131834	30.57183989329398	0.013523101031914762
47.0	30.879895299234118	19.345017367074245	19.322823877278022	30.439890525081438	0.012372931332175771
48.0	30.653913850466996	19.34532088338437	19.321051014099115	30.662295336856797	0.017418915192719524
49.0	30.73452311320148	19.53849594168083	19.24317549483717	30.4674405747422	0.016364875538323068
50.0	30.90163345619606	19.316248069450282	19.331755564982473	30.43412736240556	0.016235546965627234
51.0	30.631463458001125	19.44961592508241	19.38133216640473	30.519516905142336	0.018071545369403006
52.0	30.697029487881366	19.526853606059827	19.323554955128824	30.436293209752325	0.016268741177662898
53.0	30.768283787353358	19.37190867739254	19.399510962154093	30.45212978647609	0.008166786623918265
54.0	30.59815958350815	19.349032846308653	19.367297482968347	30.67678957103781	0.008720516177041981
55.0	30.643631938300288	19.55971251868672	19.340677753515912	30.446679829091867	0.009297960405216736
56.0	30.764019620134597	19.308469158021662	19.382773181039937	30.538203159300565	0.0065348815032357345
57.0	30.606997975528277	19.47445991507283	19.397961593100536	30.517798319262674	0.002782197035677927
58.0	30.503732065192157	19.593801753625655	19.375444984444893	30.524772090575613	0.002249106161680261
59.0	30.81142055348601	19.366038936408316	19.357698424997167	30.4635607891526	0.001281295955915683
60.0	30.610404747767024	19.5054159624985	19.44980752132563	30.43309091339704	0.0012808550118044082
61.0	30.63584778617644	19.45686446326795	19.420770104787188	30.485092232682497	0.001425413085920277
62.0	30.860635038948725	19.365043173170683	19.304490352730443	30.46934836518254	4.830699676125741E-4
63.0	30.576616420005042	19.457067548550793	19.397547130995143	30.568768900449022	0.0
64.0	30.60078143954345	19.46086223899207	19.30686771172437	30.631464468883042	2.414085707284866E-5
65.0	30.786550589032608	19.40441950040535	19.346519058754588	30.462486716567085	2.4135240371306195E-5
66.0	30.64899284146377	19.38202579312272	19.410595270641508	30.55833783551944	4.8259252565522194E-5
67.0	30.66913960045779	19.61707482297358	19.213397652771533	30.50036379918285	2.4124614247418186E-5
68.0	30.821775899998865	19.400786245550865	19.549916751747993	30.227496983260867	2.4119441403384872E-5
69.0	30.58502415715244	19.485708525398408	19.49072468563386	30.437963844095812	5.787877194750974E-4
70.0	30.637666419025944	19.53784020156556	19.345514749090757	30.478978630317734	0.0
71.0	30.833096031092904	19.417946029151885	19.412448493759697	30.336268326022175	2.4111997334177576E-4
72.0	30.657376742463548	19.50110136619558	19.473543100837695	30.367978790503177	0.0
73.0	30.580628330696864	19.624755852370278	19.2808455410162	30.513770275916656	0.0
74.0	30.892047914840347	19.34478259234292	19.365926881745317	30.397242611071412	0.0
75.0	30.566735098084365	19.51054860458977	19.39503894322282	30.52767735410305	0.0
76.0	30.6161049912709	19.504144665098377	19.294096543536643	30.585653800094075	0.0
77.0	30.655499441349406	19.52595953122536	19.354144936677425	30.464396090747808	0.0
78.0	30.44379641315162	19.569007214880564	19.307629949590837	30.679518197789292	4.822458769183138E-5
79.0	30.311267871885683	19.745974244423355	19.330595163692198	30.612138607902594	2.411209617061333E-5
80.0	30.562662221078618	19.555515148913617	19.304015956657928	30.57780667334984	0.0
81.0	30.393908594180758	19.668247131357695	19.262968646211153	30.67482738942576	4.823882463209454E-5
82.0	30.43221807710939	19.908997832661388	19.13156401561719	30.527195950184023	2.412442800981189E-5
83.0	30.697954536186923	19.688044630407155	19.012006208801722	30.601849852296052	1.447723081459276E-4
84.0	30.345391501705226	19.71505339882798	19.150788366100365	30.788501253667544	2.6547969888809865E-4
85.0	30.420104492027434	19.799508366531747	19.100392346006064	30.67984995595673	1.4483947802748908E-4
86.0	30.568637700965695	19.693642379148947	19.15911014314637	30.578368322119783	2.4145461920795642E-4
87.0	30.19808388810154	19.925356264074495	19.24994952261435	30.626030680589732	5.796446198835494E-4
88.0	30.21616503889193	20.189399585581203	19.08904206058477	30.505151727675102	2.4158726699814048E-4
89.0	30.336341731183257	20.087465621158394	19.1755457780813	30.400550206460338	9.666311671370536E-5
90.0	30.223707946276058	20.057153853183106	19.35770692223527	30.360585163399296	8.461149062722256E-4
91.0	30.314212876600095	20.11954859980915	19.294079011961145	30.271458219171787	7.012924578172587E-4
92.0	30.516986648880334	20.140795560965	19.33303189467743	30.008726237815747	4.596576614892279E-4
93.0	30.218511719425965	20.184398381824938	19.35495659897648	30.24184287050606	2.9042926655719096E-4
94.0	30.128763262519186	20.387597274615864	19.27032537057573	30.212854050546483	4.600417427349724E-4
95.0	30.40415973188274	20.230756020030313	19.301981448731368	30.063005908181562	9.689117401339957E-5
96.0	30.222673923943027	20.318168611237727	19.36011992389892	30.098649814121348	3.877267989735902E-4
97.0	30.20491236917199	20.37823448550073	19.37685013904075	30.039275678899507	7.273273870278737E-4
98.0	30.26612640124774	20.229996858827967	19.47073070453214	30.032782193071718	3.638423204407828E-4
99.0	30.14748671246061	20.193808062458107	19.562276832190424	30.095360633356126	0.001067759534728636
100.0	30.083699095028116	20.354268061441168	19.48547174639616	30.075735614384957	8.254827495956349E-4
101.0	30.173341712516134	20.29820594959227	19.545464151907748	29.982235128387817	7.530575960312408E-4
102.0	30.032290642519378	20.274415772708878	19.59617859629891	30.09602121435664	0.0010937741162001316
103.0	29.997799004079745	20.436478163323628	19.653191140079407	29.911339993068687	0.001191699448535
104.0	30.111600787483972	20.36001353031789	19.58187424104894	29.94621941989979	2.920212494129156E-4
105.0	29.8612438595154	20.389854566733153	19.716419375160264	30.03218998299549	2.922155956924499E-4
106.0	29.859015238928414	20.404105140929932	19.733309614524682	30.003301950587712	2.680550292606433E-4
107.0	30.022630724134398	20.30478317912901	19.839024342660377	29.832439972491965	0.0011217815842482356
108.0	29.774369004163724	20.299468143133023	19.910892681470866	30.014538023019227	7.321482131556784E-4
109.0	29.825852516147567	20.438551325853982	19.82083556010626	29.913856861896438	9.037359957558604E-4
110.0	29.989011754611333	20.314637834032272	19.840884339855798	29.85507494374483	3.9112775577005115E-4
111.0	29.932513882938753	20.277127850752017	19.788334881658912	30.00160745310188	4.159315484324152E-4
112.0	30.08619965533852	20.249290608109316	19.784974728334802	29.87916766970488	3.6733851247983617E-4
113.0	30.31833864567812	20.113365977165007	19.858608768727425	29.70966209368652	2.4514742921245406E-5
114.0	30.270864599605602	20.17604419634585	19.904897356637367	29.647972963852403	2.2088355877772857E-4
115.0	29.954838173808895	20.525703512537333	19.771851438283015	29.747508579960613	9.829541014497098E-5
116.0	30.250682958253794	20.219156886743843	19.935368108470158	29.59380777954782	9.842669843880493E-4
117.0	30.086203540298378	20.157026263693535	20.05688586014545	29.699687209083997	1.971267786379624E-4
118.0	30.08538534445681	20.21742257812267	20.04047309250009	29.656595606391896	1.2337852853338218E-4
119.0	30.180516887211105	20.067217230858645	20.145796303768904	29.606346026159912	1.235520014312264E-4
120.0	29.955731835241956	20.17206901270535	20.334897859543045	29.53720230840823	9.898410142108999E-5
121.0	29.94694730746989	20.211482017534184	20.368833086160617	29.471820451226744	9.171376085661644E-4
122.0	30.10438499402401	20.09810858681031	20.37803932784843	29.41874709207201	7.199992452421706E-4
123.0	29.960201551301402	20.069952556707754	20.52844421465149	29.439909515293543	0.0014921620458138512
124.0	29.930269356780155	20.076381858474097	20.61094525975113	29.380335918754536	0.002067606240085454
125.0	29.93603251898625	20.018365541652475	20.73666782698961	29.307387015112894	0.0015470972587682359
126.0	29.820275283614713	20.036598833096622	20.795196009472402	29.344380471890485	0.003549401925775507
127.0	29.802870869941543	20.170877127357393	20.810314320473733	29.213509027709446	0.0024286545178857886
128.0	29.830234965321907	19.992029292475557	20.95643975732732	29.219013623689804	0.002282361185413254
129.0	29.613525793253988	20.102919761579102	21.031242745317556	29.250904731133303	0.0014069687160505986
130.0	29.745060674849604	20.041313213508065	21.111419577288355	29.101854161386314	3.5237296765744717E-4
131.0	29.703953879183732	19.905625292320803	21.274852783776527	29.11546719010213	1.0085461680918685E-4
132.0	29.6302274398424	19.991320806094027	21.368347161693936	29.009548881467623	5.557109020122544E-4
133.0	29.563833411026803	20.069033305950814	21.41434509971843	28.952737568665082	5.061463886708242E-5
134.0	29.629282174753502	19.929290491132914	21.571040135658404	28.86955048955077	8.367089044082896E-4
135.0	29.462098559165806	19.92097626874775	21.70091544882446	28.915501662755023	5.080605069580157E-4
136.0	29.40872690751093	20.03418743377648	21.731418409444405	28.825209109149085	4.5814011910115965E-4
137.0	29.52916869952341	19.774797303035626	21.84133592416834	28.854290014208107	4.080590645092924E-4
138.0	29.30905555779883	19.764044065143956	22.018107128819448	28.90797544757974	8.178006580228544E-4
139.0	29.327257742562207	20.035696486131947	22.01672597299688	28.62011491103026	2.048872787025308E-4
140.0	29.44323676240595	19.752903891354308	22.25605272013374	28.547780958049927	2.56680560785422E-5
141.0	29.322239325241718	19.781404372581463	22.2516744050469	28.644604714859106	7.718227082075369E-5
142.0	29.283750088021332	19.801434186738327	22.440320245474414	28.474443892170576	5.158759534999733E-5
143.0	29.276452966467815	19.695773423635508	22.583157851166977	28.442546190183	0.0020695685466972273
144.0	29.097596096332605	19.70629075564789	22.673381068697456	28.522706129607922	2.594971412497434E-5
145.0	29.117584550423963	19.792399186974084	22.692294068682145	28.397722193919805	0.0
146.0	29.265502910960066	19.577993257065604	22.774263542025004	28.38221410989653	2.6180052789458446E-5
147.0	29.05970513982094	19.64963902338209	22.932421307308186	28.358129084827333	1.0544466145541577E-4
148.0	28.96375586087222	19.705217345493914	22.94903070500339	28.381834817209594	1.6127142087647792E-4
149.0	28.13007029118063	20.01001871977843	24.29573260413386	27.56406600442723	1.1238047984779188E-4
