# Position (bp)	A	C	G	T	N
0.0	26.69432757089415	22.17408726491969	34.65352100883056	16.476539067663058	0.001525087692542321
1.0	22.620096877301492	19.484676876947802	12.636492199671522	45.258648475503136	8.55705760440038E-5
2.0	32.55435695596015	20.80737902298216	13.275460287494328	33.36266397510511	1.3975845825177263E-4
3.0	21.346319662200187	23.425130376198755	10.32743070861994	44.90073110480832	3.8814817279247656E-4
4.0	40.71723819942569	9.743803710893065	9.90714080661445	39.63140363180294	4.136512638562832E-4
5.0	44.593125423267445	10.416083559167438	23.305503327417192	21.677137905335172	0.00814978481275252
6.0	34.80106108049718	13.831512449920009	21.007370133865695	30.359864903668658	1.914320484596557E-4
7.0	41.350929814037194	15.258112013960845	19.629819490647325	23.761111414080823	2.726727381796368E-5
8.0	19.234299000495593	32.01748874313123	22.301601937971213	26.44647431660457	1.3600179739975442E-4
9.0	30.519520704665982	19.700334559999042	13.345187422541732	36.434957312793244	0.0
10.0	27.643786495314814	15.362236949991887	28.272270454509137	28.721706100184168	0.0
11.0	27.443243805926464	18.37912448171486	18.070404313105737	36.10722739925294	0.0
12.0	25.597156312394276	20.32643348421102	23.506849418600414	30.56956078479429	0.0
13.0	23.851704851995358	26.359922840645666	18.28953190746267	31.4988403998963	0.0
14.0	33.48029391758081	20.158130844340356	20.212807177667948	26.148768060410895	0.0
15.0	33.030321593307626	18.755185428783914	19.39482015965747	28.81967281825099	0.0
16.0	32.124465764670845	18.28830061519227	18.36320758513558	31.223972376713377	5.365828792500718E-5
17.0	32.154040869516756	18.176411078579726	18.517392264198662	31.152075411845903	8.037585895001264E-5
18.0	31.78109893614659	18.28133666501581	19.060049215360948	30.87751518347665	0.0
19.0	31.146501036258904	18.91926052051301	19.053696275132886	30.8805421680952	0.0
20.0	30.914383911698273	18.941432960116316	19.27957275356548	30.86461037461993	0.0
21.0	30.682861074911578	19.161084800736116	19.17702473862367	30.978976074899585	5.3310829055361434E-5
22.0	30.894922385959156	19.2136384947964	19.043162634715998	30.84827648452844	0.0
23.0	31.0828352403811	19.116131563025657	19.122647217217285	30.67838597937596	0.0
24.0	30.80911038819936	19.268617678326937	19.071030064238553	30.850790270762506	4.5159847264083635E-4
25.0	30.89883898626436	19.272541426773447	19.083368868974187	30.74522418235078	2.6535637228119175E-5
26.0	31.094077733802717	19.05925181963705	19.21031502735652	30.636196377398782	1.5904180493363582E-4
27.0	30.79902588624942	19.21420043261581	19.273116467601078	30.71365721353369	0.0
28.0	31.121699551347685	19.12852310833177	19.135638695355798	30.61392702899377	2.116159709747534E-4
29.0	31.080586482303286	19.07711196338595	19.3433032400391	30.498998314271663	0.0
30.0	30.72212623770741	19.283338895272212	19.325027035247203	30.669111807644217	3.9602412895812914E-4
31.0	30.900635248804242	19.433633341976353	19.00085805936146	30.664873349857945	0.0
32.0	30.98245982985584	19.298509150104085	19.12652551147739	30.59229467970749	2.1082885519668092E-4
33.0	30.68688976176847	19.21526674463954	19.283146326577146	30.814565515381915	1.3165163292786386E-4
34.0	30.737013357719267	19.306631925827748	19.20176748928862	30.752771962206708	0.0018152649576517103
35.0	30.873882418256056	19.064475121681426	19.37578926006967	30.68193647225327	0.00391672773958019
36.0	30.852893210595283	19.20288208705464	19.323389299495357	30.617657248385377	0.0031781544693388207
37.0	30.87659560619585	19.277633968981917	19.295086988209896	30.5481901481512	0.0024932884611397373
38.0	30.944498718192488	19.204217179498947	19.245943128397116	30.60237740871629	0.0029635651951560133
39.0	30.82408316178311	19.224335278369995	19.332257950386495	30.6158642134657	0.0034593959947008344
40.0	30.761960183703057	19.13210361791105	19.336276325603613	30.7612792588185	0.008380613963778986
41.0	30.907950742420525	19.181493572179534	19.19314030809673	30.70851674761366	0.008898629689545131
42.0	30.776019252896187	19.252137663125062	19.31321188412795	30.648613458247336	0.01001774160347163
43.0	30.730599479913295	19.42409860526005	19.21936805387822	30.614693547223432	0.011240313724998145
44.0	30.958995083945478	19.24576432146717	19.241897732376128	30.53957466997487	0.013768192236359366
45.0	30.787126671838333	19.25724853851635	19.294795789172447	30.644509785132072	0.016319215340793523
46.0	30.82646331947587	19.306787547594258	19.1760680816416	30.676849684357766	0.013831366930506517
47.0	30.974643743487484	19.235725939073518	19.207139345299186	30.568614997789496	0.013875974350313578
48.0	30.738892241677085	19.20921702474879	19.227752222724778	30.805264413332306	0.018874097517039477
49.0	30.827739850956277	19.41343999166189	19.10620668091094	30.635728802960028	0.0168846735108656
50.0	30.85503582095461	19.18801495552201	19.312843976485368	30.62691618927965	0.01718905775835935
51.0	30.75049924205801	19.32362886432617	19.26711187786083	30.639782179212734	0.018977836542253802
52.0	30.79184181587202	19.35661323672609	19.217474031425112	30.617573018808127	0.01649789716865899
53.0	30.810827120709117	19.246671246420497	19.340104467288878	30.594047481868053	0.008349683713460706
54.0	30.66307321081261	19.24495824102676	19.246726366917326	30.835907516615187	0.009334664628121523
55.0	30.754585205957707	19.396468033973786	19.20950667204877	30.629823001419947	0.009617086599785461
56.0	30.81814052734913	19.165983289212615	19.27586934446693	30.73210772315262	0.007899115818706977
57.0	30.741141624138823	19.42742421680328	19.22471401991412	30.60362909436804	0.003091044775731714
58.0	30.637327710668178	19.462877945926856	19.329175192413555	30.56812634377889	0.0024928072125222018
59.0	30.921345012844554	19.227556294870276	19.279785972541518	30.569469624756245	0.0018430949874046524
60.0	30.74571832086862	19.402389342269103	19.38427489529694	30.46613818156904	0.0014792599962940645
61.0	30.697970919435075	19.346940448719312	19.365595141788642	30.587625426216924	0.0018680638400439202
62.0	30.972979142294633	19.247296487573827	19.221279476650835	30.557796413647125	6.484798335741355E-4
63.0	30.60088627334429	19.401434832300765	19.34554675783036	30.652106202383294	2.5934141285570946E-5
64.0	30.688904751668982	19.346345710709738	19.21514501954657	30.749552660094015	5.185798069690384E-5
65.0	30.856755758992367	19.339367304146556	19.21990463726696	30.583946374536204	2.5925057916579386E-5
66.0	30.66839920692995	19.252244539089595	19.371479805563567	30.707824606996674	5.184142020607483E-5
67.0	30.780977024050454	19.504223518230987	19.08434674186662	30.630452715851934	0.0
68.0	30.889310518353753	19.276272044636293	19.47556711380005	30.358850323209907	0.0
69.0	30.634880083906545	19.37058690017339	19.400694177428765	30.59345019033396	3.8864815734135637E-4
70.0	30.752665718613798	19.436215118705665	19.26351370432098	30.547579550556613	2.590780293799667E-5
71.0	30.861587116709998	19.302681877200055	19.336618540505867	30.498853407085562	2.5905849851766725E-4
72.0	30.787085068622783	19.355351789378407	19.323799894671588	30.533763247327222	0.0
73.0	30.64543954492588	19.465660916934986	19.244910593787804	30.643988944351335	0.0
74.0	30.933714560436997	19.24234998637488	19.307341298417104	30.51659415477102	0.0
75.0	30.71660296148781	19.297436699778164	19.31852209511119	30.667438243622836	0.0
76.0	30.825028254924568	19.286553764400427	19.15006492868983	30.73830124373476	5.1808250412069874E-5
77.0	30.877429038389252	19.274310978568327	19.281253586258405	30.56700639678402	0.0
78.0	30.679566678963578	19.340148101785264	19.222636609700192	30.757622703137372	2.590641359900188E-5
79.0	30.616398607196153	19.484434587962195	19.357589951915106	30.54152503730724	5.181561930028188E-5
80.0	30.850035134412444	19.3067742049155	19.329186643533923	30.513952196470807	5.182066732582555E-5
81.0	30.642648541213724	19.398164823802873	19.391168246942886	30.567966561545255	5.182649525917135E-5
82.0	30.62027588262354	19.565222461951134	19.184507033127943	30.62996870565825	2.5916639130237592E-5
83.0	30.81822253695488	19.434917215058366	19.173431057131925	30.57322182673276	2.073641220669641E-4
84.0	30.538378978150632	19.371454792446567	19.341330250018146	30.7483693341491	4.6664523555214497E-4
85.0	30.720729130203672	19.41000609337119	19.218544591808953	30.650538679942436	1.8150467374534893E-4
86.0	30.830641967566674	19.25791181138058	19.287062330501012	30.624150478921763	2.334116299678748E-4
87.0	30.479928469468142	19.415574595662875	19.369661830435597	30.733953164310375	8.819401230098957E-4
88.0	30.555484206246724	19.59999242400066	19.199139034376618	30.64504704773424	3.372876417548609E-4
89.0	30.626544288794754	19.55780366547107	19.27819996880605	30.537322318390597	1.297585375278559E-4
90.0	30.56907766304754	19.437178619194377	19.373888925809318	30.618686606467904	0.0011681854808562955
91.0	30.556137648943416	19.537226668203914	19.31269009460554	30.593270446473852	6.751417732806411E-4
92.0	30.735143270297506	19.526362394511327	19.393810777176395	30.344138078108045	5.45479906728131E-4
93.0	30.512175773281196	19.507767046043618	19.332711966185293	30.647033404936934	3.1180955296124236E-4
94.0	30.403006380605124	19.690358185150874	19.329194309544086	30.576895285089428	5.458396104888539E-4
95.0	30.708888676830064	19.532524695824872	19.329762944522898	30.428667672241534	1.5601058063757886E-4
96.0	30.504461273461942	19.642739161038158	19.39198599111751	30.46037137480888	4.4219957351151725E-4
97.0	30.529840564598416	19.723212294551498	19.324604273937755	30.421796400765782	5.46466146552332E-4
98.0	30.539301429978337	19.613500511682794	19.444414795507814	30.402601030342492	1.8223248856426053E-4
99.0	30.508826399684757	19.504886105468827	19.46904867509593	30.5163012125605	9.376071899886472E-4
100.0	30.38874800795048	19.738175121086385	19.45590079202534	30.416628884170855	5.471947669419317E-4
101.0	30.554604025207993	19.61930443913673	19.40603129466001	30.419304230582135	7.560104131310145E-4
102.0	30.444028228386287	19.60718443051706	19.425338411737258	30.522562130071023	8.867992883696535E-4
103.0	30.44097418758333	19.793694821467575	19.364388191732083	30.400055532460524	8.872667564893777E-4
104.0	30.60953049871864	19.70022833404919	19.26141963986146	30.42853431473022	2.8721264048941033E-4
105.0	30.425055227084158	19.731404095059553	19.405658346552304	30.43764721126737	2.3512003661602704E-4
106.0	30.45022188403687	19.707725255362035	19.347524745487497	30.494162163942466	3.659511711352354E-4
107.0	30.66287244727151	19.588764856042854	19.43635964178105	30.310983009708735	0.0010200451958486776
108.0	30.372649561912805	19.683552370386828	19.576173311841817	30.36694431337203	6.804424865148076E-4
109.0	30.43157409858827	19.772254532951315	19.373553316892963	30.42188480795171	7.332436157394932E-4
110.0	30.44892574700848	19.714519619471304	19.483856461582082	30.352593348871604	1.0482306652543506E-4
111.0	30.373751998651	19.687390921581024	19.38696060025223	30.551555558236306	3.4092127944084714E-4
112.0	30.40027734744775	19.74260855142383	19.412195571941194	30.444498623891615	4.199052956093915E-4
113.0	30.55773985587295	19.576785028604267	19.558426400285335	30.30704871523745	0.0
114.0	30.522286805914412	19.641727852369986	19.634473357868945	30.201459415045928	5.256880073217825E-5
115.0	30.19958720970915	19.997074797327123	19.434604621504555	30.36865445412088	7.891733829705854E-5
116.0	30.536269728808364	19.694686274231028	19.523733546491084	30.24459957357918	7.108768903401309E-4
117.0	30.36343374651208	19.708650086287154	19.58796138066825	30.33963857158329	3.1621494921983185E-4
118.0	30.364554953578743	19.733240636757955	19.54229131797756	30.359570226886824	3.428647989150703E-4
119.0	30.42825524779386	19.65867560983594	19.587636758368646	30.325353187957553	7.919604399921015E-5
120.0	30.27495688398933	19.750369726232158	19.691102551764974	30.283385875810566	1.849622029738223E-4
121.0	30.23647991900369	19.88080656709107	19.696909185691393	30.184825728600472	9.785996133738067E-4
122.0	30.43620189825662	19.75894523648783	19.657837258250268	30.145930132507313	0.0010854744979680447
123.0	30.276457454068417	19.69951832294227	19.772160788704774	30.250034784106646	0.0018286501778958597
124.0	30.302866299491686	19.731702269905448	19.691270574002736	30.271958867912513	0.0022019886876147423
125.0	30.41078216538316	19.687150843923597	19.746136393393513	30.15401841379598	0.0019121835037522617
126.0	30.311579181332633	19.714755085996472	19.83631012913495	30.133367577186256	0.003988026349687698
127.0	30.28183277941273	19.89738517714325	19.735640538843597	30.082107295489646	0.0030342091107717884
128.0	30.294359737128275	19.704081450478927	19.854446892061166	30.144367344665678	0.002744575665952633
129.0	30.046673558542036	19.862793877346853	19.84593323773635	30.24334544969487	0.001253876679894621
130.0	30.243352082858678	19.82386361663466	19.835722853898737	30.096660796700352	4.006499075700663E-4
131.0	30.120978148514148	19.73394702743036	20.010430303508457	30.134510798707176	1.3372183985205016E-4
132.0	30.1116024087868	19.883363218228286	19.944257708481956	30.06021431432911	5.623501738465395E-4
133.0	29.994492216703115	19.958286720074824	20.00100287777655	30.046084110876453	1.3407456905752013E-4
134.0	30.110695142077205	19.816481933094206	20.046282298390324	30.025627654666813	9.12971771449869E-4
135.0	30.057611973610086	19.907283040836603	20.06397147501442	29.97051503894354	6.184715953474802E-4
136.0	30.004182253618	20.007007227246643	20.047779487244398	29.940519358879104	5.116730118608497E-4
137.0	30.111459492262565	19.732011732578133	20.10686086106335	30.049209399548225	4.5851454772259865E-4
138.0	29.90798573589799	19.764696347525394	20.263075426842448	30.06337799870326	8.644910309055544E-4
139.0	29.992401047183325	19.994176301117704	20.11121857651696	29.901933457204205	2.706179778017485E-4
140.0	30.04608702229686	19.812729279479196	20.285311717067597	29.85570931150885	1.6266964749758503E-4
141.0	29.979424002468903	19.906449029445355	20.249400432709912	29.864590702278843	1.3583309698374457E-4
142.0	29.991981190514117	19.910418053621193	20.28595428597879	29.811537555665378	1.0891422052134514E-4
143.0	29.94675402116079	19.89674615794578	20.358136680150622	29.796097005862464	0.0022661348803480782
144.0	29.755120536771624	19.92174590418665	20.356332681215868	29.96674611638722	5.4761438637754455E-5
145.0	29.8248342579314	19.999648278115288	20.361482167013488	29.81400781866758	2.747827224318051E-5
146.0	30.055460962973356	19.82435243980726	20.30932510985569	29.810806241858195	5.52455055018999E-5
147.0	29.85890076478601	19.852690773600195	20.46539877491787	29.82287057399015	1.3911270577551439E-4
148.0	29.816992580150625	20.01947298499779	20.241988915115513	29.921346641861863	1.9887787421144922E-4
149.0	28.864454893702867	20.24709949516473	21.543328809035227	29.345057114787053	5.9687310119744676E-5
