#Insert size (bp)	insert size
141.0	1.0
143.0	1.0
144.0	3.0
145.0	2.0
146.0	3.0
147.0	4.0
148.0	2.0
149.0	22.0
150.0	6794.0
151.0	13506.0
152.0	13524.0
153.0	13770.0
154.0	13712.0
155.0	13713.0
156.0	13939.0
157.0	13549.0
158.0	13569.0
159.0	13546.0
160.0	13376.0
161.0	13384.0
162.0	13369.0
163.0	13635.0
164.0	13486.0
165.0	13549.0
166.0	13472.0
167.0	13510.0
168.0	13417.0
169.0	13470.0
170.0	13222.0
171.0	13401.0
172.0	13344.0
173.0	13348.0
174.0	13480.0
175.0	13258.0
176.0	13451.0
177.0	13496.0
178.0	13452.0
179.0	13314.0
180.0	13196.0
181.0	13109.0
182.0	13129.0
183.0	13286.0
184.0	13128.0
185.0	13159.0
186.0	13207.0
187.0	13026.0
188.0	13256.0
189.0	13305.0
190.0	13324.0
191.0	12879.0
192.0	13088.0
193.0	12698.0
194.0	12826.0
195.0	13103.0
196.0	12921.0
197.0	13216.0
198.0	12803.0
199.0	12711.0
200.0	12842.0
201.0	12684.0
202.0	12634.0
203.0	12264.0
204.0	12561.0
205.0	12625.0
206.0	12416.0
207.0	12462.0
208.0	12667.0
209.0	12355.0
210.0	12636.0
211.0	12270.0
212.0	12284.0
213.0	12225.0
214.0	12208.0
215.0	12114.0
216.0	12170.0
217.0	11961.0
218.0	12044.0
219.0	12378.0
220.0	12098.0
221.0	11923.0
222.0	12034.0
223.0	11582.0
224.0	11462.0
225.0	11587.0
226.0	12022.0
227.0	11811.0
228.0	11585.0
229.0	11824.0
230.0	11662.0
231.0	11585.0
232.0	11508.0
233.0	11356.0
234.0	11130.0
235.0	11212.0
236.0	11347.0
237.0	10923.0
238.0	11109.0
239.0	11051.0
240.0	10961.0
241.0	11164.0
242.0	11015.0
243.0	11045.0
244.0	10870.0
245.0	10659.0
246.0	10734.0
247.0	10879.0
248.0	10593.0
249.0	10802.0
250.0	10789.0
251.0	10510.0
252.0	10435.0
253.0	10392.0
254.0	10488.0
255.0	10375.0
256.0	10204.0
257.0	10107.0
258.0	10128.0
259.0	10053.0
260.0	10268.0
261.0	10068.0
262.0	10069.0
263.0	9914.0
264.0	9713.0
265.0	9456.0
266.0	9334.0
267.0	9233.0
268.0	9168.0
269.0	9218.0
270.0	9142.0
271.0	9073.0
272.0	8796.0
273.0	8917.0
274.0	8846.0
275.0	8801.0
276.0	8881.0
277.0	8875.0
278.0	8764.0
279.0	8694.0
280.0	8743.0
281.0	8685.0
282.0	8705.0
283.0	8731.0
284.0	8676.0
285.0	8586.0
286.0	8620.0
287.0	8313.0
288.0	8523.0
289.0	8440.0
290.0	8239.0
291.0	8330.0
292.0	8378.0
293.0	8307.0
294.0	8221.0
295.0	8367.0
296.0	8177.0
297.0	8180.0
298.0	7997.0
299.0	7927.0
300.0	7918.0
301.0	7865.0
302.0	7937.0
303.0	7993.0
304.0	7879.0
305.0	7644.0
306.0	7801.0
307.0	7700.0
308.0	7736.0
309.0	7680.0
310.0	7643.0
311.0	7811.0
312.0	7424.0
313.0	7892.0
314.0	7405.0
315.0	7382.0
316.0	7504.0
317.0	7239.0
318.0	7230.0
319.0	7372.0
320.0	7247.0
321.0	7236.0
322.0	7044.0
323.0	7129.0
324.0	6993.0
325.0	6995.0
326.0	6985.0
327.0	7139.0
328.0	7066.0
329.0	6910.0
330.0	7034.0
331.0	6966.0
332.0	6870.0
333.0	6910.0
334.0	6723.0
335.0	6717.0
336.0	6696.0
337.0	6671.0
338.0	6692.0
339.0	6559.0
340.0	6596.0
341.0	6591.0
342.0	6421.0
343.0	6292.0
344.0	6240.0
345.0	6518.0
346.0	6409.0
347.0	6393.0
348.0	6143.0
349.0	6239.0
350.0	6314.0
351.0	6283.0
352.0	6076.0
353.0	5873.0
354.0	5911.0
355.0	6071.0
356.0	6084.0
357.0	5939.0
358.0	5894.0
359.0	5923.0
360.0	5835.0
361.0	5875.0
362.0	5736.0
363.0	5719.0
364.0	5793.0
365.0	5692.0
366.0	5773.0
367.0	5668.0
368.0	5583.0
369.0	5649.0
370.0	5579.0
371.0	5491.0
372.0	5571.0
373.0	5278.0
374.0	5484.0
375.0	5474.0
376.0	5190.0
377.0	5155.0
378.0	5163.0
379.0	5162.0
380.0	5152.0
381.0	5031.0
382.0	5024.0
383.0	5145.0
384.0	5094.0
385.0	5097.0
386.0	5057.0
387.0	4991.0
388.0	4964.0
389.0	4929.0
390.0	4945.0
391.0	4904.0
392.0	4701.0
393.0	4831.0
394.0	4720.0
395.0	4795.0
396.0	4745.0
397.0	4766.0
398.0	4540.0
399.0	4610.0
400.0	4626.0
401.0	4546.0
402.0	4541.0
403.0	4384.0
404.0	4472.0
405.0	4323.0
406.0	4414.0
407.0	4228.0
408.0	4323.0
409.0	4314.0
410.0	4196.0
411.0	4403.0
412.0	4171.0
413.0	4219.0
414.0	4095.0
415.0	4152.0
416.0	4158.0
417.0	3997.0
418.0	4074.0
419.0	4103.0
420.0	3992.0
421.0	3909.0
422.0	4030.0
423.0	3944.0
424.0	3867.0
425.0	3874.0
426.0	3755.0
427.0	3615.0
428.0	3829.0
429.0	3818.0
430.0	3544.0
431.0	3773.0
432.0	3713.0
433.0	3664.0
434.0	3595.0
435.0	3551.0
436.0	3477.0
437.0	3444.0
438.0	3443.0
439.0	3465.0
440.0	3452.0
441.0	3328.0
442.0	3428.0
443.0	3435.0
444.0	3265.0
445.0	3154.0
446.0	3297.0
447.0	3269.0
448.0	3101.0
449.0	3183.0
450.0	3222.0
451.0	3006.0
452.0	3121.0
453.0	3186.0
454.0	3112.0
455.0	3045.0
456.0	2970.0
457.0	2960.0
458.0	3022.0
459.0	2904.0
460.0	2953.0
461.0	3004.0
462.0	2809.0
463.0	2814.0
464.0	2822.0
465.0	2785.0
466.0	2817.0
467.0	2775.0
468.0	2657.0
469.0	2788.0
470.0	2661.0
471.0	2677.0
472.0	2663.0
473.0	2572.0
474.0	2566.0
475.0	2594.0
476.0	2619.0
477.0	2492.0
478.0	2514.0
479.0	2508.0
480.0	2411.0
481.0	2456.0
482.0	2456.0
483.0	2347.0
484.0	2365.0
485.0	2267.0
486.0	2335.0
487.0	2356.0
488.0	2246.0
489.0	2238.0
490.0	2335.0
491.0	2197.0
492.0	2169.0
493.0	2175.0
494.0	2191.0
495.0	2062.0
496.0	2078.0
497.0	2055.0
498.0	2016.0
499.0	2052.0
500.0	2035.0
501.0	2025.0
502.0	1952.0
503.0	2016.0
504.0	1962.0
505.0	1859.0
506.0	1870.0
507.0	1839.0
508.0	1882.0
509.0	1833.0
510.0	1829.0
511.0	1728.0
512.0	1719.0
513.0	1798.0
514.0	1740.0
515.0	1787.0
516.0	1684.0
517.0	1636.0
518.0	1662.0
519.0	1676.0
520.0	1714.0
521.0	1702.0
522.0	1611.0
523.0	1582.0
524.0	1650.0
525.0	1509.0
526.0	1577.0
527.0	1574.0
528.0	1507.0
529.0	1468.0
530.0	1497.0
531.0	1530.0
532.0	1417.0
533.0	1480.0
534.0	1425.0
535.0	1363.0
536.0	1322.0
537.0	1347.0
538.0	1321.0
539.0	1347.0
540.0	1290.0
541.0	1276.0
542.0	1320.0
543.0	1275.0
544.0	1240.0
545.0	1218.0
546.0	1215.0
547.0	1169.0
548.0	1127.0
549.0	1185.0
550.0	1223.0
551.0	1161.0
552.0	1074.0
553.0	1111.0
554.0	1045.0
555.0	1099.0
556.0	1048.0
557.0	1087.0
558.0	1012.0
559.0	1019.0
560.0	1016.0
561.0	956.0
562.0	1029.0
563.0	956.0
564.0	979.0
565.0	976.0
566.0	910.0
567.0	895.0
568.0	871.0
569.0	944.0
570.0	905.0
571.0	870.0
572.0	867.0
573.0	825.0
574.0	866.0
575.0	822.0
576.0	886.0
577.0	810.0
578.0	777.0
579.0	774.0
580.0	776.0
581.0	764.0
582.0	780.0
583.0	734.0
584.0	729.0
585.0	710.0
586.0	645.0
587.0	648.0
588.0	700.0
589.0	700.0
590.0	654.0
591.0	672.0
592.0	643.0
593.0	653.0
594.0	655.0
595.0	661.0
596.0	625.0
597.0	636.0
598.0	572.0
599.0	559.0
600.0	577.0
601.0	527.0
602.0	592.0
603.0	571.0
604.0	532.0
605.0	524.0
606.0	564.0
607.0	520.0
608.0	502.0
609.0	467.0
610.0	493.0
611.0	521.0
612.0	433.0
613.0	406.0
614.0	470.0
615.0	461.0
616.0	421.0
617.0	417.0
618.0	432.0
619.0	419.0
620.0	410.0
621.0	395.0
622.0	399.0
623.0	353.0
624.0	392.0
625.0	382.0
626.0	337.0
627.0	361.0
628.0	401.0
629.0	365.0
630.0	349.0
631.0	330.0
632.0	323.0
633.0	340.0
634.0	326.0
635.0	283.0
636.0	319.0
637.0	290.0
638.0	316.0
639.0	288.0
640.0	311.0
641.0	308.0
642.0	267.0
643.0	299.0
644.0	287.0
645.0	280.0
646.0	251.0
647.0	241.0
648.0	249.0
649.0	259.0
650.0	267.0
651.0	225.0
652.0	249.0
653.0	229.0
654.0	229.0
655.0	209.0
656.0	246.0
657.0	210.0
658.0	200.0
659.0	206.0
660.0	226.0
661.0	183.0
662.0	203.0
663.0	193.0
664.0	199.0
665.0	191.0
666.0	191.0
667.0	185.0
668.0	179.0
669.0	180.0
670.0	167.0
671.0	177.0
672.0	158.0
673.0	184.0
674.0	143.0
675.0	154.0
676.0	155.0
677.0	160.0
678.0	148.0
679.0	157.0
680.0	146.0
681.0	158.0
682.0	156.0
683.0	135.0
684.0	146.0
685.0	119.0
686.0	125.0
687.0	121.0
688.0	124.0
689.0	85.0
690.0	107.0
691.0	102.0
692.0	130.0
693.0	106.0
694.0	99.0
695.0	112.0
696.0	100.0
697.0	89.0
698.0	122.0
699.0	88.0
700.0	116.0
701.0	83.0
702.0	86.0
703.0	87.0
704.0	94.0
705.0	75.0
706.0	79.0
707.0	73.0
708.0	87.0
709.0	77.0
710.0	88.0
711.0	78.0
712.0	65.0
713.0	71.0
714.0	61.0
