#Position (bp)	insert size
15197.0	289.8536101560434
45590.0	298.281390856407
75983.0	301.05056463846284
106376.0	300.4128024980484
136769.0	293.6831683168317
167162.0	295.4254784187736
197555.0	299.60152325392966
221485.0	290.26922100989594
236681.5	302.762509525019
258341.0	295.374050350067
288734.0	293.7359986504723
319127.0	296.5101390983744
349520.0	298.70966729441307
379913.0	296.81900452488685
410306.0	297.3048839850722
440699.0	295.99844091050824
471092.0	290.4480452674897
501485.0	291.78583929992044
531878.0	294.6143338655313
562271.0	292.2634581105169
592664.0	295.7288440763414
623057.0	297.4369897053603
653450.0	297.39461655662774
683843.0	292.9499233520695
714236.0	296.67022927081535
744629.0	297.40753138075314
775022.0	298.3534909290819
805415.0	293.02315287708547
835808.0	295.15446459117345
866201.0	295.67922098825045
896594.0	298.9887379927128
926987.0	298.6741555624419
957380.0	291.893409275834
987773.0	294.9205740030035
1018166.0	293.06965401615605
1038382.5	283.88011283497883
1053579.0	286.84748793134276
1078952.0	295.18598478145464
1109345.0	299.67124631992147
1139738.0	291.67640573318636
1170131.0	287.169416761967
1200524.0	290.3920464243045
1230917.0	296.36072762709114
1261310.0	296.1610748679714
1291703.0	301.9673202614379
1322096.0	294.48147583473093
1348657.5	284.0172764227642
1363854.0	288.90736842105264
1382882.0	295.2313278008299
1413275.0	297.4286970283102
1443668.0	295.37001329787233
1474061.0	296.6051206302314
1504454.0	295.958244111349
1534847.0	295.95543883429343
1565240.0	295.73900049809066
1595633.0	295.34689953533086
1626026.0	293.6629729301884
1656419.0	298.3170813718897
1686812.0	292.5622349253181
1717205.0	298.85533357117373
1747598.0	300.0028720157961
1777991.0	293.53336800138675
1808384.0	283.7435633367662
1838777.0	294.08448333894313
1869170.0	287.4843800846079
1899563.0	299.72686384080686
1929956.0	293.09291876347953
1960349.0	290.3680781758958
1990742.0	291.9355833476101
2021135.0	292.34824533670565
2051528.0	295.42576687116565
2081921.0	296.25070051096094
2112314.0	306.2217194570136
2142707.0	294.2192019515595
2173100.0	295.35819672131146
2203493.0	292.10819672131146
2233886.0	294.0594703422642
2264279.0	297.1219241443108
2294672.0	296.6394796976622
2325065.0	290.80456299278643
2355458.0	290.49166072701354
2385851.0	293.43380376344084
2416244.0	294.9058073654391
2446637.0	292.98015221608716
2477030.0	293.15615168074186
2507423.0	296.9567061318254
2537816.0	295.6636258085918
2568209.0	292.06503541532516
2598602.0	294.7132142857143
2628995.0	295.01177609291824
2659388.0	297.7829652996845
2689781.0	291.2175712239376
2720174.0	291.58746476537885
2750567.0	300.1016976043154
2780960.0	300.42057847321007
2811353.0	292.7446085922907
2841746.0	291.22861613351876
2872139.0	290.1671473896741
2889645.5	310.8370817334065
2904842.0	299.9008940748598
2932925.0	292.82487394957985
2963318.0	301.22948849982834
2993711.0	296.29751924721984
3024104.0	298.51553216771345
3054497.0	295.2312090129477
3084890.0	295.1695574647431
3115283.0	293.6839732888147
3145676.0	292.8346573982125
3176069.0	293.94705364995605
3206462.0	290.0322825098515
3236855.0	292.3702878956577
3267248.0	298.92681651855725
3297641.0	302.88042186571596
3322340.5	288.15181058495824
3337537.0	204.14243102162564
3358427.0	232.43890410958903
3388820.0	216.9855274629468
3410819.5	225.0295416896742
3426016.0	288.219313304721
3449606.0	293.1784289659405
3479999.0	295.583416252073
3510392.0	296.72733278282413
3540785.0	290.316565481353
3571178.0	293.6538856555974
3601571.0	300.9621777476255
3631964.0	299.87448300665346
3662357.0	291.7425099866844
3692750.0	292.1100261551874
3723143.0	293.24552845528456
3753536.0	299.1072969086988
3783929.0	293.4435388011547
3814322.0	294.758423180593
3844715.0	291.6442356959863
3875108.0	294.7129642225548
3905501.0	294.59577133907595
3935894.0	297.84418566508117
3966287.0	295.55534531693473
3987990.0	288.9055528011899
4003186.5	290.68617137847906
4027073.0	295.09855537720705
4057466.0	297.87137559002025
4087859.0	294.73196708084555
4118252.0	292.80603872661635
4148645.0	288.29012148337597
4179038.0	297.1709605597964
4209431.0	295.4458739202353
4239824.0	299.255893832943
4259839.0	284.0861141011841
4275035.5	284.53121364870105
4300610.0	298.6927554980595
4331003.0	293.3097682119205
4361396.0	294.09553814713894
4391789.0	297.1182877023143
4422182.0	292.98484047241317
4452575.0	300.22393048128345
4482968.0	299.347426789118
4513361.0	302.19459371437875
4543754.0	294.47739115817785
4574147.0	292.09553601623264
4604540.0	293.59657452942173
4634933.0	293.6622050017612
4665326.0	296.8424634794157
4695719.0	292.4983230361871
4726112.0	297.6200462351387
4756505.0	293.8647766323024
4786898.0	297.7449498843485
4817291.0	290.4626096643921
4847684.0	290.26683977394225
4878077.0	296.3198455339154
4908470.0	294.8603973963686
4938863.0	297.0501244223249
4969256.0	295.5963606286187
4999649.0	294.7646960308156
5030042.0	288.09797639123104
5060435.0	296.5718495406483
5090828.0	291.87793713762585
5121221.0	295.6895975955919
5151614.0	293.2264993985221
5182007.0	290.0477685950413
5212400.0	296.0581932080448
5242793.0	297.1956778659463
5273186.0	291.89461358313815
5303579.0	298.72419213973797
5333972.0	292.01922210542125
5352383.0	298.7891538101917
5367579.5	289.7191489361702
5394758.0	297.63912678421497
5425151.0	301.1652936021034
5455544.0	288.0077315602289
5485937.0	293.4778578784758
5516330.0	295.84779683821057
5546723.0	297.38655047681686
5577116.0	287.04290865384615
5607509.0	294.7113007139126
5637902.0	292.98675259577516
5668295.0	296.7521815008726
5698688.0	296.5776905462872
5729081.0	286.81978975471384
5759474.0	293.9825121910207
5789867.0	294.9147358665431
5820260.0	292.68342036553526
5850653.0	295.5958724780533
5881046.0	299.430790525992
5907241.5	292.7130139203626
5922438.0	298.7617232176897
5941832.0	301.6594289113623
5972225.0	295.0618044855333
6002618.0	295.8775916404047
6033011.0	297.06438533895556
6063404.0	292.85176625949157
6093797.0	299.3650977792509
6124190.0	293.442014242116
6154583.0	294.9697536108751
6184976.0	293.814447592068
6215369.0	301.5334932644399
6245762.0	296.92955735364114
6276155.0	297.6195744680851
6306548.0	292.44196744515216
6336941.0	291.5216640502355
6367334.0	290.69180859691807
6397727.0	297.5707077594436
6428120.0	297.02631143471785
6458513.0	292.84423575129534
6488906.0	296.7768650461023
6519299.0	294.72795465910986
6549692.0	295.23522334185594
6580085.0	294.52387843704776
6610478.0	300.6136694134755
6640871.0	295.77693761814743
6660029.5	281.66954022988506
6675226.0	285.8781211803737
6701657.0	295.3258623430297
6732050.0	297.6053556485356
6762443.0	299.311433447099
6792836.0	294.35685231539424
6823229.0	295.9839494163424
6853622.0	292.8369916624128
6884015.0	293.55699930699933
6914408.0	296.95093666369314
6944801.0	292.5644499910858
6975194.0	288.04897888542746
7005587.0	296.5458269329237
7035980.0	292.20653233669157
7066373.0	293.17901828681426
7096766.0	294.48115183246074
7127159.0	295.39518317503394
7157552.0	292.6232024559703
7187945.0	296.080927667856
7218338.0	299.6789853855199
7248731.0	292.24258542875566
7279124.0	302.041346824843
7309517.0	295.5503336646315
7327760.5	273.81213411389035
7342957.0	296.79969856819895
7370303.0	293.1272757641557
7400696.0	298.3803650715343
7431089.0	299.9214285714286
7461482.0	293.4718234027279
7491875.0	290.93906691017764
7522268.0	295.81914546640576
7552661.0	292.82105263157894
7583054.0	294.6881776845051
7613447.0	293.42971190558836
7643840.0	297.9940199335548
7674233.0	300.77012434554973
7704626.0	296.319124038783
7735019.0	295.8638622060285
7765412.0	288.43620230700975
7795805.0	296.49842058763016
7826198.0	279.79858735238935
7856591.0	296.4239729681665
7886984.0	297.3355294117647
7917377.0	291.4266955044029
7947770.0	297.40210422488906
7978163.0	297.45366824934905
8008556.0	290.37372990947716
8038949.0	292.3496247163554
8069342.0	291.0671524222135
8099735.0	297.9513395297977
8130128.0	295.72864885068213
8160521.0	294.73241061130335
8190914.0	293.27225386493086
8221307.0	302.7809222573664
8251700.0	293.37771650989293
8282093.0	295.03063527894227
8312486.0	292.0670916818458
8342879.0	295.546239654552
8373272.0	290.1944304646871
8398726.5	295.09834238751915
8413923.0	286.79658232007887
8434058.0	299.25201889379855
8464451.0	298.99153886832363
8494844.0	294.68809849521205
8525237.0	297.84459886291853
8555630.0	296.4756195043965
8586023.0	290.2083395606038
8616416.0	295.5337509788567
8646809.0	294.71491228070175
8677202.0	294.2899045020464
8707595.0	292.56103663985704
8737988.0	295.7442562468556
8768381.0	290.83586675291076
8798774.0	295.77667865707434
8829167.0	293.1065497294271
8859560.0	296.27769347496206
8889953.0	293.1371409028728
8920346.0	293.7146922803273
8950739.0	291.732531399257
8981132.0	291.89522240527185
9011525.0	299.17183051415174
9041918.0	294.2113347457627
9072311.0	294.38972370334466
9102704.0	299.87641950567803
9133097.0	297.7672032549089
9163490.0	296.23434583404037
9193883.0	294.20023224950233
9224276.0	293.7640784313725
9254669.0	294.66726065122305
9285062.0	296.53333333333336
9315455.0	297.3606034232666
9332033.5	272.9142857142857
9347230.0	299.29646182495344
9376241.0	295.2879671976029
9406634.0	299.5898573692551
9437027.0	294.0124737210932
9467420.0	297.5031558504612
9497813.0	295.34247933884296
9528206.0	300.2130914265386
9558599.0	298.3612565445026
9588992.0	298.08374978459415
9619385.0	294.18395667625657
9649778.0	296.2303092431232
9680171.0	292.28799342105265
9710564.0	294.5605413105413
9740957.0	290.1832535036367
9771350.0	295.2660414610069
9801743.0	296.4865431667249
9832136.0	297.5921375921376
9862529.0	297.5752671755725
9892922.0	292.50564753210585
9923315.0	296.3432955090299
9953708.0	293.05211339331186
9984101.0	298.1656699531275
1.0014494E7	295.7234305105661
1.0044887E7	294.12326043737573
1.007528E7	293.10271019402524
1.01041125E7	291.1389323843416
1.0119309E7	266.78001679261126
1.0136066E7	289.53366067967437
1.0166459E7	296.0107579462103
1.0196852E7	290.9666246851385
1.0227245E7	291.73484054499175
1.0257638E7	293.4997432825603
1.0288031E7	296.2438391699092
1.0318424E7	297.641316872428
1.0348817E7	292.6532160717365
1.037921E7	296.5311782370606
1.0409603E7	291.44729576092254
1.0439996E7	292.959965034965
1.0470389E7	294.25181769817345
1.0500782E7	296.8541926295175
1.0531175E7	294.8702445652174
1.0561568E7	294.44947368421055
1.0591961E7	296.43328207756707
1.0622354E7	296.29810862398057
1.0652747E7	298.72217516517026
1.068314E7	297.76089176310415
1.0713533E7	293.2407294832827
1.0743926E7	294.2292105689739
1.0774319E7	295.0104185378121
1.0804712E7	297.23937319884726
1.0835105E7	292.41598721023183
1.0865498E7	294.115544472153
1.0895891E7	294.59233634912187
1.0926284E7	291.4903365544818
1.0956677E7	295.4538670284939
1.098707E7	295.4691378731969
1.1017463E7	296.43564899451553
1.1047856E7	298.53237650200265
1.1078249E7	297.9839382239382
1.1108642E7	291.5873317224715
1.1139035E7	295.2014925373134
1.1169428E7	295.1757585539057
1.1196832E7	292.6091568955891
1.12120285E7	305.74142259414225
1.1230214E7	288.24561657730766
1.1260607E7	289.62124367747697
1.1291E7	300.2707985299031
1.1321393E7	300.2213432353891
1.1351786E7	299.32800134702813
1.1382179E7	292.5186211675039
1.1412572E7	290.1092941765393
1.1442965E7	293.5406239844004
1.1473358E7	298.3093525179856
1.1503751E7	293.8944618599791
1.1534144E7	297.5079589671029
1.1564537E7	294.71220930232556
1.159493E7	297.4877034984413
1.1625323E7	293.9334975369458
1.1655716E7	284.4548161120841
1.1686109E7	294.6507089241034
1.1716502E7	295.5321851078636
1.1746895E7	298.1534826741337
1.1777288E7	292.3105300859599
1.1807681E7	291.5355374823197
1.1838074E7	294.329240340537
1.1868467E7	293.27015851137145
1.189886E7	295.24232437120554
1.1929253E7	296.6484756611083
1.1959646E7	297.9071604938272
1.1990039E7	289.88865210442196
1.2020432E7	293.09498467989033
1.2050825E7	290.30561526061257
1.2081218E7	292.35358596930786
1.2111611E7	300.2737367235275
1.21419565E7	293.80513201933803
