# Position (bp)	A	C	G	T	N
0.0	25.82024999994859	22.405549851628205	34.68309754168157	17.08976601651491	0.0013365902267288847
1.0	22.683933296209254	20.389043834728632	12.28785397652374	44.63903125029495	1.37642243426993E-4
2.0	31.740820147698656	21.313658441166112	13.571863718455079	33.373503365678985	1.5432700116786957E-4
3.0	21.071058384224614	23.696294205917955	10.464299266392073	44.7679269478288	4.211956365663672E-4
4.0	40.50218074376203	9.951096163826708	10.253287119703513	39.29322639572555	2.0957698219815007E-4
5.0	44.34601832249518	10.53422086910276	23.824668188799617	21.28799911084575	0.007093508756689994
6.0	34.791146707809595	14.150765379437614	21.64384519973983	29.414110359849342	1.3235316361876238E-4
7.0	40.04867330729579	15.636007687561568	20.61597039625035	23.699348608892286	0.0
8.0	19.023043000556886	32.59173552475128	23.116599689950483	25.268565343688387	5.6441052964284106E-5
9.0	29.913712754875576	20.241321143416776	12.989106883076989	36.855859218630656	0.0
10.0	27.546701537047717	15.138632626818335	28.65810123579221	28.65656460034173	0.0
11.0	27.131434609141348	18.639893486964333	18.722281327536752	35.506390576357575	0.0
12.0	25.109580229462907	20.83591392563561	23.398712903907832	30.655792940993653	0.0
13.0	23.800906260012106	26.616884155891047	18.598993185333494	30.983216398763357	0.0
14.0	32.89583358162706	20.6703595392463	20.362202196505613	26.07160468262103	0.0
15.0	32.94672275802253	19.043749249174976	19.5695034308287	28.440024561973793	0.0
16.0	31.939593117496123	18.662592542517928	18.62661926191817	30.771176506420588	1.8571647186246877E-5
17.0	31.93912266390373	18.41164187332116	18.795329421152264	30.85383184892289	7.419269995767306E-5
18.0	31.567331658349175	18.504011403033275	19.28467233878895	30.6439845998286	0.0
19.0	30.97074662967837	19.05976649411054	19.277632788525732	30.691854087685357	0.0
20.0	30.701893817295723	19.153940671826067	19.489421208742787	30.654744302135423	0.0
21.0	30.4684535956094	19.343149177482577	19.463614845136537	30.724763919600196	1.846217128796353E-5
22.0	30.67778884085599	19.453342138715758	19.18971548053727	30.67909821425443	5.5325636553721846E-5
23.0	30.92481582403557	19.322259716434694	19.348677814711124	30.404246644818617	0.0
24.0	30.564317784129933	19.453901925694502	19.32220471003424	30.658931448985914	6.441311554093397E-4
25.0	30.73794053520485	19.581879598488808	19.273099790757787	30.407061690326305	1.8385222252516983E-5
26.0	30.90425093246693	19.276162844625215	19.473814425718473	30.345588123198965	1.836739904221361E-4
27.0	30.522066982365825	19.497631338808738	19.49634686514109	30.483954813684345	0.0
28.0	30.889535603147618	19.480029514612944	19.37669170520218	30.25348652822908	2.56648808187097E-4
29.0	30.84097942501244	19.311759257682127	19.620460078692613	30.226801238612822	0.0
30.0	30.50144961961096	19.558528014358764	19.540246502128177	30.399428167473292	3.476964288099797E-4
31.0	30.64582278531932	19.691850798650364	19.261391260877826	30.400935155152485	0.0
32.0	30.74378362458886	19.54867162377475	19.382799301432524	30.32454448142473	2.0096877913476361E-4
33.0	30.453918216259446	19.42401718050391	19.61533357053158	30.50632941432905	4.0161837601228366E-4
34.0	30.53551216816076	19.558110115858145	19.532937441343563	30.371780337405045	0.00165993723248333
35.0	30.64425076926975	19.30590459760917	19.663448016395048	30.382550495830607	0.0038461208954279832
36.0	30.712466534084143	19.443164319149624	19.527136490662695	30.3140814227691	0.00315123333443839
37.0	30.586609848157327	19.526769290700035	19.57804793470119	30.30598806046766	0.002584865973789095
38.0	30.77011237892805	19.438203596256677	19.534639102715	30.25411601877263	0.0029289033276344027
39.0	30.548473573546005	19.48026140558682	19.554566916321303	30.413116458934255	0.0035816456116205308
40.0	30.618009326077093	19.32436363596719	19.526217258748215	30.522869748357994	0.008540030849498673
41.0	30.782711245666288	19.38458984854189	19.435166081634943	30.38861615254155	0.008916671615328612
42.0	30.528571234101253	19.550011570975457	19.560920051366057	30.3508229005486	0.009674243008635123
43.0	30.456687862384275	19.725750356885186	19.499890879939453	30.306695400104168	0.010975500686921214
44.0	30.763894278227177	19.45258788570235	19.57304110749512	30.19702252255846	0.013454206016895
45.0	30.526975689881375	19.589225636823688	19.565700826395055	30.30247505291723	0.015622793982650724
46.0	30.597888144139677	19.6369225317705	19.39789988331477	30.353720548574554	0.013568892200495692
47.0	30.742372470090157	19.568360305155522	19.47552073996411	30.200817393792224	0.012929090997984581
48.0	30.535564149230687	19.42040658963733	19.485061274432166	30.54079516936106	0.018172817338750185
49.0	30.531064638831428	19.722125271785394	19.336247455390286	30.394115738737902	0.0164468952549893
50.0	30.62564172683548	19.45946366331725	19.547110187741897	30.351217311834432	0.01656711027093917
51.0	30.42982246954512	19.60609294689201	19.603109788718275	30.342117619237285	0.018857175607312242
52.0	30.656763199326498	19.626299301430343	19.45295368033665	30.24777163851645	0.016212180390057472
53.0	30.659981223616033	19.458563671672017	19.6742427472784	30.198142164256502	0.009070193177046559
54.0	30.46459233495169	19.43623444869861	19.528426434173316	30.56149868331999	0.009248098856396714
55.0	30.414706767693893	19.70384872423962	19.531653891998666	30.340635542667428	0.009155073400394698
56.0	30.61732977244262	19.398556315640683	19.61550973221471	30.361347125827564	0.007257053874418307
57.0	30.430335930929687	19.71241756932839	19.558366510137123	30.29610071791836	0.0027792716864404026
58.0	30.31854787419745	19.78128983427139	19.619683914915576	30.27818698979431	0.002291386821278143
59.0	30.667284534408456	19.511915750161847	19.536664131100036	30.28251214826228	0.00162343606737404
60.0	30.38502669939243	19.678561316629008	19.676920219221756	30.257922803499326	0.0015689612574773626
61.0	30.40521145857374	19.58043647588276	19.699562225940458	30.313347420955456	0.0014424186475882762
62.0	30.68511548085174	19.54406155133003	19.464111882665975	30.30609816773747	6.129174147864523E-4
63.0	30.31935199554443	19.682396347585033	19.531444041304155	30.46671749478651	9.012077986918067E-5
64.0	30.4651657328631	19.616254489555757	19.495746072708727	30.42283370487242	0.0
65.0	30.62231959564443	19.613032542435548	19.51946108027199	30.24518678164803	0.0
66.0	30.43536697002252	19.57112797896105	19.612205603600565	30.381191348403657	1.0809901220924293E-4
67.0	30.55788035225143	19.831778791921547	19.310563976263413	30.299776879563602	0.0
68.0	30.64514502145944	19.53655958679133	19.799984437670346	30.01831095407888	0.0
69.0	30.357143500366508	19.66491907088659	19.69469003438159	30.2825990249244	6.48369440907429E-4
70.0	30.44695116823065	19.731508379827904	19.51714801850382	30.30439243343762	0.0
71.0	30.648598838718023	19.490073925792558	19.623677359323363	30.23743377679925	2.1609936681084697E-4
72.0	30.461745242476624	19.635251889116603	19.67956822455723	30.223434643849544	0.0
73.0	30.411107845806555	19.766731204450803	19.546683290908383	30.27547765883426	0.0
74.0	30.692400528559922	19.3971153939655	19.658910300759814	30.251573776714768	0.0
75.0	30.444987433401167	19.60097694793987	19.652856823608243	30.30117879505072	0.0
76.0	30.52096884098371	19.566710461298655	19.487476752109416	30.42482593794704	1.8007661179372153E-5
77.0	30.554907775883162	19.553075844965306	19.672539422170125	30.219476956981406	0.0
78.0	30.44584151979067	19.665632366686054	19.476631003427055	30.41187710139081	1.800870540819432E-5
79.0	30.284322020315095	19.801455791560095	19.60755075262241	30.3066714355024	0.0
80.0	30.616121545739404	19.560416443787908	19.68346353055087	30.139944448706906	5.403121491347982E-5
81.0	30.315671616788986	19.726765207999883	19.672116088131702	30.2854290748448	1.801223463025025E-5
82.0	30.31251221574139	19.891469273796357	19.513481584921852	30.282536925540406	0.0
83.0	30.623745166232595	19.72085218436562	19.446031878723062	30.209208624176114	1.621465026080364E-4
84.0	30.30170837139825	19.7246352525258	19.55969029123939	30.41369580141737	2.702834191933662E-4
85.0	30.445561104011592	19.74713505815847	19.50998857249133	30.29718911400494	1.2615133366288868E-4
86.0	30.506838949877018	19.56318535044774	19.5652941903803	30.364501266565657	1.80242729278665E-4
87.0	30.19185812579409	19.739026222845876	19.699114367835154	30.369280202133535	7.210813913409662E-4
88.0	30.237670366309537	19.948267384706426	19.487790853972196	30.326000940101267	2.704549105686747E-4
89.0	30.362347564109548	19.887277421328093	19.56360531912937	30.18671559378899	5.4101644004690256E-5
90.0	30.324640221101028	19.724810606846347	19.68987124746861	30.259649765841356	0.0010281587426592621
91.0	30.329194496465572	19.832985122559368	19.576590132464432	30.260598778195146	6.314703154825696E-4
92.0	30.53508748184041	19.79700964601211	19.721158965196757	29.94611226911381	6.316378369111105E-4
93.0	30.183937115330984	19.76532876988049	19.66395079846886	30.38644033529103	3.4298102863620817E-4
94.0	30.114469943401524	20.02591124990633	19.680903408819034	30.178173699268797	5.41698604313546E-4
95.0	30.426915491637452	19.78098552360152	19.701404977739664	30.090585635874028	1.0837114733798016E-4
96.0	30.23090937867447	20.050437124151642	19.638932632219486	30.07937758319524	3.4328175916363557E-4
97.0	30.28091159863028	20.00114583290033	19.72565796381879	29.99156168168509	7.22922965509526E-4
98.0	30.31751326324087	19.88310088198631	19.703214364164438	30.09573759347997	4.33897128414567E-4
99.0	30.21220122212249	19.82482923038331	19.818209867444544	30.14398199533281	7.77684716849516E-4
100.0	30.16366659489894	20.033598150202007	19.75269083731222	30.049230245934115	8.141716527141769E-4
101.0	30.2582768691113	19.945066729895736	19.793226465347242	30.00245253973612	9.773959095981184E-4
102.0	30.169489745365208	19.878875365409186	19.77423216991491	30.17646112973366	9.415895770379621E-4
103.0	30.17512783645484	20.057429713273525	19.730735041273416	30.035439324988012	0.0012680840102033664
104.0	30.372458044032086	19.980919755501745	19.67024958909874	29.976082638046787	2.8997332064216767E-4
105.0	30.09343706687535	19.974938152248097	19.77022952750566	30.161177671130247	2.175822406474087E-4
106.0	30.112058741042574	19.96026823566803	19.795822776956808	30.131505573004898	3.4467332769036577E-4
107.0	30.38208264772407	19.86457333959139	19.848420004145417	29.903925768708195	9.982398309308423E-4
108.0	30.117106676250017	19.888105086571557	19.928346432956936	30.06564278831853	7.990159029587923E-4
109.0	30.167085774088985	20.031360379086298	19.795576115237584	30.00539631088565	5.814207014840764E-4
110.0	30.21818390058602	19.92453598539078	19.898611705739427	29.95835935305651	3.090552272601254E-4
111.0	30.067503407186635	19.934261126201612	19.767740109335584	30.23020430022244	2.91057053731315E-4
112.0	30.134372832732947	19.965269118822206	19.788520242388056	30.111437345162706	4.004608940835543E-4
113.0	30.337495339304972	19.755754990700467	19.967829137053304	29.938884103473534	3.642946772358267E-5
114.0	30.268457697006106	19.823097598345843	20.049734775810737	29.858564111126217	1.4581771109209812E-4
115.0	29.932054932447098	20.30891749371166	19.751330172899674	30.00766092036838	3.648057318276585E-5
116.0	30.348402925080407	19.97438911747418	19.836020985224913	29.84029250804105	8.944641794477688E-4
117.0	30.14709482334664	19.87893788030583	19.955154329174675	30.01848413302145	3.2883415139962777E-4
118.0	30.13099973617588	19.96803029424891	19.884641395741117	30.016127460507285	2.011133268111672E-4
119.0	30.241850044701657	19.819301380646216	19.91966510537185	30.019091980014352	9.148926593038545E-5
120.0	30.08217523366796	19.940166936298812	20.108612247245045	29.868880763501537	1.6481928664015152E-4
121.0	29.9723020935922	20.063431523337194	20.100072457033967	29.863295774085092	8.981519515467184E-4
122.0	30.172170855016294	19.913894390916383	20.08701561466841	29.826075182606566	8.439567923477336E-4
123.0	30.066504334360722	19.865408288276907	20.178215381631816	29.888568097202512	0.00130389852804548
124.0	30.095246848618817	19.88128840135476	20.122700514239234	29.89890764373653	0.0018565920506610663
125.0	30.08139954668854	19.937221625436962	20.215379984153603	29.764250808788162	0.0017480349327300957
126.0	30.017356023560577	19.936569379244496	20.211469784255215	29.83060793602934	0.003996876910373627
127.0	29.98668395920446	20.092452633283024	20.161226978571538	29.756760075625966	0.0028763533150156337
128.0	30.064443583900513	19.878614084561118	20.203859084249178	29.85066527470199	0.0024179725872048273
129.0	29.832066462405365	20.092859932941884	20.24023553488881	29.83334140179031	0.0014966679736335144
130.0	30.034931264971306	20.020278373490196	20.232496491242024	29.711997889658047	2.959806384265373E-4
131.0	29.909391352499586	19.905659591136	20.36669416872932	29.818051168652467	2.0371898262740076E-4
132.0	29.88428744980709	20.031087341225753	20.314778335353164	29.769272074867718	5.747987462712249E-4
133.0	29.783074751288208	20.180204197264448	20.371365302802012	29.66531861916965	3.7129475679822134E-5
134.0	29.888531823248048	19.977742054690527	20.48095304305929	29.651936593668143	8.364853339955819E-4
135.0	29.83314248445041	20.065656731108568	20.48172094567731	29.618940051611098	5.397871526190473E-4
136.0	29.747763958403578	20.22061543961397	20.478389047287013	29.552691031584626	5.405231108111519E-4
137.0	29.927294101528428	19.906009272890618	20.48398299378964	29.682228316045826	4.8531574549071674E-4
138.0	29.71528153481988	19.88613654267711	20.663858278992016	29.733938481429234	7.851620817563103E-4
139.0	29.734141542146446	20.24499040294164	20.49274823389223	29.527988752034144	1.3106898553915883E-4
140.0	29.885009392634636	20.014180392980705	20.712283390276866	29.388470552707073	5.6271400717085216E-5
141.0	29.788650723713552	20.06832425719734	20.57299462873915	29.56995521788082	7.517246913559366E-5
142.0	29.782684108888457	20.063828256565035	20.698683245591138	29.454785556116775	1.883283859466345E-5
143.0	29.719171300635377	19.996408878792295	20.815267589508036	29.46705646632163	0.002095764742666523
144.0	29.514838703326085	20.08400448382357	20.789917038662093	29.611220842320453	1.8931867804825316E-5
145.0	29.57330450252225	20.137032460114824	20.778127990414717	29.511535046948207	0.0
146.0	29.83908740103287	19.959495099216205	20.765661341467652	29.435756158283272	0.0
147.0	29.59280076502247	20.066391868811788	20.90179502447184	29.43891627196418	9.606972971550103E-5
148.0	29.583763350122368	20.147406324946658	20.70219903970268	29.566552877608647	7.840761965247783E-5
149.0	28.89940859040771	20.396716806589566	21.805390635867532	28.89846341995136	2.0547183833804514E-5
