#Position (bp)	insert size
15197.0	261.06193830459074
45590.0	268.74344978165936
75983.0	269.4183892839425
106376.0	270.42265932336744
136769.0	266.49710577091736
167162.0	265.65207995678014
197555.0	271.74050915587316
221485.0	260.18132896583995
236681.5	269.95564700502973
258341.0	265.93518256439285
288734.0	265.5430912242004
319127.0	268.2412335629305
349520.0	267.8138923267327
379913.0	266.605766062603
410306.0	265.61382878645344
440699.0	267.40725868725866
471092.0	260.73366750208857
501485.0	261.61410918191774
531878.0	264.56021034180543
562271.0	263.33911997249913
592664.0	265.8720787207872
623057.0	266.0302923564635
653450.0	265.22094171880144
683843.0	264.0701813866757
714236.0	266.1939444911691
744629.0	268.63844241922124
775022.0	266.2166577872492
805415.0	260.6786991869919
835808.0	265.52955584585237
866201.0	263.05085543870666
896594.0	268.1494215414698
926987.0	268.26511412708203
957380.0	261.27487352445195
987773.0	266.9109756097561
1018166.0	264.40507206208423
1038382.5	255.92138688637144
1053579.0	254.75272479564032
1078952.0	266.1292932628798
1109345.0	269.69127516778525
1139738.0	267.18380855397146
1170131.0	257.89155874551415
1200524.0	260.7862670838136
1230917.0	263.73869900771774
1261310.0	269.01328747850556
1291703.0	266.32295415427944
1322096.0	263.680056980057
1348657.5	255.98834498834498
1363854.0	262.0325950689511
1382882.0	265.577614379085
1413275.0	267.3821540491506
1443668.0	264.6032625423207
1474061.0	267.35081547809403
1504454.0	264.9763600545537
1534847.0	264.34597228567077
1565240.0	266.23091572766225
1595633.0	264.96380162653486
1626026.0	264.29460513487163
1656419.0	266.87465229485395
1686812.0	261.412250137539
1717205.0	267.4854625550661
1747598.0	270.4614288259398
1777991.0	263.7952597075139
1808384.0	258.6893554206987
1838777.0	264.3880347593583
1869170.0	261.8965724594107
1899563.0	268.6370198855898
1929956.0	264.2634943181818
1960349.0	261.2680272108843
1990742.0	260.65039823758684
2021135.0	261.8874151758174
2051528.0	266.79354736172917
2081921.0	268.5323619112165
2112314.0	273.38359310910585
2142707.0	265.4233498935415
2173100.0	263.0334687246141
2203493.0	263.893143056039
2233886.0	267.5474157303371
2264279.0	268.15559502664297
2294672.0	267.53624935422766
2325065.0	262.45630577538304
2355458.0	260.3595411303861
2385851.0	265.01911886949296
2416244.0	267.53300647872527
2446637.0	263.40220344099004
2477030.0	264.29622199933135
2507423.0	263.59598494353827
2537816.0	262.75147269543066
2568209.0	264.4296790200031
2598602.0	263.8906303823631
2628995.0	266.242449249051
2659388.0	268.4256705561449
2689781.0	263.3166354556804
2720174.0	261.30848045397227
2750567.0	268.81990893389855
2780960.0	267.604020421187
2811353.0	265.93331206126356
2841746.0	265.5501138952164
2872139.0	259.0472268691288
2889645.5	276.3167835941716
2904842.0	268.0123979437557
2932925.0	265.24833462432224
2963318.0	268.40270812437313
2993711.0	267.4937027707808
3024104.0	266.606434839129
3054497.0	267.1274229424849
3084890.0	264.64122368620326
3115283.0	265.00814088719056
3145676.0	266.9240320209116
3176069.0	261.77027707808566
3206462.0	262.6516253525308
3236855.0	263.5642352941176
3267248.0	270.08663967611335
3297641.0	273.15170704845815
3322340.5	259.79945105215006
3337537.0	217.57061611374408
3358427.0	221.90639464501888
3388820.0	217.65129756898145
3410819.5	217.1324152542373
3426016.0	259.0121975604879
3449606.0	265.41372912801484
3479999.0	265.21155347384854
3510392.0	266.26205055738734
3540785.0	259.6976067270375
3571178.0	262.12865883909376
3601571.0	267.05927750410507
3631964.0	266.1198312236287
3662357.0	262.62548015364916
3692750.0	263.62966569295685
3723143.0	263.61704491350577
3753536.0	270.1656129258869
3783929.0	265.8829856584094
3814322.0	264.93177141047966
3844715.0	259.38785703137194
3875108.0	264.81846799580273
3905501.0	263.99774164408313
3935894.0	269.85619735258723
3966287.0	264.4459021226415
3987990.0	258.35866760497305
4003186.5	263.3110507624817
4027073.0	263.4133491194317
4057466.0	266.3967234179248
4087859.0	262.70630018529954
4118252.0	263.4029103426694
4148645.0	261.2995253164557
4179038.0	266.48027734976887
4209431.0	267.9467089876378
4239824.0	266.28633405639914
4259839.0	255.91008462623412
4275035.5	255.55032842180012
4300610.0	269.8937212409084
4331003.0	264.1388641094261
4361396.0	263.63356780631443
4391789.0	267.8518238232178
4422182.0	262.28635851183765
4452575.0	266.3819182389937
4482968.0	268.0174878089793
4513361.0	268.95512517713746
4543754.0	264.35716510903427
4574147.0	260.56440281030444
4604540.0	263.2536472148541
4634933.0	265.4485836909871
4665326.0	262.84590001649894
4695719.0	264.46034816247584
4726112.0	269.96830985915494
4756505.0	264.25895173845356
4786898.0	276.7748761819
4817291.0	262.3602383531961
4847684.0	259.6749153041685
4878077.0	265.92425759092424
4908470.0	264.4273684210526
4938863.0	266.93645251396646
4969256.0	265.06921401039045
4999649.0	264.54140127388536
5030042.0	261.36155143338954
5060435.0	266.0166833500167
5090828.0	261.31868619618285
5121221.0	262.6973008776287
5151614.0	260.8290078843627
5182007.0	261.52756653992395
5212400.0	265.02942122186494
5242793.0	265.94719580190224
5273186.0	264.673720242726
5303579.0	265.26984908136484
5333972.0	262.160016286645
5352383.0	267.4450069028992
5367579.5	260.08277027027026
5394758.0	265.6563808342379
5425151.0	265.9399141630901
5455544.0	260.36100131752306
5485937.0	260.63552021206095
5516330.0	270.6991545701069
5546723.0	265.88821205136645
5577116.0	257.95354838709676
5607509.0	266.54755043227664
5637902.0	267.44412510566355
5668295.0	265.06760653636655
5698688.0	267.12615534295446
5729081.0	259.9576935130053
5759474.0	263.0109712810584
5789867.0	260.68288641156977
5820260.0	262.8472433749619
5850653.0	265.35298409455714
5881046.0	266.93414358394574
5907241.5	260.8457142857143
5922438.0	265.0933734939759
5941832.0	269.38598656245716
5972225.0	262.21246458923514
6002618.0	264.6306378865979
6033011.0	266.95922178988326
6063404.0	265.9924738219895
6093797.0	268.2445552784705
6124190.0	264.51999370277076
6154583.0	262.9755648535565
6184976.0	267.10546941557334
6215369.0	267.8834829443447
6245762.0	264.39586228192064
6276155.0	268.53199602122015
6306548.0	262.45874916833003
6336941.0	265.8065279091769
6367334.0	259.39467427484544
6397727.0	268.6552774466958
6428120.0	266.67716029553486
6458513.0	263.17317728926145
6488906.0	271.56147000659195
6519299.0	264.4383916990921
6549692.0	266.3026472337894
6580085.0	267.86433990895296
6610478.0	269.2556923076923
6640871.0	265.1190956802584
6660029.5	255.52158128277532
6675226.0	257.4126854720365
6701657.0	268.3369565217391
6732050.0	268.6043834752444
6762443.0	267.3608874281019
6792836.0	261.63792085056116
6823229.0	263.64413425345043
6853622.0	262.4982405630198
6884015.0	264.06286870048876
6914408.0	266.4455213903743
6944801.0	266.6457376212353
6975194.0	260.97706198145437
7005587.0	263.2339551600205
7035980.0	265.41704598964054
7066373.0	262.8125
7096766.0	263.67676767676767
7127159.0	262.9051766639277
7157552.0	264.0865279299014
7187945.0	266.27720576587996
7218338.0	269.8434709351306
7248731.0	264.05266428460465
7279124.0	266.37997030193037
7309517.0	269.7719684224149
7327760.5	250.4860907759883
7342957.0	264.9136660051035
7370303.0	264.4371618488174
7400696.0	268.4901780233272
7431089.0	266.99517657192075
7461482.0	264.6765583554377
7491875.0	260.5973316187108
7522268.0	263.3222274362584
7552661.0	259.86950170426877
7583054.0	265.60701695484306
7613447.0	264.13074204947
7643840.0	269.61217362381507
7674233.0	267.3799206086669
7704626.0	265.0675765645806
7735019.0	265.68376928236086
7765412.0	261.3230222222222
7795805.0	268.23625416540443
7826198.0	252.77794600050467
7856591.0	264.8366972477064
7886984.0	267.22846870403663
7917377.0	265.95697602950213
7947770.0	269.63908327501747
7978163.0	266.5440991839297
8008556.0	259.98742246726397
8038949.0	265.0341552815728
8069342.0	264.00752870318087
8099735.0	265.1419014084507
8130128.0	264.2403511980977
8160521.0	263.03192182410424
8190914.0	264.173045734674
8221307.0	271.4673821901727
8251700.0	265.21220371556694
8282093.0	266.87014009129547
8312486.0	260.52902581657395
8342879.0	264.1007984031936
8373272.0	263.84285277947464
8398726.5	263.58779916753383
8413923.0	265.09152872444014
8434058.0	268.06645525989245
8464451.0	267.11139646869987
8494844.0	266.8411199739541
8525237.0	267.8195001542734
8555630.0	268.0032292787944
8586023.0	258.70541516245487
8616416.0	262.5489461358314
8646809.0	267.2429378531073
8677202.0	264.7432014329914
8707595.0	265.330113832356
8737988.0	264.50040577828275
8768381.0	259.5668538473213
8798774.0	263.9229260935143
8829167.0	265.8891961970614
8859560.0	264.0023403543965
8889953.0	263.23866269447205
8920346.0	262.72401433691755
8950739.0	265.3949379989808
8981132.0	264.1392446633826
9011525.0	267.4159036144578
9041918.0	266.659776347001
9072311.0	263.66156325543915
9102704.0	264.8573746552004
9133097.0	266.16580226904375
9163490.0	265.0032851511169
9193883.0	265.3793954349167
9224276.0	264.4352174571905
9254669.0	263.1645209580838
9285062.0	268.91983817800417
9315455.0	268.276615841317
9332033.5	248.66931818181817
9347230.0	266.2112136096801
9376241.0	265.3713488918244
9406634.0	269.36629979848084
9437027.0	265.2624783708239
9467420.0	268.96837633731906
9497813.0	264.32479608482873
9528206.0	270.1522184300341
9558599.0	263.79637472471626
9588992.0	265.3163453478625
9619385.0	266.0504035578982
9649778.0	267.8744002741604
9680171.0	264.83374772086853
9710564.0	266.45960906417577
9740957.0	265.42928942807623
9771350.0	268.92488931056295
9801743.0	265.88588850174216
9832136.0	266.24392782789727
9862529.0	262.9605499103407
9892922.0	262.5445850500294
9923315.0	264.8335449063789
9953708.0	262.6640024592684
9984101.0	265.89592274678114
1.0014494E7	265.20574886535553
1.0044887E7	264.7930445582984
1.007528E7	263.74744027303757
1.01041125E7	261.53673442274476
1.0119309E7	248.95762711864407
1.0136066E7	263.02398546335553
1.0166459E7	263.22354357970795
1.0196852E7	265.357457807511
1.0227245E7	263.0601825442099
1.0257638E7	263.1970017924067
1.0288031E7	268.1931444670528
1.0318424E7	266.18627140139506
1.0348817E7	262.46239372138655
1.037921E7	264.640093007806
1.0409603E7	261.6885579937304
1.0439996E7	261.7143342968883
1.0470389E7	262.28232462173315
1.0500782E7	266.8622661122661
1.0531175E7	265.81050688150384
1.0561568E7	266.3777105395865
1.0591961E7	264.0140203294777
1.0622354E7	265.0157547009995
1.0652747E7	265.4344839142091
1.068314E7	265.8871020676075
1.0713533E7	264.9326923076923
1.0743926E7	262.76326334348454
1.0774319E7	265.3698772263531
1.0804712E7	266.113676731794
1.0835105E7	263.1475067184234
1.0865498E7	265.2054231717338
1.0895891E7	265.9817115251898
1.0926284E7	263.1192141192141
1.0956677E7	264.40323117921383
1.098707E7	266.9230286878821
1.1017463E7	263.0127191474734
1.1047856E7	268.76996348626767
1.1078249E7	264.25610132839046
1.1108642E7	262.70465890183027
1.1139035E7	268.3677292642393
1.1169428E7	266.7268255188317
1.1196832E7	262.92276004119464
1.12120285E7	277.28836797877045
1.1230214E7	262.6994698926193
1.1260607E7	263.05291666666665
1.1291E7	265.0376908396947
1.1321393E7	269.3840439276486
1.1351786E7	266.5453084832905
1.1382179E7	264.0336985391766
1.1412572E7	261.522031725685
1.1442965E7	265.6997171590195
1.1473358E7	268.4469670710572
1.1503751E7	263.93192257217845
1.1534144E7	265.306998127022
1.1564537E7	267.56474705695194
1.159493E7	266.4064593712421
1.1625323E7	261.83931914893617
1.1655716E7	256.3096187589727
1.1686109E7	263.7325403568394
1.1716502E7	266.68854724477455
1.1746895E7	265.5422582826234
1.1777288E7	261.2897391304348
1.1807681E7	265.6669471558398
1.1838074E7	267.7523442732753
1.1868467E7	264.1242016806723
1.189886E7	264.3031814273431
1.1929253E7	264.59571286141573
1.1959646E7	268.5384865215979
1.1990039E7	258.967032967033
1.2020432E7	261.21555075593955
1.2050825E7	260.98048279404213
1.2081218E7	262.23078075827965
1.2111611E7	266.72454651843185
1.21419565E7	264.33683841570274
