# Position (bp)	A	C	G	T	N
0.0	26.016475227376677	22.9950673743289	34.77561878262283	16.211550439621828	0.0012881760497591565
1.0	23.20162367825655	20.4627070362014	12.287818548674064	44.04764090509536	2.0983177262209456E-4
2.0	32.13076168682576	20.865625161301423	13.305414566163693	33.69788888697717	3.096987319557475E-4
3.0	21.129612380908622	23.29938697735545	10.279663291047997	45.290995729219205	3.4162146872293185E-4
4.0	40.55596680628799	9.86638089838912	10.04704232551753	39.53027009316698	3.398766383753353E-4
5.0	44.85775395426657	10.492711067549665	23.387118866942444	21.254299071647416	0.00811703959390451
6.0	34.97724171622054	14.06711251116015	21.03466805922881	29.920741876252883	2.358371376109698E-4
7.0	39.61423082165246	15.658492910908478	20.48278133289826	24.24442779345522	6.714108557735626E-5
8.0	18.266998983941658	33.24155402551004	23.347792603637366	25.14355400242161	1.0038448932486244E-4
9.0	29.526722252996024	20.22719573590172	13.10497002764972	37.14111198345253	0.0
10.0	27.32777114424551	15.276590578758137	28.41941588699565	28.9762223900007	0.0
11.0	27.105519883510194	18.579351051232265	18.516137986889426	35.79899107836811	0.0
12.0	24.857397762385556	20.967824886949288	23.437601547196863	30.737175803468293	0.0
13.0	23.59527474783621	26.743650864979717	18.715042756325637	30.946031630858435	0.0
14.0	32.5962424150927	20.821338338052392	20.512704128712322	26.069715118142582	0.0
15.0	32.71034735906016	19.160021085662308	19.65626237281931	28.473369182458224	0.0
16.0	31.64740501358602	18.88760334282689	18.711592766488764	30.753366161377816	3.2715720508945375E-5
17.0	31.65128574258001	18.634971402020472	18.94966501094551	30.7640125857866	6.525866741148559E-5
18.0	31.303890365949645	18.728418021555086	19.477311961686205	30.490379650809064	0.0
19.0	30.735895253066197	19.35346328233353	19.488227412643937	30.422414051956338	0.0
20.0	30.496035359974744	19.417596606478615	19.653054533532476	30.433313500014165	0.0
21.0	30.285315903632785	19.603955887005387	19.682732552252524	30.427979507731433	1.6149377869441646E-5
22.0	30.52254586405582	19.686245994390656	19.33928246092009	30.451909572014944	1.6108618481385764E-5
23.0	30.792116500348854	19.52815147642075	19.511006028063257	30.16872599516714	0.0
24.0	30.353883408313248	19.686651907900686	19.47427826621044	30.484609402398206	5.770151774225501E-4
25.0	30.5107347006712	19.83578451005965	19.404100478659387	30.249380310609762	0.0
26.0	30.672778011789404	19.53428373064892	19.670219585130088	30.122607027355752	1.1164507583810762E-4
27.0	30.33052708585946	19.73200927966158	19.649544966598214	30.28791866788075	0.0
28.0	30.639665441127455	19.7293613249791	19.583734633408017	30.04709575141468	1.4284907075092266E-4
29.0	30.63282164260056	19.521246082597905	19.82369731190176	30.02223496289977	0.0
30.0	30.312699143381337	19.79097784317114	19.748372809995455	30.147665853953676	2.8434949839168766E-4
31.0	30.4000020174182	20.074540450259374	19.39753903349592	30.12791849882651	0.0
32.0	30.46536191539638	19.88348536876198	19.547414501398173	30.103549516595425	1.8869784804256644E-4
33.0	30.21836857706487	19.651885458317032	19.83723235384282	30.292152769519394	3.608412558907335E-4
34.0	30.34661166936441	19.85832121423575	19.676781280380897	30.116501429012608	0.001784407006333236
35.0	30.443048096938558	19.530385135354635	19.858900944846077	30.163776860392183	0.003888962468544697
36.0	30.480059412251986	19.650056848423166	19.736385406592856	30.13049031472752	0.0030080180044683874
37.0	30.37322430787436	19.80517702949797	19.748405897727352	30.070673059873794	0.002519705026531561
38.0	30.526998014520856	19.66012446889597	19.74353322145932	30.066767363628323	0.002576931495536165
39.0	30.334040788197065	19.718204892935088	19.736673710227358	30.207795886101934	0.0032847225385575296
40.0	30.301336152961422	19.593878907861168	19.792808680223214	30.30336210337574	0.008614155578454467
41.0	30.515979171448997	19.634510829923375	19.62759494331366	30.213084950089065	0.008830105224906022
42.0	30.258521236091262	19.823880943875594	19.77521326399242	30.13269108845158	0.009693467589143686
43.0	30.178531896036215	20.005566093047292	19.718738456856855	30.08611752087016	0.011046033189483622
44.0	30.558652061873882	19.697870747030912	19.748693042245016	29.98109945104549	0.013684697804704157
45.0	30.288843130832465	19.781894776098348	19.843339994626803	30.069882243543265	0.016039854899117596
46.0	30.317030494407238	19.8816283935072	19.617898193559135	30.169601867684452	0.013841050841976845
47.0	30.483089512727734	19.80276245087254	19.64655133930619	30.054388006508947	0.013208690584588515
48.0	30.29648620532004	19.64203364578428	19.728708825282652	30.314666927190864	0.018104396422168267
49.0	30.33327591752244	20.040089446719904	19.503287182199678	30.10697632588605	0.01637112767193114
50.0	30.461829419235297	19.71658415898103	19.705563176034172	30.099217768990762	0.016805476758741094
51.0	30.173124008480222	19.84147846002869	19.806982883717676	30.159578147531303	0.01883650024210756
52.0	30.403125177459923	19.888918817721365	19.640330677495303	30.051682403597695	0.015942923725712474
53.0	30.418865222285007	19.688715764481653	19.89198832532466	29.991907920138328	0.008522767770349928
54.0	30.249045636328027	19.640587012232423	19.7740911411816	30.326854884162373	0.00942132609557375
55.0	30.22178987149501	19.96602046034258	19.705213121004075	30.097475589498114	0.009500957660222758
56.0	30.464385224217782	19.596857884704576	19.818798982208293	30.11256793224676	0.007389976622587244
57.0	30.210526236334967	19.966878594348074	19.773811294037014	30.04584008580769	0.0029437894722540293
58.0	30.13598905801535	19.981428547944404	19.8065878433151	30.073852967005887	0.002141583719258282
59.0	30.450214632951212	19.741108467051067	19.72344903226448	30.083645751135467	0.0015821165977742784
60.0	30.1440101844118	19.905776727005133	19.863050614334657	30.085491368361723	0.0016711058866887836
61.0	30.172742792956708	19.820991815277296	19.868632861430743	30.13585746135953	0.0017750689757205164
62.0	30.48148108064558	19.76438665192392	19.59803474165024	30.155541365964584	5.561598156796183E-4
63.0	30.105391771023974	19.87988744912318	19.69466098344423	30.319984690388953	7.510601965734831E-5
64.0	30.251468575097473	19.8493437329662	19.634643765737145	30.26452891431502	1.5011884158093755E-5
65.0	30.43168163775517	19.816881338783475	19.649137335845367	30.102284685022042	1.5002593948493693E-5
66.0	30.261985784019352	19.7650862052808	19.808839218173542	30.164013821633752	7.497089255096709E-5
67.0	30.429322390952724	20.00444792725541	19.46889830326861	30.097301405967624	2.9972555629437907E-5
68.0	30.41479472673172	19.801809045948758	19.98461903500772	29.798777192311793	0.0
69.0	30.208492589667085	19.831001733257963	19.902727915935117	30.057313562462802	4.6419867703377044E-4
70.0	30.27199636901067	19.87324470122703	19.692294012535115	30.162464917227183	0.0
71.0	30.460574236535574	19.704657913850003	19.75313279588423	30.08141056369299	2.2449003720697878E-4
72.0	30.258909772787906	19.840123032006368	19.864333212282432	30.036633982923295	0.0
73.0	30.205635123220535	19.991953713956477	19.63181583490541	30.170595327917578	0.0
74.0	30.56331906801944	19.592372582769865	19.758948361359028	30.085359987851668	0.0
75.0	30.199666250452196	19.889127167434616	19.779149001489216	30.13205758062397	0.0
76.0	30.287634662776043	19.806678651319608	19.613518880017427	30.29215284501857	1.4960868352736583E-5
77.0	30.210972534921815	19.89684118009596	19.74673540130777	30.145450883674457	0.0
78.0	30.097227302305285	19.976749016891684	19.58364038319823	30.3423832976048	0.0
79.0	29.820485829814064	20.1964892930984	19.604141331220873	30.37886857662247	1.4969244190885406E-5
80.0	30.184480495581518	19.913220528205425	19.634836247094796	30.267402835770348	5.9893347915367107E-5
81.0	30.00873405876999	20.05202689029612	19.585201859211647	30.354007234394963	2.9957327285148667E-5
82.0	30.01122992392603	20.29866442727538	19.41068524114666	30.279405422431854	1.4985220077437624E-5
83.0	30.39508715018817	20.090384969742985	19.234048703591007	30.280269271764084	2.0990471375519084E-4
84.0	29.934825766228183	20.18530467525325	19.38786057697717	30.491678932248533	3.300492928618889E-4
85.0	30.071734938905358	20.244591732633108	19.30485892899283	30.378604235582905	2.101638857981454E-4
86.0	30.129454932607853	20.113010202702174	19.403985188327304	30.35335440646061	1.9526990205862542E-4
87.0	29.696107663150435	20.361061630858764	19.569544601142905	30.372369231721947	9.168731259526651E-4
88.0	29.741619199984598	20.682196549668088	19.259895802936505	30.315897362462945	3.9108494786235977E-4
89.0	29.91513861836404	20.60558628236156	19.395897997742267	30.083211512473902	1.6558905823631698E-4
90.0	29.861704980669735	20.444505714707574	19.597002377487097	30.09565694277458	0.0011299843610164434
91.0	29.86973876877651	20.630329845324212	19.446578267576896	30.052644357281917	7.087610404612074E-4
92.0	30.044528089648498	20.763095438101065	19.48579030302317	29.70589180937648	6.943598507850871E-4
93.0	29.680371782871983	20.715011697548334	19.49770204602073	30.106657583852574	2.5688970636902116E-4
94.0	29.611608480047924	21.05495330043538	19.443553584233186	29.889324906131908	5.597291516018843E-4
95.0	29.879260812880464	20.79574148927921	19.460428298631307	29.864493670272573	7.572893645069985E-5
96.0	29.662975868793197	21.047495140095652	19.40427125696384	29.884954463985153	3.032701621585557E-4
97.0	29.688537848491258	21.035298254361138	19.511578204557313	29.76384176279176	7.43929798533183E-4
98.0	29.701092239854056	20.896408610287402	19.52715261365483	29.875027305616314	3.1923058739796213E-4
99.0	29.556315385397507	20.83227547728334	19.66749225101417	29.943034071184123	8.8281512085739E-4
100.0	29.542474136674922	21.06037346586541	19.556950526655275	29.83945503661926	7.468341851307448E-4
101.0	29.563868695858286	21.055562025261974	19.57562558542152	29.804195819138346	7.478743198731727E-4
102.0	29.4647871392388	20.979216058525818	19.618576383315983	29.93636570687871	0.0010547120406843706
103.0	29.50495683066559	21.173433732901696	19.56227049619131	29.758098948012023	0.0012399922293820293
104.0	29.67583253517138	21.13614616490529	19.48549563289017	29.702219025656223	3.0664137693017335E-4
105.0	29.27700243692205	21.188721637899093	19.581142409522993	29.952903168244365	2.303474115016762E-4
106.0	29.278150893783796	21.211200135610802	19.579455763205324	29.93100861919253	1.8458820755159585E-4
107.0	29.488943551031376	21.17762368011676	19.623301686541446	29.709268212108285	8.628702021335082E-4
108.0	29.23336876235012	21.20253780012663	19.728132975194647	29.83537392327637	5.865390522331548E-4
109.0	29.2557996555447	21.32091092314206	19.593717169974063	29.829000117828574	5.721335106019433E-4
110.0	29.42358471640108	21.22745309756311	19.631023577280484	29.717535829890995	4.02778864334009E-4
111.0	29.28028436981113	21.253793723860674	19.55959743456263	29.906045093512557	2.793782530105335E-4
112.0	29.303183723639776	21.205919072296734	19.584680853181453	29.90593642754371	2.7992333832840984E-4
113.0	29.568712698486905	21.043117822137035	19.76382590809219	29.62431240552881	3.1165755068330916E-5
114.0	29.477503215967815	21.13767652688593	19.838531713549475	29.54614800603749	1.405375592873309E-4
115.0	29.1411174954371	21.60500985191379	19.541514733114152	29.712264024716873	9.389481808583207E-5
116.0	29.531220223367388	21.265701475705402	19.650244408561083	29.552081021457603	7.528709085191265E-4
117.0	29.35988774053298	21.1745269359523	19.767997939939423	29.697210083103577	3.7730047171991477E-4
118.0	29.35439664549274	21.26059687753247	19.71976861576783	29.665001504019568	2.3635718739359004E-4
119.0	29.420391619515463	21.111767063744384	19.800993657685588	29.666737105239964	1.1055381459619904E-4
120.0	29.18725687878503	21.29354812054855	20.026128160001974	29.49282939827984	2.3744238460537552E-4
121.0	29.17995984199568	21.40433689944282	20.02257657995597	29.392253954471727	8.727241338054296E-4
122.0	29.31918068753011	21.2123786023626	20.077968709762438	29.389692599557716	7.794007871311704E-4
123.0	29.242164042854796	21.18464587708346	20.15958133816797	29.412205548672464	0.001403193221301111
124.0	29.282042609348665	21.191263168562394	20.128331243072648	29.396476789154985	0.0018861898613138943
125.0	29.209179442732314	21.242567625057866	20.22650726969472	29.31995101246304	0.0017946500520528632
126.0	29.132755588039227	21.304360397407372	20.245142843374268	29.31332374886553	0.004417422313604857
127.0	29.087133314578402	21.41621447358187	20.25267310163849	29.24079066384258	0.003188446358657381
128.0	29.188529935943798	21.168525286703172	20.362108043186282	29.278334538692015	0.002502195474739126
129.0	28.958028842395787	21.346072335960876	20.438826229817014	29.25558368475047	0.0014889070758528564
130.0	29.196699557843807	21.251857054389284	20.431321719777166	29.119716064759587	4.056032301592284E-4
131.0	29.024744071297487	21.128042993452123	20.658532011276982	29.188567067641557	1.1385633185152028E-4
132.0	28.924743281785847	21.281544500269884	20.677634979884903	29.115604325357413	4.7291270194595424E-4
133.0	28.932978422488876	21.336899882114228	20.749547505023635	28.980508789111997	6.540126126332347E-5
134.0	28.95748370107721	21.162132170743234	20.956146639403023	28.923270266623803	9.67222152731591E-4
135.0	28.874490011607566	21.233120785435545	21.023980754646395	28.867652362062746	7.560862477444797E-4
136.0	28.789282395188025	21.318196568419097	21.04876988789325	28.843042477881646	7.086706179723154E-4
137.0	28.993090501050222	21.036325686777094	21.08848157935182	28.8815734024779	5.288303429630034E-4
138.0	28.721345346276927	20.94438453881197	21.370236528648398	28.963171873153843	8.617131088603828E-4
139.0	28.696218042906253	21.335887363863606	21.25303148490165	28.714680313569453	1.827947590416104E-4
140.0	28.846830067570608	21.06861084789397	21.526269811140267	28.558189282361013	9.999103413727235E-5
141.0	28.725887828519326	21.127431274931197	21.50480174970728	28.641762143107268	1.1700373492636704E-4
142.0	28.735841672873185	21.061296498181303	21.678852236979637	28.52399282513978	1.676682609682708E-5
143.0	28.60921030692667	21.01363211838338	21.907291903793986	28.46759429612367	0.002271374772294679
144.0	28.44318909368913	21.042285187116224	21.95826388344846	28.556194299391365	6.753635481979949E-5
145.0	28.477667330166028	21.044999632142662	22.047724488754582	28.42959159698567	1.69519510509023E-5
146.0	28.678070495591513	20.843612080343423	22.13405701164749	28.344243373466878	1.703895070052238E-5
147.0	28.422510046218353	20.890423116823914	22.386066682776516	28.300948703274216	5.145090700231409E-5
148.0	28.353388000551917	21.017079595523754	22.3207478020572	28.308662496356458	1.2210551067402765E-4
149.0	28.535851208425516	21.26014185446804	23.003414504443427	27.20051988396561	7.254869740627525E-5
