# Position (bp)	A	C	G	T	N
0.0	26.631453815454243	22.42896889660929	33.882340870371785	17.05610892481916	0.0011274927455237598
1.0	22.657463230173025	19.75623048956759	12.055084049340135	45.531004300671825	2.1793024742892253E-4
2.0	31.527726607742636	21.247455905340004	14.505435151966061	32.71911406486413	2.682700871698936E-4
3.0	20.619827634597854	23.86917623719321	10.939035455772125	44.57156986952157	3.908029152476376E-4
4.0	40.055870020871694	10.392230531021564	10.394599702792705	39.15687541604159	4.2432927244326146E-4
5.0	44.148667940868094	11.090727095660329	23.690817882071656	21.061285755950003	0.008501325449923408
6.0	34.25753499999474	15.035449848102145	21.45467319600032	29.252166574474497	1.753814282993368E-4
7.0	40.64127908308093	15.544905775021794	19.844065164490573	23.969697536482716	5.24409239881043E-5
8.0	19.950189273788194	31.7912864343328	22.32222903871224	25.936242967589912	5.228557684934085E-5
9.0	29.72372151289784	20.547297870358395	13.733160787454343	35.995819829289424	0.0
10.0	27.986153863219137	15.261358657371202	28.656830446526126	28.095657032883537	0.0
11.0	27.392719077567047	19.074126990630084	18.980968882356816	34.55218504944605	0.0
12.0	24.90786856110124	21.169558055306794	23.520474438547375	30.402098945044592	0.0
13.0	23.94064338824889	26.80358437301419	18.590276171452107	30.665496067284813	0.0
14.0	32.51208667616148	21.061438502312345	20.380189482301525	26.04628533922465	0.0
15.0	32.90096353568621	19.360417380399973	19.613613736261666	28.12500534765215	0.0
16.0	31.86819414590713	18.94929357043948	18.619533125578677	30.56296208796161	1.7070113099741355E-5
17.0	31.70112203883713	18.700630257109207	18.91088056855962	30.68729902168131	6.81138127319701E-5
18.0	31.261845134060973	18.740337674546122	19.462668961701645	30.535148229691263	0.0
19.0	30.87543250894757	19.273474778452222	19.256715824570186	30.594376888030023	0.0
20.0	30.637246118195645	19.31645216977362	19.496553827303913	30.549747884726823	0.0
21.0	30.40315074774439	19.51941787931971	19.486937682374368	30.590459962423484	3.372813805331643E-5
22.0	30.51754371354821	19.55376371492439	19.25852387482396	30.67015187296191	1.6823741529456434E-5
23.0	30.75651664425234	19.424199382267556	19.415455193754266	30.403828779725835	0.0
24.0	30.37904066064018	19.57023629954705	19.399574492380324	30.65051231191078	6.362355216654102E-4
25.0	30.560799659670955	19.64828991170586	19.268827038988686	30.522083389634496	0.0
26.0	30.807863005289306	19.410611204555913	19.4748320576368	30.306593751947535	9.998057044247734E-5
27.0	30.534347591989018	19.539484325242103	19.55991423096698	30.366253851801893	0.0
28.0	30.76963642427124	19.522305726921775	19.445773418264572	30.262052263192206	2.3216735020604022E-4
29.0	30.812286328056178	19.436853193881156	19.64498920938589	30.105871268676776	0.0
30.0	30.461514279595864	19.598840877191332	19.64277606313326	30.296505542916552	3.632371629922751E-4
31.0	30.54960974066212	19.832541168404816	19.2504812319538	30.36736785897926	0.0
32.0	30.618099377355517	19.66249448312086	19.456986108568234	30.262206182490715	2.1384846467494787E-4
33.0	30.40267863505469	19.549277486402072	19.623494277589845	30.424221208072026	3.2839288136183215E-4
34.0	30.489382531589175	19.626274683796797	19.48215594293534	30.40043309378011	0.001753747898575678
35.0	30.670469051945044	19.320260629324544	19.653141165271702	30.352250838297003	0.0038783151617085595
36.0	30.625177341595545	19.52088021580429	19.53921913471685	30.31143799353267	0.00328531435064536
37.0	30.56987863227038	19.665563462235035	19.51778545618804	30.244600444134228	0.002172005172311866
38.0	30.725197131855953	19.50941874870442	19.593918986193017	30.168820930335045	0.002644202911561206
39.0	30.515127036366334	19.598276584750547	19.537271457154546	30.34629016544806	0.00303475628051786
40.0	30.51730645578544	19.504876916537345	19.54315954509733	30.425685865831703	0.008971216748185124
41.0	30.665553524578538	19.46538198764347	19.534502241231152	30.325316862309	0.009245384237842809
42.0	30.398623654904355	19.61590073727184	19.616128954432856	30.359451809338257	0.009894844052693386
43.0	30.42664421207981	19.7712865392911	19.476529345264858	30.31403448074121	0.011505422623017982
44.0	30.719384994479203	19.5569318218662	19.50432254682983	30.205625852416073	0.013734784408689834
45.0	30.46787748628738	19.64395087566576	19.590634891882416	30.281800956266885	0.01573578989755773
46.0	30.575279735718336	19.677781717456217	19.398033783765076	30.335076980357545	0.013827782702828247
47.0	30.687326104321528	19.590915123845072	19.51904842167661	30.18966588416156	0.0130444659952268
48.0	30.44605203574044	19.550031841901337	19.58543163402933	30.399937863106363	0.018546625222531008
49.0	30.545774031572137	19.726814206078107	19.36140936007585	30.349492264414252	0.01651013785965113
50.0	30.6499695537921	19.50097525553649	19.560304657455738	30.272127229329953	0.016623303885717634
51.0	30.425498939866742	19.645854931052266	19.556284089665915	30.35316828768943	0.019193751725646892
52.0	30.514640108755515	19.698311219376087	19.419585336238125	30.35098917409917	0.01647416153110727
53.0	30.562179237065834	19.560432798919027	19.634187214458017	30.234557272476742	0.008643477080379942
54.0	30.43050050521886	19.511685790328965	19.56368882685056	30.484928722473388	0.009196155128231838
55.0	30.490761820254402	19.717155001298767	19.452177015255153	30.329815483789485	0.010090679402189093
56.0	30.65784291707758	19.416415233743113	19.556631807810856	30.36198204004049	0.007128001327956411
57.0	30.415013060693656	19.690712489642248	19.54619215525204	30.34529961485111	0.002782679560941984
58.0	30.36802997328324	19.778832475266086	19.459087295039417	30.3917720577634	0.0022781986478565565
59.0	30.644051556410734	19.540520185723892	19.501057438882377	30.312776035811666	0.0015947831713272308
60.0	30.421113597155657	19.68934261507259	19.605810867394126	30.281975385067035	0.0017575353105931048
61.0	30.43505076359797	19.603394795781256	19.53587707054764	30.424050044808403	0.001627325264729206
62.0	30.65667595328916	19.55912410659654	19.423177066381992	30.360567221694247	4.556520380664731E-4
63.0	30.36049598404717	19.66616746271877	19.47896191398797	30.494325819996593	4.8819249495168274E-5
64.0	30.48988238793642	19.602927275529087	19.376301487314116	30.530856304409838	3.254481054282629E-5
65.0	30.628531912297113	19.53779441077167	19.503998698287432	30.32964243582964	3.2542814139852744E-5
66.0	30.474363542586964	19.545714132307648	19.58500715084126	30.394817551857834	9.762240629469276E-5
67.0	30.51735307486992	19.797160527208877	19.307363997921463	30.378106130932803	1.6269066939726687E-5
68.0	30.61550728181441	19.53223743730631	19.7127067616697	30.13954851920958	0.0
69.0	30.42370329299714	19.627357547413695	19.665687749742176	30.282698257521368	5.531523256232033E-4
70.0	30.50437077740832	19.665773363156752	19.451338222669282	30.378517636765643	0.0
71.0	30.64766238742275	19.570459468935553	19.552220957692672	30.22938059835658	2.7658759244330157E-4
72.0	30.460061954664962	19.663959641444574	19.608900398252096	30.267078005638364	0.0
73.0	30.438548418695138	19.743839741841594	19.387313112747094	30.43029872671618	0.0
74.0	30.71480537756065	19.418390445113737	19.528422838116512	30.338381339209104	0.0
75.0	30.455813623510352	19.698069279687424	19.45838490154391	30.387732195258316	0.0
76.0	30.338444355819327	19.708490617154624	19.440792861783702	30.5121908080349	8.135720744314311E-5
77.0	30.30391532518263	19.78298596139897	19.50991644394924	30.40318226946916	0.0
78.0	29.990967076033403	19.97029482604788	19.367812464003343	30.670909364239645	1.6269675732346915E-5
79.0	29.778888365589456	20.09591834576644	19.305942268413563	30.8192022151021	4.880512844289678E-5
80.0	30.18282018668575	19.73521561400101	19.270941625155817	30.81097376657546	4.8807581965012776E-5
81.0	29.99788181917569	19.98350682242942	19.18281169470084	30.83575085768428	4.880600977681988E-5
82.0	30.07269543181399	20.24348625698084	18.938215878848105	30.745586162845445	1.6269511618546332E-5
83.0	30.406135589392687	20.045641402277255	18.848213539024442	30.69976541503706	2.4405426855796792E-4
84.0	29.971943080396912	20.226691058705722	18.89347075794687	30.907553401789635	3.417011608564723E-4
85.0	30.0754754930023	20.37729284758155	18.790195313300917	30.75688989287108	1.464532441509015E-4
86.0	30.215055460780704	20.250520221976565	19.019172256737335	30.515073052395834	1.790081095555668E-4
87.0	29.69880590592738	20.54045556347199	19.135140254871562	30.62475202376276	8.46251966315266E-4
88.0	29.699292537270683	20.938338517140416	18.9304378223063	30.43165446551673	2.766577658811322E-4
89.0	29.77017446275152	20.935985843270263	19.103529711198938	30.19017979398274	1.301887965380195E-4
90.0	29.72439798100578	20.912176224907807	19.274273836098782	30.088159319460043	9.926385275883538E-4
91.0	29.91145739170735	20.914499289442762	19.216549824358193	29.956777485823434	7.160086682613048E-4
92.0	30.022347890571005	20.906156271851764	19.40961406805651	29.661279663679952	6.021058407683911E-4
93.0	29.716168579332663	20.8628877483649	19.482780310115693	29.937854154586553	3.0920760019262003E-4
94.0	29.64104361830819	21.17408280273747	19.37439407262454	29.810088913561334	3.9059276846783645E-4
95.0	29.80032574567586	21.03860690094509	19.49251121856454	29.668409651798477	1.4648301602670678E-4
96.0	29.56889579121228	21.16359347427681	19.44818778472152	29.819078789413794	2.441603756032999E-4
97.0	29.47108367073568	21.165150289121783	19.5504210387353	29.812840383255857	5.046181513753531E-4
98.0	29.5580550293001	21.030893465095616	19.61646640019456	29.794389760543005	1.953448667113138E-4
99.0	29.36545652781597	21.00760083310093	19.721188280777742	29.905005459634115	7.488986712421119E-4
100.0	29.28673485934365	21.138373131208276	19.61494603565756	29.95924589935469	7.000744358214088E-4
101.0	29.2163754801549	21.144090756928623	19.792688359443076	29.84609643346997	7.489700034257236E-4
102.0	29.01523447709292	21.129505675373984	19.97920535808064	29.875256574453203	7.979149992550079E-4
103.0	28.952609787206878	21.256936003116397	20.064770771529783	29.724641164844645	0.0010422733022996458
104.0	29.017409823719266	21.18767989325953	20.028659138023816	29.766006835455244	2.443095421443733E-4
105.0	28.620619159592138	21.31247042380398	20.19477732229644	29.871921326707724	2.1176759972014097E-4
106.0	28.598642173695264	21.349314226999386	20.282730030590688	29.76897139101102	3.421777036356544E-4
107.0	28.730509454408963	21.186931423040246	20.358390202234403	29.723223617955725	9.453023606644694E-4
108.0	28.498986892534962	21.253002313158788	20.44949429405615	29.797554586178045	9.619140720529073E-4
109.0	28.687128018844245	21.295494580713743	20.24830030105062	29.768522588255745	5.545111356436986E-4
110.0	28.99328524041619	21.07679543392433	20.23835585778843	29.69128614676681	2.7732110423391026E-4
111.0	29.061728918887162	21.072692141989897	20.180343224930482	29.684762458059716	4.732561327467133E-4
112.0	29.35310832980663	20.956310704974477	20.085264528702123	29.604908253525398	4.081829913739505E-4
113.0	29.682747058001674	20.724463258417877	20.235392548326555	29.357397135253894	0.0
114.0	29.63631089509767	20.694021813198617	20.359050818440778	29.31048558687249	1.3088639044948186E-4
115.0	29.407296090430897	20.965694980887946	20.246176565001715	29.380766818845384	6.55448340593243E-5
116.0	29.670969854702772	20.687311791949927	20.49478044548625	29.146182818600476	7.550892605788416E-4
117.0	29.440908294817582	20.621377456587037	20.72399477375266	29.21345635351666	2.6312132606570303E-4
118.0	29.445660574374678	20.57976859537899	20.835378293291658	29.139044261912378	1.4827504229545583E-4
119.0	29.440037103638485	20.43804740451961	21.07823371496054	29.04358274581779	9.903106356886497E-5
120.0	29.160454515309965	20.52263273827332	21.393086415097898	28.923727102278846	9.92290399739226E-5
121.0	29.182186393214444	20.536436018718497	21.518779173051943	28.761719783531724	8.786314833885601E-4
122.0	29.241306559769164	20.364981661680563	21.696713725963306	28.696266879504506	7.311730824612017E-4
123.0	29.07377124685236	20.281675031786676	21.926370175341866	28.716800973331175	0.0013825726879261927
124.0	29.078473880776446	20.255371712055396	22.041100309359322	28.62296699098637	0.002087106822468356
125.0	29.049894279086807	20.22035274448411	22.274483391866326	28.453729756491253	0.0015398280715009124
126.0	28.900846354581734	20.178055582306246	22.482168101193444	28.434987264247653	0.003942697670922655
127.0	28.82097009881405	20.239769170963935	22.618137677068404	28.31816318907864	0.002959864074969321
128.0	28.83452677614346	19.998408705459976	22.846977644503113	28.31767633237625	0.0024105415171948312
129.0	28.604134343696845	20.098733823870834	23.014112218479678	28.28176921982503	0.0012503941276084658
130.0	28.702038280450605	20.041146038796047	23.15467417950561	28.101718048683153	4.2345256458964316E-4
131.0	28.56112950707164	19.872221744919585	23.523281294517197	28.043231620330012	1.358331615609811E-4
132.0	28.413158772628556	19.904311594942914	23.73234138736273	27.949711675278966	4.765697868371425E-4
133.0	28.343346543992038	19.92667026564412	23.871491935401313	27.85845713065039	3.412431213917805E-5
134.0	28.347778791644185	19.73609066987303	24.21613541302323	27.699020217370297	9.749080892571115E-4
135.0	28.20852428885677	19.722452254689664	24.448770769360017	27.619686892950035	5.657941435162563E-4
136.0	28.095773118922164	19.749140923593288	24.571175079711534	27.58339525145978	5.156263132357666E-4
137.0	28.191080126812846	19.504548365791546	24.782403347765396	27.521589078890663	3.790807395451686E-4
138.0	27.915627117713015	19.459302684122164	25.164895510755024	27.45948371808521	6.909693245895773E-4
139.0	27.854570305139603	19.65479212156815	25.186746295208433	27.30373541082453	1.558672592855322E-4
140.0	27.97983079580287	19.377497470514808	25.584047582624788	27.058485239909103	1.3891114843576495E-4
141.0	27.859445346144163	19.346931839510372	25.71085026240216	27.082685496617554	8.70553257488412E-5
142.0	27.732606968562024	19.346830447954044	25.981072610286095	26.93943759112298	5.2382074853984963E-5
143.0	27.702281731591633	19.182418193738485	26.228799524410817	26.88408336893421	0.002417181324857084
144.0	27.410248732298932	19.215424129830584	26.4978870477291	26.876422517351372	1.7572790010782663E-5
145.0	27.380897579775965	19.148382663588627	26.70812810292765	26.762591653707762	0.0
146.0	27.490506155271987	19.013791991323963	26.895712131388077	26.599954280691744	3.5441324229638514E-5
147.0	27.26004489157739	18.993309051233094	27.217863210835308	26.528711533284483	7.13130697245711E-5
148.0	27.084500427534568	19.021892196810434	27.404322726745008	26.48903108043174	2.535684782504355E-4
149.0	27.048121243034995	19.04195152087705	28.53502128043692	25.37481212242684	9.383322420529358E-5
