#Position (bp)	mapping quality
15197.0	25.080159111909605
45590.0	41.81658883054622
75983.0	41.96686373967383
106376.0	41.851447556895785
136769.0	40.52950429233427
167162.0	30.310868096307118
197555.0	28.479947821636085
221485.0	8.68890431333664
236681.5	17.435600198681765
258341.0	34.06076711215673
288734.0	41.58744020166719
319127.0	41.360341934538745
349520.0	41.844556454762206
379913.0	41.969180201277744
410306.0	41.1974535536833
440699.0	33.151751720929866
471092.0	38.952948652720394
501485.0	31.36136348437515
531878.0	40.92005903861986
562271.0	41.3960114583265
592664.0	41.6173930785433
623057.0	41.789240611714035
653450.0	40.48093959021584
683843.0	41.90333928294162
714236.0	40.08433090101691
744629.0	41.93200368761457
775022.0	41.741546131314834
805415.0	41.84212540171038
835808.0	40.996213250207546
866201.0	41.249495955109374
896594.0	40.64977769786273
926987.0	41.94879600392472
957380.0	41.88191701992761
987773.0	42.04985627918764
1018166.0	41.34622423311564
1038382.5	13.67788817706949
1053579.0	24.738637399171058
1078952.0	41.777525987301104
1109345.0	41.82630370480726
1139738.0	34.190155320346335
1170131.0	41.26207603615798
1200524.0	39.42202037610813
1230917.0	38.038208823367015
1261310.0	41.78058494678463
1291703.0	41.85285186437933
1322096.0	40.19897129756656
1348657.5	31.69218640271385
1363854.0	6.10781328933392
1382882.0	26.43196163082577
1413275.0	40.7712270346578
1443668.0	41.88709474829071
1474061.0	40.693054732369596
1504454.0	40.58297641633575
1534847.0	41.90839036084127
1565240.0	40.480722310543676
1595633.0	40.72171775118833
1626026.0	41.90346089559188
1656419.0	41.46841458466944
1686812.0	41.74882195427008
1717205.0	41.83838444820092
1747598.0	40.51384317197008
1777991.0	41.56020389039257
1808384.0	40.619013897861485
1838777.0	40.646657333617426
1869170.0	30.04480688645493
1899563.0	22.202610850216494
1929956.0	41.73911933358792
1960349.0	41.20790046296623
1990742.0	40.56199565415717
2021135.0	30.150508000285644
2051528.0	41.84360108400485
2081921.0	41.95611344093345
2112314.0	37.386232290258405
2142707.0	42.00209776995686
2173100.0	37.930623731685465
2203493.0	41.79682127217958
2233886.0	23.213706420947137
2264279.0	41.551709440366984
2294672.0	41.230051047035985
2325065.0	41.88411103603571
2355458.0	23.379262375234937
2385851.0	41.51276528979141
2416244.0	42.007466163486846
2446637.0	27.28869351895712
2477030.0	41.835871862257214
2507423.0	36.603864910869994
2537816.0	40.56488100907569
2568209.0	30.288725578680143
2598602.0	38.93433171918539
2628995.0	41.96708003700967
2659388.0	40.08466727448218
2689781.0	41.740006302976724
2720174.0	40.93861311500907
2750567.0	41.741577521413554
2780960.0	41.92667943544638
2811353.0	41.591797784437325
2841746.0	41.854174301727376
2872139.0	33.391501785405296
2889645.5	0.9277841402681289
2904842.0	4.363613298715125
2932925.0	41.803171334968724
2963318.0	41.63512692062448
2993711.0	41.69133743990136
3024104.0	41.70545860559417
3054497.0	41.8225373618754
3084890.0	37.5228249790664
3115283.0	37.64366104606081
3145676.0	40.928654502522726
3176069.0	41.9507542702268
3206462.0	40.32700295167074
3236855.0	41.561036223026036
3267248.0	41.386115893437946
3297641.0	39.29870607648513
3322340.5	33.90029959509997
3337537.0	36.0
3358427.0	9.714971977582065
3388820.0	24.14915254237288
3410819.5	0.0
3426016.0	28.17921021066792
3449606.0	37.40927772887629
3479999.0	40.9122324187746
3510392.0	41.48376286016259
3540785.0	40.95630441081376
3571178.0	41.556421413059084
3601571.0	41.62528942798505
3631964.0	42.06191163140652
3662357.0	41.26694566984776
3692750.0	39.54447276060501
3723143.0	41.345360066137985
3753536.0	41.40828963192798
3783929.0	40.836942131466465
3814322.0	41.60274778601305
3844715.0	40.113633825221086
3875108.0	26.88197856960097
3905501.0	29.510278821509445
3935894.0	42.00694101299898
3966287.0	41.6964478827504
3987990.0	20.24128530588398
4003186.5	14.247086023719573
4027073.0	41.36793875677131
4057466.0	41.91210098587
4087859.0	41.29207234321872
4118252.0	39.17812042432392
4148645.0	34.50492035723358
4179038.0	41.47367975584485
4209431.0	41.111109964140404
4239824.0	41.9517607085407
4259839.0	41.49260156039817
4275035.5	34.352961303049376
4300610.0	42.041778938222436
4331003.0	41.741651366004824
4361396.0	40.57467567882427
4391789.0	41.55913312693499
4422182.0	41.729281686081194
4452575.0	41.92707031119222
4482968.0	41.76838767075694
4513361.0	41.548958984472286
4543754.0	41.913561271419915
4574147.0	41.49288407243447
4604540.0	41.74851444382801
4634933.0	41.32093679377006
4665326.0	37.762335794149614
4695719.0	41.34745727102544
4726112.0	42.00007673397264
4756505.0	41.13779628429033
4786898.0	36.51500200483748
4817291.0	21.88184602197671
4847684.0	31.166048545268904
4878077.0	41.800681648387155
4908470.0	41.26340888573924
4938863.0	41.89704626450478
4969256.0	35.38348201607794
4999649.0	40.97456385401137
5030042.0	39.93236036769675
5060435.0	41.78811443187063
5090828.0	22.892768184061175
5121221.0	41.638297798882626
5151614.0	40.846080937925144
5182007.0	40.64114571483944
5212400.0	42.03053308532978
5242793.0	41.93587683379715
5273186.0	41.145124351088526
5303579.0	41.87296659707399
5333972.0	31.972781683010407
5352383.0	0.9678701085384177
5367579.5	32.58676761107865
5394758.0	41.640089602074774
5425151.0	41.815554316631555
5455544.0	34.21440179512702
5485937.0	41.175402564534224
5516330.0	41.5443998267827
5546723.0	41.09776033390515
5577116.0	24.24175313815592
5607509.0	41.8165011232736
5637902.0	40.63925269409918
5668295.0	41.87545629454262
5698688.0	42.032586523934306
5729081.0	41.472623861057
5759474.0	41.66274700654592
5789867.0	41.877174984748464
5820260.0	40.88687872391677
5850653.0	41.144096450526916
5881046.0	25.425278361839773
5907241.5	8.018460739141789
5922438.0	1.8671417903414076
5941832.0	23.899222516867418
5972225.0	41.784256846276286
6002618.0	41.33521871335441
6033011.0	41.484784141961335
6063404.0	40.76258253300236
6093797.0	41.96517092293778
6124190.0	32.49820558924857
6154583.0	42.0115698773404
6184976.0	41.93469899353788
6215369.0	41.957351832584685
6245762.0	41.500242011293864
6276155.0	40.46722250386979
6306548.0	41.334237003239934
6336941.0	41.66255539265491
6367334.0	41.379151187440314
6397727.0	21.311077850410474
6428120.0	41.85095518763143
6458513.0	40.31053656594106
6488906.0	41.99093132765105
6519299.0	41.85840661419025
6549692.0	41.81953198646371
6580085.0	42.024636447992215
6610478.0	41.338007997341855
6640871.0	27.180123722946753
6660029.5	7.299678154010194
6675226.0	36.65246691135243
6701657.0	41.932099324226265
6732050.0	41.50104465917994
6762443.0	41.70962424212489
6792836.0	41.44323307137533
6823229.0	41.202658939832965
6853622.0	41.08448084928438
6884015.0	41.76168172479806
6914408.0	41.815864801280554
6944801.0	41.83042168228727
6975194.0	40.96081311221793
7005587.0	41.74689594257046
7035980.0	41.79849988083484
7066373.0	41.87842420123523
7096766.0	41.60279382302619
7127159.0	41.123477472465204
7157552.0	41.79635015994804
7187945.0	41.14121585377108
7218338.0	40.821195212077775
7248731.0	41.795262772051366
7279124.0	41.641361746490375
7309517.0	37.12812000936628
7327760.5	16.076601342388532
7342957.0	17.272286356230072
7370303.0	41.34829268292683
7400696.0	40.77865802078334
7431089.0	39.67487777283767
7461482.0	41.98079838189364
7491875.0	41.564564809084885
7522268.0	41.75433906927104
7552661.0	29.463089370471092
7583054.0	41.5714631517045
7613447.0	41.74414894702509
7643840.0	41.827353019310166
7674233.0	41.97269056209626
7704626.0	41.28899466576001
7735019.0	41.33757179364639
7765412.0	41.42404470119589
7795805.0	4.857656296043571
7826198.0	18.606609560446707
7856591.0	41.54656808954241
7886984.0	41.790031096367734
7917377.0	29.348571425027338
7947770.0	41.2436661324107
7978163.0	29.91900985696287
8008556.0	41.66726185312984
8038949.0	41.802267038167905
8069342.0	41.20231701489562
8099735.0	41.86569416461638
8130128.0	40.767820313716406
8160521.0	41.20692777525094
8190914.0	41.736678882574296
8221307.0	41.866789708682695
8251700.0	41.848625010937866
8282093.0	34.03830232569816
8312486.0	31.20184020942991
8342879.0	40.34293626241579
8373272.0	41.48987147807933
8398726.5	8.565403767190249
8413923.0	5.605651065194576
8434058.0	41.79655715986081
8464451.0	41.93032858820254
8494844.0	41.886338720885654
8525237.0	41.52653664948142
8555630.0	41.57607258406856
8586023.0	25.93978975991324
8616416.0	30.421375770859143
8646809.0	41.292717778576446
8677202.0	41.81237936309275
8707595.0	41.77310976515147
8737988.0	41.95329125325965
8768381.0	26.862423211917946
8798774.0	32.45905709201144
8829167.0	41.92941658712806
8859560.0	41.69235560749602
8889953.0	41.80458995874355
8920346.0	40.26005439049913
8950739.0	41.51072586502694
8981132.0	41.65544205454358
9011525.0	38.72131049991351
9041918.0	40.87578665482973
9072311.0	41.7004312872601
9102704.0	42.00681066515349
9133097.0	41.7699610123129
9163490.0	41.073125767680935
9193883.0	41.85947899798295
9224276.0	41.255715115656
9254669.0	41.53199543110311
9285062.0	41.501962896409886
9315455.0	36.55712517613389
9332033.5	16.75304649461161
9347230.0	18.371874590134613
9376241.0	41.94852351789565
9406634.0	41.42957212919473
9437027.0	30.680188624465558
9467420.0	41.84692103537686
9497813.0	41.83825989880203
9528206.0	41.99078911275285
9558599.0	41.929993543570085
9588992.0	40.35019758038221
9619385.0	41.22778155104304
9649778.0	41.95842859843326
9680171.0	41.49563984520259
9710564.0	41.95476666107988
9740957.0	41.841845588866455
9771350.0	41.23328965941583
9801743.0	41.86642461220538
9832136.0	41.47000810699205
9862529.0	32.6996253758876
9892922.0	28.205560852239998
9923315.0	38.05347908611886
9953708.0	41.21029947354188
9984101.0	41.893271465087615
1.0014494E7	41.81676638777281
1.0044887E7	41.244520838197396
1.007528E7	39.05780080290252
1.01041125E7	32.751856672977766
1.0119309E7	19.337961493045274
1.0136066E7	33.938422610638156
1.0166459E7	41.67559367381629
1.0196852E7	41.248170278919815
1.0227245E7	29.69774813537149
1.0257638E7	41.93443575277319
1.0288031E7	41.344528945492165
1.0318424E7	41.91047436371152
1.0348817E7	41.21123037302237
1.037921E7	41.80444444444444
1.0409603E7	41.8090273654385
1.0439996E7	41.77843375014018
1.0470389E7	41.06581223844221
1.0500782E7	41.85936449067191
1.0531175E7	41.84358724901821
1.0561568E7	41.57667395262495
1.0591961E7	41.289041774443234
1.0622354E7	41.79382195211256
1.0652747E7	41.51543640570986
1.068314E7	40.05258644441885
1.0713533E7	33.91420116924287
1.0743926E7	41.81346371079391
1.0774319E7	41.25786326554898
1.0804712E7	41.20479507329724
1.0835105E7	30.248169599981146
1.0865498E7	41.78864353760236
1.0895891E7	41.637662785099714
1.0926284E7	41.9191679260476
1.0956677E7	41.981210271578945
1.098707E7	41.49307104571029
1.1017463E7	41.448521869673094
1.1047856E7	41.95765035781577
1.1078249E7	33.65857320512147
1.1108642E7	40.628505929963275
1.1139035E7	41.84247171213452
1.1169428E7	41.43451963803685
1.1196832E7	9.292327624283537
1.12120285E7	0.9274575490651991
1.1230214E7	25.41488512927092
1.1260607E7	29.36789298513143
1.1291E7	41.481471682751604
1.1321393E7	41.07411372979408
1.1351786E7	41.2925657149841
1.1382179E7	41.325942523249424
1.1412572E7	40.933615775581266
1.1442965E7	41.967047461732996
1.1473358E7	41.76720151523779
1.1503751E7	41.641406966471905
1.1534144E7	41.956773055995995
1.1564537E7	41.82852828212047
1.159493E7	41.55146470560953
1.1625323E7	41.17612075935664
1.1655716E7	29.91641743698412
1.1686109E7	41.31990318071895
1.1716502E7	41.875549590275625
1.1746895E7	41.96029967264477
1.1777288E7	40.79515547331591
1.1807681E7	41.80338834030716
1.1838074E7	41.85512102741356
1.1868467E7	41.91914923719352
1.189886E7	40.53100701714377
1.1929253E7	41.64672412664956
1.1959646E7	41.8640652822557
1.1990039E7	40.6183134042093
1.2020432E7	27.12021025446892
1.2050825E7	18.20586857966832
1.2081218E7	41.17900396872655
1.2111611E7	41.79498786318813
1.21419565E7	32.0324934247208
