# Position (bp)	A	C	G	T	N
0.0	25.759798268046612	22.967818180558616	35.375421204998446	15.895859060631711	0.0011032857646116729
1.0	23.30171314815784	20.137711477371813	12.4159052510277	44.14459606377821	7.405966444059773E-5
2.0	32.810142531978144	20.444120431525022	13.255418149377668	33.49014900684351	1.6988027566229645E-4
3.0	21.499741358270235	22.829788684767653	10.047273492125944	45.622931438378096	2.6502645807317577E-4
4.0	40.90840108816907	9.598846139922317	9.765495105181127	39.727113817814875	1.4384891261010735E-4
5.0	45.25192910514721	10.193402097675147	22.801836706642383	21.74564925222119	0.007182838314070917
6.0	35.04612668537068	13.887278432819885	20.585362072007758	30.481137688524427	9.51212772504624E-5
7.0	39.940708754632574	15.600291857433618	20.077975620706706	24.381000062107415	2.3705119689519825E-5
8.0	18.6430605528165	33.100816405551	22.929963858978866	25.326135544076138	2.3638577496594273E-5
9.0	29.687841468701752	20.047682733715767	12.848971435859463	37.415504361723016	0.0
10.0	27.44379793238939	15.045846966716713	28.096765963550514	29.413589137343383	0.0
11.0	27.142692268174972	18.24013635538349	18.366597247276435	36.2505741291651	0.0
12.0	25.197333932449638	20.56841159290047	23.423785853366287	30.810468621283604	0.0
13.0	23.671498712523313	26.44800265994458	18.588744362327787	31.291754265204318	0.0
14.0	32.94794792579372	20.513450127003157	20.24506961468992	26.2935323325132	0.0
15.0	32.940869634346505	18.950415495788093	19.44639768440916	28.662317185456242	0.0
16.0	31.884373279992467	18.625914467047874	18.497510432247967	30.992178626341243	2.3194370447959836E-5
17.0	31.947680137384193	18.406102672465067	18.641456420558562	31.004737625354974	2.314423720065822E-5
18.0	31.555760836932173	18.525900094686033	19.14500819842498	30.773330869956816	0.0
19.0	30.871548279722482	19.10243404669539	19.254023291002955	30.771994382579177	0.0
20.0	30.693827503451754	19.25190110833213	19.427754203962916	30.626517184253206	0.0
21.0	30.47227812043401	19.36404319510889	19.411637950322916	30.752040734134184	0.0
22.0	30.698109323032806	19.462781083016516	19.12595436717089	30.71308652402295	6.870275683552354E-5
23.0	31.006167437929687	19.35929216726013	19.249847396647365	30.384692998162816	0.0
24.0	30.629505935542372	19.492666893512364	19.183642843915262	30.693591365754024	5.929612759796861E-4
25.0	30.69682575339111	19.591184512059925	19.210690962902678	30.50129877164629	0.0
26.0	30.88731030967781	19.297843161927066	19.385763805766924	30.428969159409597	1.135632185996565E-4
27.0	30.55998415224722	19.48670688139707	19.40359230840017	30.54971665795554	0.0
28.0	30.928222855278975	19.43969048682185	19.290127436224207	30.34180088208722	1.5833958774704934E-4
29.0	30.885049121740927	19.25384434450997	19.562534113887676	30.298572419861426	0.0
30.0	30.57621364374879	19.48404636314129	19.503535952208374	30.435978727733144	2.2531316840559615E-4
31.0	30.704547831455507	19.770859737055478	19.134156585927037	30.39043584556198	0.0
32.0	30.756007458037317	19.565583919196364	19.25087360288084	30.427400317224766	1.3470266071430575E-4
33.0	30.5111821086262	19.394401057074116	19.471225388424536	30.62263117508059	5.602707945625944E-4
34.0	30.555389009895496	19.595844392462315	19.394699492965408	30.45261293734642	0.0014541673303635507
35.0	30.639721164079663	19.26496224748363	19.560192397678453	30.531059136488665	0.004065054269591272
36.0	30.701306371185698	19.455594664963318	19.388485181271438	30.45191512936362	0.0026986532159248193
37.0	30.650914063752825	19.54096359781195	19.42071432389573	30.385225308696967	0.002182705842524455
38.0	30.79090470820418	19.441211797885668	19.41769647254547	30.347851061893806	0.002335959470880708
39.0	30.58226925453002	19.49153107347144	19.435175267445633	30.487779945688647	0.003244458864261619
40.0	30.592420780554963	19.302549677319682	19.47467248607801	30.622476788171515	0.007880267875832727
41.0	30.758496666082742	19.371711263030218	19.34017930199503	30.52138607582306	0.008226693068955654
42.0	30.532678296407756	19.537637152787006	19.47549637301659	30.44521597963998	0.008972198148669987
43.0	30.507721706074538	19.736817060922444	19.371325776807303	30.37397677269027	0.01015868350544076
44.0	30.812297303811757	19.505338375759205	19.41162214002948	30.258778876121646	0.011963304277909549
45.0	30.59206165723709	19.511866950172596	19.472186725064645	30.40976681460586	0.014117852919810596
46.0	30.58250766103066	19.602414529919248	19.34394512006531	30.459079025013118	0.012053663971664618
47.0	30.796727865863854	19.532784212716074	19.314344860630754	30.344032052478386	0.012111008310931277
48.0	30.48834629658858	19.4718204607518	19.37612809418545	30.64640072374379	0.017304424730381632
49.0	30.627200435648263	19.716057612367337	19.20072995755866	30.440922034029732	0.015089960396013432
50.0	30.70528119380037	19.447710583015457	19.429394278488402	30.402709932478437	0.014904012217327355
51.0	30.48850943920924	19.57511678007329	19.46801704443451	30.45141614539515	0.016940590887810168
52.0	30.609471669843618	19.576099248503194	19.412659632877638	30.387059223717895	0.01471022505764803
53.0	30.64729231928247	19.443844969472195	19.599659625192132	30.301731015116	0.007472070937204276
54.0	30.500983904123657	19.439503020241915	19.406534160110052	30.644193076715087	0.00878583880929041
55.0	30.469330531652705	19.689240874652963	19.432422589559863	30.400027571909227	0.008978432225239667
56.0	30.688464510489737	19.35170765719692	19.477621403976674	30.475405023649145	0.006801404687528111
57.0	30.470337736912896	19.658032685717142	19.43587630385291	30.433253191825788	0.0025000816912657893
58.0	30.396859234383577	19.703218692904017	19.492431408094575	30.40532053762156	0.0021701269962702313
59.0	30.73043305639968	19.4686397121415	19.376569515299273	30.422977320538163	0.001380395621385089
60.0	30.433240876372835	19.657785133060926	19.534650333966454	30.372790494746948	0.0015331618528304797
61.0	30.462429846466826	19.54037257289684	19.587926126474063	30.40778266887532	0.0014887852869480383
62.0	30.726796198313643	19.49739824141912	19.32178090511652	30.453346173417746	6.78481732973665E-4
63.0	30.388361516774953	19.585787099689192	19.43925581273227	30.586551810526753	4.376027682751121E-5
64.0	30.491106758705893	19.548069263031444	19.373144279316502	30.587635951294867	4.374765129797094E-5
65.0	30.617985882105963	19.59144266682995	19.36696902635515	30.423580556843334	2.1867865608845113E-5
66.0	30.506544102874532	19.42689884355343	19.527964128054503	30.538571064110542	2.186140698703684E-5
67.0	30.668994429891068	19.738196575058343	19.182759282385682	30.41002785710133	2.1855563574118993E-5
68.0	30.747928792908567	19.489350247198896	19.639939790402604	30.122781169489933	0.0
69.0	30.501639332802032	19.59181836611999	19.550682123233084	30.35546694769515	3.93230149742041E-4
70.0	30.57843206425047	19.629132979895733	19.393663242890092	30.398749869759893	2.1843203803862886E-5
71.0	30.697232313432494	19.45638729745898	19.481198824859668	30.36505051744921	1.3104679965150287E-4
72.0	30.54653046810557	19.57313793281928	19.5489399972002	30.331391601874948	0.0
73.0	30.494380398014098	19.674230592919713	19.365028545171388	30.466360463894798	0.0
74.0	30.828780106499316	19.34787788725033	19.442622571293846	30.38071943495651	0.0
75.0	30.49609268614532	19.626179450549618	19.47749164013269	30.400236223172367	0.0
76.0	30.528808511744227	19.50020562142551	19.35294005878829	30.61804580804197	0.0
77.0	30.493109793837625	19.609493104989102	19.450784023300336	30.446613077872936	0.0
78.0	30.334661091784827	19.704228099247924	19.26732807777751	30.693760889464926	2.1841724814798553E-5
79.0	30.05312869078176	19.915515705214947	19.347641798647437	30.68369196237153	2.1842984328314033E-5
80.0	30.44513186179416	19.617675072965273	19.313623971058565	30.623569094182002	0.0
81.0	30.24699949375231	19.768568114348614	19.309733349268736	30.67465534408128	4.369854905522645E-5
82.0	30.283843486679846	20.094763838940814	19.07865333066701	30.542717488583428	2.1855128907014074E-5
83.0	30.59137849285935	19.87722159593563	18.94240414918693	30.588864602522243	1.3115949584912987E-4
84.0	30.194046041791804	19.947179137202387	19.09291823021683	30.765681658307447	1.7493248152876994E-4
85.0	30.32696539826371	19.983870357396043	19.013116982343796	30.675959767325423	8.749467102769272E-5
86.0	30.408716675021548	19.892813920142803	19.105646316569818	30.592669921532682	1.531667331483225E-4
87.0	30.02704190455554	20.114558744187523	19.239062036602327	30.61874635437699	5.909602776200059E-4
88.0	29.988303847731952	20.458413851116873	18.9997884971342	30.553274856950935	2.189470660436309E-4
89.0	30.146198362909495	20.401998956148375	19.12688360353525	30.324875273310187	4.3804096690534786E-5
90.0	30.07771555275105	20.3065239873096	19.303233072163504	30.3118262607141	7.01127061751766E-4
91.0	30.198788371363584	20.40675196157017	19.25380001135395	30.140177441630726	4.8221408157177246E-4
92.0	30.344550670557823	20.45604861664829	19.344972592610134	29.853989531771784	4.3858841196784976E-4
93.0	30.146049297396914	20.34161538377157	19.343864152433607	30.168207895920407	2.632704775068286E-4
94.0	29.944879936604245	20.576291128764947	19.416223430526987	30.062078669567182	5.268345366380493E-4
95.0	30.245707622622646	20.36534927530407	19.498560623481637	29.890272661202594	1.0981738905643362E-4
96.0	30.08901676764112	20.540332900339767	19.465393954190876	29.905014645672303	2.4173215593657917E-4
97.0	30.067766119051225	20.514548465164793	19.564270516560274	29.852601380387554	8.135188361491712E-4
98.0	30.121856756328064	20.328745509651895	19.65879844235602	29.890137304719765	4.619869442489555E-4
99.0	29.99960595973789	20.245568532957286	19.782714312224737	29.971384752138768	7.264429413190399E-4
100.0	29.90158793723673	20.487295775200128	19.736908477464482	29.87323860205838	9.692080402855728E-4
101.0	29.950983352678723	20.37475098229467	19.82714346990605	29.846460939872944	6.612552476114358E-4
102.0	29.821346679557603	20.331485058621347	19.899162155169048	29.94688112741449	0.001124979237515543
103.0	29.778128724501208	20.53029501967894	19.9902030234644	29.70013702080522	0.0012362115502335667
104.0	29.92183771937576	20.392269489758046	19.959770064155812	29.72581343560559	3.092911047878263E-4
105.0	29.59985848222183	20.456262161684062	20.096386874226074	29.847227136033965	2.653458340704051E-4
106.0	29.550070024911516	20.472703563568633	20.16805978764127	29.80894530620628	2.213176723046606E-4
107.0	29.783234314776003	20.37160148218807	20.256031219256304	29.5883354891533	7.974946263261393E-4
108.0	29.506996063259262	20.394973460149867	20.36481705929857	29.73250385491933	7.095623729717048E-4
109.0	29.61309639417213	20.438477583243642	20.22354716649438	29.72441272588725	4.6613020259572366E-4
110.0	29.68154632550376	20.350495470152243	20.265835802018145	29.70163355384844	4.888484774147559E-4
111.0	29.73080467640038	20.294698553600938	20.160408977047982	29.813709637774053	3.7815517664406854E-4
112.0	29.839538703838315	20.22675970268383	20.167788194295976	29.765623886489646	2.8951269223642765E-4
113.0	30.092865986812058	20.086969592087232	20.33277164449646	29.487348174526147	4.460207810002284E-5
114.0	30.142944818708163	20.12325093377334	20.361015845336226	29.372676733521953	1.1166866032448232E-4
115.0	29.805751314437877	20.54621202088784	20.155415054563935	29.492576870904124	4.473920621910758E-5
116.0	30.16597430407812	20.15005945100704	20.335852251362354	29.347441724343632	6.722692088601496E-4
117.0	29.943447400829793	20.12062100105643	20.482784815923445	29.452944744482913	2.0203770741976745E-4
118.0	29.999287102011202	20.130147736301506	20.50285620217877	29.367394114970878	3.148445376384276E-4
119.0	30.018959874273687	19.98054450163646	20.605053383220152	29.395374655766542	6.758510316190146E-5
120.0	29.859562582040695	20.05363452687685	20.873093541287123	29.2136642104864	4.513930893523592E-5
121.0	29.820522684513307	20.14142610726754	20.88175674682411	29.155638601045354	6.55860349691169E-4
122.0	29.972660654911476	20.006649008495504	20.974381148179976	29.04562933069367	6.798577193764889E-4
123.0	29.836036685781036	19.88991904021829	21.146757657480084	29.125924115986944	0.0013625005336460425
124.0	29.886405526808023	19.846378948613975	21.17656294799503	29.08880939702998	0.0018431795529948256
125.0	29.86137649429098	19.899322615450423	21.313147389283152	28.9243749903094	0.001778510666047684
126.0	29.769562026651457	19.876137704384668	21.42560448327955	28.924788818121748	0.00390696756257317
127.0	29.723745597956707	19.999024693568334	21.492296681806046	28.782254368159403	0.002678658509502827
128.0	29.70040156293875	19.72671054249538	21.656066298261422	28.91432100442123	0.0025005918832163945
129.0	29.497228357926215	19.885497341467406	21.72407815773163	28.89179376923091	0.0014023736438357173
130.0	29.700769289784095	19.808975792403498	21.8103364660775	28.67957286918986	3.4558254504034905E-4
131.0	29.53904325323543	19.657803744715157	22.080595342342857	28.722419139275594	1.385204309555301E-4
132.0	29.4518410278134	19.829786682725867	22.119217340788243	28.598645965230418	5.08983442074561E-4
133.0	29.416138578692912	19.832118568695336	22.240695898302913	28.51090784142244	1.391128863976347E-4
134.0	29.44868310745375	19.633353842493367	22.471494745999323	28.445562121378288	9.061826752743178E-4
135.0	29.373928837555884	19.67110655737705	22.588324329359168	28.36596497764531	6.752980625931446E-4
136.0	29.267440639402604	19.779989498862378	22.67230616650137	28.279446940085172	8.167551484744182E-4
137.0	29.451022786224136	19.44952119973486	22.792702944559647	28.306144950342393	6.081191389594333E-4
138.0	29.191988598947244	19.403287391066755	23.042823575085258	28.361103355213167	7.970796875728947E-4
139.0	29.156218161037945	19.692033821201786	23.017266821310816	28.13419922778181	2.8196866764165166E-4
140.0	29.295224230774668	19.4135702137483	23.295078182786124	27.995891811419067	2.3556127184241893E-4
141.0	29.115638514745417	19.507782226143668	23.32034563740003	28.056068303724096	1.6531798678589714E-4
142.0	29.15950173260774	19.40345441775903	23.519658716293236	27.917361454130766	2.3679209228071986E-5
143.0	29.036070520256473	19.37330950609789	23.725271405322363	27.86311595256214	0.0022326157611272145
144.0	28.847117406350698	19.392162585548615	23.82061743911083	27.9400549178912	4.7651098655643376E-5
145.0	28.91644744723848	19.339804580855084	23.9537069784114	27.790017080822203	2.3912672831831978E-5
146.0	29.054446658980137	19.11397959433786	24.085054190975427	27.746495525297533	2.4030409040816614E-5
147.0	28.803072069714585	19.199879462184647	24.333136145334166	27.663839767901827	7.255486477949851E-5
148.0	28.722687408123015	19.209309528223454	24.370226428221656	27.6977027768607	7.385857117639716E-5
149.0	28.329815143832267	19.3640193273167	25.515630910994076	26.79050898753033	2.5630326622630347E-5
