#Coverage	Number of genomic locations
0.0	8508.0
1.0	760.0
2.0	1394.0
3.0	1659.0
4.0	2589.0
5.0	2362.0
6.0	2978.0
7.0	3353.0
8.0	3900.0
9.0	4177.0
10.0	4913.0
11.0	5889.0
12.0	6620.0
13.0	7453.0
14.0	8725.0
15.0	10111.0
16.0	11879.0
17.0	14356.0
18.0	16177.0
19.0	19932.0
20.0	22912.0
21.0	27046.0
22.0	32214.0
23.0	37978.0
24.0	44061.0
25.0	51703.0
26.0	60679.0
27.0	71165.0
28.0	80904.0
29.0	92149.0
30.0	104919.0
31.0	118487.0
32.0	131816.0
33.0	145743.0
34.0	161238.0
35.0	177404.0
36.0	193263.0
37.0	207892.0
38.0	223742.0
39.0	238295.0
40.0	252854.0
41.0	265589.0
42.0	279251.0
43.0	289430.0
44.0	297725.0
45.0	305053.0
46.0	307206.0
47.0	311475.0
48.0	313266.0
49.0	312526.0
50.0	311508.0
51.0	305827.0
52.0	301474.0
53.0	298335.0
54.0	289170.0
55.0	280463.0
56.0	271276.0
57.0	260578.0
58.0	250608.0
59.0	239116.0
60.0	228399.0
61.0	215913.0
62.0	205206.0
63.0	192625.0
64.0	182058.0
65.0	171331.0
66.0	160310.0
67.0	149081.0
68.0	138848.0
69.0	129753.0
70.0	121245.0
71.0	112627.0
72.0	105694.0
73.0	98147.0
74.0	90493.0
75.0	85405.0
76.0	79964.0
77.0	74680.0
78.0	68683.0
79.0	65112.0
80.0	61465.0
81.0	57862.0
82.0	55146.0
83.0	51449.0
84.0	49206.0
85.0	46073.0
86.0	43914.0
87.0	42475.0
88.0	40014.0
89.0	38167.0
90.0	36586.0
91.0	35470.0
92.0	33597.0
93.0	32358.0
94.0	31010.0
95.0	29199.0
96.0	28133.0
97.0	27503.0
98.0	25860.0
99.0	25187.0
100.0	24572.0
101.0	23007.0
102.0	22030.0
103.0	21467.0
104.0	20408.0
105.0	19321.0
106.0	18842.0
107.0	18499.0
108.0	17475.0
109.0	16657.0
110.0	15875.0
111.0	15447.0
112.0	14819.0
113.0	14038.0
114.0	13431.0
115.0	12835.0
116.0	12332.0
117.0	11900.0
118.0	11354.0
119.0	11075.0
120.0	10381.0
121.0	9843.0
122.0	9318.0
123.0	9059.0
124.0	8561.0
125.0	8069.0
126.0	7797.0
127.0	7411.0
128.0	7290.0
129.0	6761.0
130.0	6350.0
131.0	6212.0
132.0	5815.0
133.0	5675.0
134.0	5545.0
135.0	4895.0
136.0	4914.0
137.0	4633.0
138.0	4313.0
139.0	4067.0
140.0	3763.0
141.0	3830.0
142.0	3660.0
143.0	3240.0
144.0	3159.0
145.0	3022.0
146.0	2857.0
147.0	2700.0
148.0	2645.0
149.0	2424.0
150.0	2283.0
151.0	2071.0
152.0	2082.0
153.0	1953.0
154.0	1756.0
155.0	1706.0
156.0	1670.0
157.0	1634.0
158.0	1464.0
159.0	1338.0
160.0	1323.0
161.0	1238.0
162.0	1169.0
163.0	1148.0
164.0	1123.0
165.0	1155.0
166.0	1075.0
167.0	1018.0
168.0	991.0
169.0	884.0
170.0	852.0
171.0	812.0
172.0	837.0
173.0	770.0
174.0	735.0
175.0	722.0
176.0	654.0
177.0	585.0
178.0	663.0
179.0	683.0
180.0	665.0
181.0	548.0
182.0	540.0
183.0	467.0
184.0	517.0
185.0	508.0
186.0	517.0
187.0	423.0
188.0	414.0
189.0	443.0
190.0	442.0
191.0	416.0
192.0	433.0
193.0	436.0
194.0	437.0
195.0	403.0
196.0	384.0
197.0	400.0
198.0	367.0
199.0	266.0
200.0	284.0
201.0	273.0
202.0	242.0
203.0	232.0
204.0	255.0
205.0	244.0
206.0	215.0
207.0	303.0
208.0	211.0
209.0	230.0
210.0	198.0
211.0	194.0
212.0	181.0
213.0	182.0
214.0	223.0
215.0	177.0
216.0	197.0
217.0	145.0
218.0	157.0
219.0	155.0
220.0	128.0
221.0	145.0
222.0	119.0
223.0	136.0
224.0	152.0
225.0	126.0
226.0	145.0
227.0	121.0
228.0	123.0
229.0	131.0
230.0	133.0
231.0	132.0
232.0	137.0
233.0	133.0
234.0	148.0
235.0	130.0
236.0	117.0
237.0	87.0
238.0	111.0
239.0	75.0
240.0	81.0
241.0	82.0
242.0	104.0
243.0	81.0
244.0	61.0
245.0	119.0
246.0	81.0
247.0	87.0
248.0	89.0
249.0	97.0
250.0	92.0
251.0	89.0
252.0	110.0
253.0	108.0
254.0	86.0
255.0	85.0
256.0	85.0
257.0	86.0
258.0	91.0
259.0	105.0
260.0	91.0
261.0	83.0
262.0	77.0
263.0	86.0
264.0	81.0
265.0	86.0
266.0	69.0
267.0	77.0
268.0	69.0
269.0	70.0
270.0	90.0
271.0	74.0
272.0	92.0
273.0	96.0
274.0	84.0
275.0	92.0
276.0	67.0
277.0	63.0
278.0	88.0
279.0	56.0
280.0	91.0
281.0	83.0
282.0	67.0
283.0	60.0
284.0	81.0
285.0	64.0
286.0	59.0
287.0	51.0
288.0	57.0
289.0	44.0
290.0	46.0
291.0	49.0
292.0	45.0
293.0	60.0
294.0	54.0
295.0	54.0
296.0	31.0
297.0	56.0
298.0	47.0
299.0	57.0
300.0	41.0
301.0	55.0
302.0	50.0
303.0	42.0
304.0	38.0
305.0	34.0
306.0	60.0
307.0	50.0
308.0	75.0
309.0	66.0
310.0	77.0
311.0	61.0
312.0	56.0
313.0	41.0
314.0	39.0
315.0	33.0
316.0	33.0
317.0	47.0
318.0	42.0
319.0	47.0
320.0	39.0
321.0	44.0
322.0	53.0
323.0	55.0
324.0	67.0
325.0	53.0
326.0	61.0
327.0	64.0
328.0	50.0
329.0	63.0
330.0	46.0
331.0	64.0
332.0	49.0
333.0	54.0
334.0	50.0
335.0	38.0
336.0	41.0
337.0	65.0
338.0	65.0
339.0	43.0
340.0	43.0
341.0	59.0
342.0	44.0
343.0	51.0
344.0	51.0
345.0	62.0
346.0	47.0
347.0	47.0
348.0	52.0
349.0	43.0
350.0	47.0
351.0	29.0
352.0	26.0
353.0	38.0
354.0	28.0
355.0	32.0
356.0	54.0
357.0	44.0
358.0	39.0
359.0	52.0
360.0	38.0
361.0	36.0
362.0	35.0
363.0	52.0
364.0	43.0
365.0	42.0
366.0	34.0
367.0	41.0
368.0	30.0
369.0	42.0
370.0	31.0
371.0	34.0
372.0	38.0
373.0	42.0
374.0	50.0
375.0	40.0
376.0	32.0
377.0	54.0
378.0	30.0
379.0	43.0
380.0	41.0
381.0	36.0
382.0	45.0
383.0	30.0
384.0	35.0
385.0	35.0
386.0	33.0
387.0	35.0
388.0	39.0
389.0	32.0
390.0	30.0
391.0	27.0
392.0	45.0
393.0	42.0
394.0	31.0
395.0	35.0
396.0	31.0
397.0	40.0
398.0	43.0
399.0	38.0
400.0	41.0
401.0	32.0
402.0	40.0
403.0	31.0
404.0	25.0
405.0	26.0
406.0	27.0
407.0	23.0
408.0	14.0
409.0	29.0
410.0	24.0
411.0	15.0
412.0	24.0
413.0	29.0
414.0	20.0
415.0	24.0
416.0	28.0
417.0	20.0
418.0	25.0
419.0	17.0
420.0	17.0
421.0	16.0
422.0	35.0
423.0	26.0
424.0	14.0
425.0	23.0
426.0	24.0
427.0	20.0
428.0	14.0
429.0	23.0
430.0	12.0
431.0	26.0
432.0	13.0
433.0	19.0
434.0	17.0
435.0	15.0
436.0	33.0
437.0	23.0
438.0	22.0
439.0	22.0
440.0	17.0
441.0	31.0
442.0	22.0
443.0	10.0
444.0	12.0
445.0	17.0
446.0	23.0
447.0	17.0
448.0	26.0
449.0	26.0
450.0	26.0
451.0	20.0
452.0	23.0
453.0	15.0
454.0	18.0
455.0	34.0
456.0	19.0
457.0	26.0
458.0	19.0
459.0	18.0
460.0	28.0
461.0	24.0
462.0	19.0
463.0	27.0
464.0	24.0
465.0	27.0
466.0	16.0
467.0	14.0
468.0	33.0
469.0	16.0
470.0	15.0
471.0	18.0
472.0	23.0
473.0	23.0
474.0	19.0
475.0	18.0
476.0	22.0
477.0	12.0
478.0	15.0
479.0	22.0
480.0	22.0
481.0	25.0
482.0	18.0
483.0	14.0
484.0	21.0
485.0	15.0
486.0	13.0
487.0	11.0
488.0	11.0
489.0	19.0
490.0	18.0
491.0	16.0
492.0	16.0
493.0	15.0
494.0	10.0
495.0	14.0
496.0	11.0
497.0	10.0
498.0	16.0
499.0	11.0
500.0	6.0
501.0	12.0
502.0	11.0
503.0	8.0
504.0	6.0
505.0	17.0
506.0	18.0
507.0	15.0
508.0	22.0
509.0	18.0
510.0	20.0
511.0	24.0
512.0	16.0
513.0	17.0
514.0	21.0
515.0	27.0
516.0	31.0
517.0	16.0
518.0	16.0
519.0	36.0
520.0	22.0
521.0	27.0
522.0	18.0
523.0	21.0
524.0	17.0
525.0	17.0
526.0	16.0
527.0	17.0
528.0	13.0
529.0	24.0
530.0	13.0
531.0	19.0
532.0	17.0
533.0	11.0
534.0	18.0
535.0	16.0
536.0	13.0
537.0	15.0
538.0	15.0
539.0	17.0
540.0	17.0
541.0	16.0
542.0	9.0
543.0	13.0
544.0	17.0
545.0	16.0
546.0	15.0
547.0	20.0
548.0	21.0
549.0	9.0
550.0	9.0
551.0	15.0
552.0	9.0
553.0	13.0
554.0	19.0
555.0	18.0
556.0	23.0
557.0	25.0
558.0	20.0
559.0	14.0
560.0	19.0
561.0	21.0
562.0	20.0
563.0	25.0
564.0	17.0
565.0	13.0
566.0	22.0
567.0	28.0
568.0	24.0
569.0	22.0
570.0	24.0
571.0	12.0
572.0	26.0
573.0	23.0
574.0	12.0
575.0	14.0
576.0	21.0
577.0	13.0
578.0	28.0
579.0	17.0
580.0	23.0
581.0	21.0
582.0	22.0
583.0	23.0
584.0	13.0
585.0	14.0
586.0	24.0
587.0	18.0
588.0	9.0
589.0	9.0
590.0	11.0
591.0	11.0
592.0	12.0
593.0	11.0
594.0	23.0
595.0	6.0
596.0	11.0
597.0	13.0
598.0	14.0
599.0	10.0
600.0	13.0
601.0	5.0
602.0	16.0
603.0	16.0
604.0	13.0
605.0	17.0
606.0	14.0
607.0	8.0
608.0	11.0
609.0	11.0
610.0	14.0
611.0	11.0
612.0	17.0
613.0	8.0
614.0	9.0
615.0	10.0
616.0	7.0
617.0	17.0
618.0	11.0
619.0	15.0
620.0	8.0
621.0	10.0
622.0	12.0
623.0	10.0
624.0	11.0
625.0	5.0
626.0	2.0
627.0	6.0
628.0	6.0
629.0	6.0
630.0	6.0
631.0	5.0
632.0	12.0
633.0	3.0
634.0	4.0
635.0	7.0
636.0	3.0
637.0	5.0
638.0	5.0
639.0	10.0
640.0	10.0
641.0	6.0
642.0	8.0
643.0	9.0
644.0	11.0
645.0	5.0
646.0	4.0
647.0	4.0
648.0	7.0
649.0	10.0
650.0	9.0
651.0	4.0
652.0	6.0
653.0	8.0
654.0	6.0
655.0	2.0
656.0	4.0
657.0	4.0
658.0	3.0
659.0	2.0
660.0	7.0
661.0	6.0
662.0	7.0
663.0	6.0
664.0	3.0
665.0	1.0
666.0	11.0
667.0	6.0
668.0	8.0
669.0	3.0
670.0	3.0
671.0	2.0
672.0	10.0
673.0	6.0
674.0	7.0
675.0	4.0
676.0	4.0
677.0	7.0
678.0	8.0
679.0	5.0
681.0	5.0
682.0	7.0
683.0	4.0
684.0	4.0
685.0	3.0
686.0	3.0
687.0	6.0
689.0	5.0
690.0	3.0
692.0	2.0
693.0	4.0
694.0	2.0
695.0	3.0
696.0	6.0
697.0	4.0
698.0	7.0
699.0	5.0
700.0	1.0
701.0	5.0
702.0	4.0
703.0	1.0
704.0	4.0
705.0	5.0
706.0	3.0
707.0	1.0
708.0	2.0
709.0	3.0
710.0	3.0
711.0	1.0
712.0	4.0
713.0	4.0
714.0	4.0
715.0	2.0
716.0	4.0
717.0	6.0
718.0	3.0
719.0	3.0
720.0	3.0
722.0	2.0
723.0	2.0
724.0	1.0
725.0	4.0
726.0	6.0
727.0	2.0
729.0	2.0
730.0	4.0
731.0	2.0
732.0	1.0
733.0	3.0
734.0	3.0
735.0	3.0
736.0	5.0
737.0	5.0
738.0	2.0
739.0	8.0
740.0	4.0
741.0	2.0
742.0	4.0
743.0	3.0
744.0	7.0
745.0	7.0
746.0	3.0
747.0	3.0
748.0	1.0
749.0	3.0
750.0	7.0
751.0	6.0
752.0	2.0
753.0	3.0
754.0	5.0
755.0	1.0
756.0	9.0
757.0	3.0
758.0	5.0
759.0	9.0
760.0	6.0
761.0	4.0
762.0	6.0
763.0	6.0
764.0	4.0
765.0	5.0
766.0	4.0
767.0	6.0
768.0	4.0
769.0	2.0
770.0	2.0
771.0	9.0
772.0	7.0
773.0	6.0
774.0	3.0
775.0	4.0
776.0	3.0
777.0	5.0
778.0	7.0
779.0	2.0
780.0	8.0
781.0	4.0
782.0	3.0
783.0	4.0
784.0	1.0
785.0	2.0
786.0	4.0
788.0	1.0
790.0	2.0
791.0	2.0
792.0	3.0
793.0	5.0
794.0	1.0
796.0	1.0
797.0	3.0
799.0	1.0
800.0	1.0
801.0	1.0
802.0	1.0
803.0	3.0
805.0	2.0
806.0	4.0
807.0	2.0
808.0	3.0
809.0	4.0
810.0	6.0
811.0	3.0
812.0	5.0
813.0	2.0
814.0	3.0
815.0	7.0
816.0	1.0
817.0	3.0
818.0	3.0
819.0	3.0
820.0	3.0
821.0	7.0
822.0	4.0
823.0	9.0
824.0	3.0
825.0	3.0
826.0	3.0
827.0	3.0
828.0	2.0
830.0	3.0
831.0	3.0
832.0	7.0
833.0	3.0
834.0	1.0
835.0	2.0
836.0	3.0
837.0	6.0
838.0	2.0
839.0	8.0
840.0	1.0
841.0	9.0
842.0	2.0
843.0	5.0
844.0	2.0
845.0	5.0
846.0	7.0
847.0	7.0
848.0	5.0
849.0	3.0
850.0	5.0
851.0	2.0
852.0	3.0
853.0	5.0
854.0	6.0
855.0	6.0
856.0	1.0
857.0	2.0
859.0	2.0
860.0	5.0
861.0	2.0
863.0	4.0
864.0	1.0
865.0	3.0
866.0	1.0
867.0	1.0
868.0	4.0
870.0	5.0
871.0	5.0
872.0	3.0
874.0	6.0
875.0	2.0
876.0	3.0
877.0	3.0
878.0	3.0
879.0	5.0
880.0	6.0
881.0	2.0
882.0	4.0
883.0	5.0
884.0	5.0
885.0	4.0
887.0	1.0
888.0	1.0
889.0	5.0
890.0	3.0
891.0	5.0
892.0	1.0
893.0	8.0
894.0	4.0
895.0	3.0
896.0	6.0
897.0	4.0
898.0	7.0
899.0	8.0
900.0	6.0
901.0	3.0
902.0	5.0
903.0	5.0
904.0	5.0
905.0	6.0
906.0	4.0
907.0	6.0
908.0	4.0
909.0	3.0
910.0	8.0
911.0	8.0
912.0	7.0
913.0	1.0
914.0	7.0
915.0	5.0
916.0	11.0
917.0	6.0
918.0	6.0
919.0	6.0
920.0	3.0
921.0	5.0
922.0	1.0
923.0	10.0
924.0	3.0
925.0	2.0
926.0	3.0
927.0	2.0
928.0	4.0
929.0	6.0
930.0	6.0
931.0	11.0
932.0	2.0
933.0	6.0
934.0	10.0
935.0	7.0
936.0	8.0
937.0	4.0
938.0	3.0
939.0	8.0
940.0	9.0
941.0	3.0
942.0	6.0
943.0	9.0
944.0	3.0
945.0	5.0
946.0	5.0
947.0	8.0
948.0	6.0
949.0	1.0
950.0	8.0
951.0	3.0
952.0	3.0
953.0	2.0
954.0	5.0
955.0	3.0
956.0	4.0
957.0	4.0
958.0	5.0
959.0	3.0
960.0	5.0
961.0	1.0
962.0	7.0
963.0	4.0
964.0	2.0
965.0	6.0
966.0	7.0
967.0	3.0
968.0	4.0
969.0	6.0
970.0	1.0
971.0	4.0
972.0	3.0
973.0	5.0
974.0	6.0
975.0	2.0
976.0	2.0
977.0	5.0
978.0	7.0
979.0	5.0
980.0	8.0
981.0	4.0
982.0	6.0
983.0	7.0
984.0	8.0
985.0	6.0
986.0	6.0
987.0	7.0
988.0	2.0
989.0	10.0
990.0	6.0
991.0	5.0
992.0	7.0
993.0	13.0
994.0	6.0
995.0	6.0
996.0	9.0
997.0	3.0
998.0	6.0
999.0	6.0
1000.0	3.0
1001.0	3.0
1002.0	4.0
1003.0	5.0
1004.0	4.0
1005.0	2.0
1006.0	2.0
1007.0	4.0
1008.0	2.0
1009.0	1.0
1010.0	2.0
1011.0	1.0
1012.0	3.0
1013.0	6.0
1014.0	2.0
1015.0	2.0
1016.0	4.0
1017.0	4.0
1019.0	3.0
1020.0	2.0
1021.0	4.0
1022.0	4.0
1023.0	5.0
1024.0	5.0
1025.0	9.0
1026.0	7.0
1027.0	5.0
1028.0	7.0
1029.0	4.0
1030.0	5.0
1031.0	9.0
1032.0	6.0
1033.0	3.0
1034.0	7.0
1035.0	7.0
1036.0	13.0
1037.0	10.0
1038.0	15.0
1039.0	3.0
1040.0	4.0
1041.0	12.0
1042.0	6.0
1043.0	4.0
1044.0	4.0
1045.0	5.0
1046.0	4.0
1047.0	2.0
1048.0	4.0
1049.0	4.0
1050.0	4.0
1051.0	5.0
1052.0	3.0
1053.0	3.0
1054.0	5.0
1055.0	10.0
1056.0	7.0
1057.0	9.0
1058.0	7.0
1059.0	3.0
1060.0	10.0
1061.0	2.0
1062.0	6.0
1063.0	9.0
1064.0	6.0
1065.0	7.0
1066.0	5.0
1067.0	8.0
1068.0	5.0
1069.0	6.0
1070.0	7.0
1071.0	3.0
1072.0	5.0
1073.0	8.0
1074.0	5.0
1075.0	9.0
1076.0	13.0
1077.0	10.0
1078.0	6.0
1079.0	17.0
1080.0	7.0
1081.0	11.0
1082.0	12.0
1083.0	9.0
1084.0	15.0
1085.0	11.0
1086.0	12.0
1087.0	7.0
1088.0	5.0
1089.0	4.0
1090.0	13.0
1091.0	10.0
1092.0	12.0
1093.0	13.0
1094.0	9.0
1095.0	10.0
1096.0	8.0
1097.0	15.0
1098.0	14.0
1099.0	8.0
1100.0	11.0
1101.0	13.0
1102.0	13.0
1103.0	11.0
1104.0	11.0
1105.0	8.0
1106.0	8.0
1107.0	9.0
1108.0	11.0
1109.0	9.0
1110.0	9.0
1111.0	14.0
1112.0	16.0
1113.0	13.0
1114.0	19.0
1115.0	20.0
1116.0	12.0
1117.0	10.0
1118.0	12.0
1119.0	12.0
1120.0	16.0
1121.0	10.0
1122.0	10.0
1123.0	11.0
1124.0	15.0
1125.0	12.0
1126.0	16.0
1127.0	15.0
1128.0	11.0
1129.0	11.0
1130.0	16.0
1131.0	14.0
1132.0	14.0
1133.0	25.0
1134.0	11.0
1135.0	14.0
1136.0	20.0
1137.0	7.0
1138.0	13.0
1139.0	17.0
1140.0	10.0
1141.0	14.0
1142.0	13.0
1143.0	17.0
1144.0	7.0
1145.0	20.0
1146.0	8.0
1147.0	14.0
1148.0	11.0
1149.0	9.0
1150.0	18.0
1151.0	21.0
1152.0	13.0
1153.0	13.0
1154.0	14.0
1155.0	16.0
1156.0	19.0
1157.0	14.0
1158.0	22.0
1159.0	10.0
1160.0	16.0
1161.0	11.0
1162.0	18.0
1163.0	10.0
1164.0	15.0
1165.0	8.0
1166.0	5.0
1167.0	9.0
1168.0	19.0
1169.0	14.0
1170.0	14.0
1171.0	13.0
1172.0	6.0
1173.0	10.0
1174.0	17.0
1175.0	7.0
1176.0	9.0
1177.0	8.0
1178.0	16.0
1179.0	14.0
1180.0	11.0
1181.0	16.0
1182.0	17.0
1183.0	13.0
1184.0	6.0
1185.0	9.0
1186.0	13.0
1187.0	6.0
1188.0	10.0
1189.0	11.0
1190.0	11.0
1191.0	15.0
1192.0	8.0
1193.0	15.0
1194.0	15.0
1195.0	17.0
1196.0	15.0
1197.0	13.0
1198.0	14.0
1199.0	24.0
1200.0	16.0
1201.0	14.0
1202.0	24.0
1203.0	19.0
1204.0	13.0
1205.0	17.0
1206.0	15.0
1207.0	7.0
1208.0	13.0
1209.0	14.0
1210.0	15.0
1211.0	15.0
1212.0	20.0
1213.0	16.0
1214.0	10.0
1215.0	16.0
1216.0	26.0
1217.0	19.0
1218.0	13.0
1219.0	9.0
1220.0	15.0
1221.0	18.0
1222.0	10.0
1223.0	23.0
1224.0	18.0
1225.0	20.0
1226.0	18.0
1227.0	11.0
1228.0	11.0
1229.0	18.0
1230.0	15.0
1231.0	25.0
1232.0	11.0
1233.0	17.0
1234.0	17.0
1235.0	18.0
1236.0	9.0
1237.0	17.0
1238.0	11.0
1239.0	9.0
1240.0	15.0
1241.0	9.0
1242.0	12.0
1243.0	9.0
1244.0	13.0
1245.0	8.0
1246.0	8.0
1247.0	13.0
1248.0	15.0
1249.0	19.0
1250.0	17.0
1251.0	13.0
1252.0	16.0
1253.0	12.0
1254.0	15.0
1255.0	16.0
1256.0	11.0
1257.0	19.0
1258.0	20.0
1259.0	12.0
1260.0	17.0
1261.0	17.0
1262.0	16.0
1263.0	14.0
1264.0	16.0
1265.0	9.0
1266.0	20.0
1267.0	22.0
1268.0	11.0
1269.0	13.0
1270.0	21.0
1271.0	16.0
1272.0	16.0
1273.0	14.0
1274.0	15.0
1275.0	11.0
1276.0	11.0
1277.0	13.0
1278.0	20.0
1279.0	19.0
1280.0	17.0
1281.0	13.0
1282.0	11.0
1283.0	22.0
1284.0	19.0
1285.0	11.0
1286.0	12.0
1287.0	21.0
1288.0	17.0
1289.0	15.0
1290.0	9.0
1291.0	13.0
1292.0	16.0
1293.0	14.0
1294.0	16.0
1295.0	21.0
1296.0	13.0
1297.0	21.0
1298.0	17.0
1299.0	20.0
1300.0	15.0
1301.0	18.0
1302.0	21.0
1303.0	27.0
1304.0	18.0
1305.0	16.0
1306.0	27.0
1307.0	20.0
1308.0	26.0
1309.0	24.0
1310.0	34.0
1311.0	26.0
1312.0	32.0
1313.0	26.0
1314.0	35.0
1315.0	23.0
1316.0	32.0
1317.0	26.0
1318.0	29.0
1319.0	23.0
1320.0	28.0
1321.0	33.0
1322.0	29.0
1323.0	29.0
1324.0	29.0
1325.0	31.0
1326.0	23.0
1327.0	21.0
1328.0	24.0
1329.0	23.0
1330.0	22.0
1331.0	23.0
1332.0	24.0
1333.0	30.0
1334.0	24.0
1335.0	26.0
1336.0	21.0
1337.0	35.0
1338.0	22.0
1339.0	19.0
1340.0	19.0
1341.0	19.0
1342.0	27.0
1343.0	26.0
1344.0	22.0
1345.0	21.0
1346.0	28.0
1347.0	30.0
1348.0	25.0
1349.0	24.0
1350.0	28.0
1351.0	22.0
1352.0	27.0
1353.0	19.0
1354.0	27.0
1355.0	27.0
1356.0	29.0
1357.0	21.0
1358.0	24.0
1359.0	27.0
1360.0	22.0
1361.0	26.0
1362.0	27.0
1363.0	33.0
1364.0	23.0
1365.0	29.0
1366.0	16.0
1367.0	40.0
1368.0	24.0
1369.0	30.0
1370.0	30.0
1371.0	26.0
1372.0	27.0
1373.0	28.0
1374.0	22.0
1375.0	27.0
1376.0	29.0
1377.0	23.0
1378.0	32.0
1379.0	39.0
1380.0	26.0
1381.0	26.0
1382.0	26.0
1383.0	25.0
1384.0	28.0
1385.0	26.0
1386.0	35.0
1387.0	27.0
1388.0	24.0
1389.0	30.0
1390.0	24.0
1391.0	32.0
1392.0	21.0
1393.0	32.0
1394.0	35.0
1395.0	30.0
1396.0	32.0
1397.0	30.0
1398.0	22.0
1399.0	27.0
1400.0	27.0
1401.0	28.0
1402.0	29.0
1403.0	29.0
1404.0	18.0
1405.0	23.0
1406.0	32.0
1407.0	35.0
1408.0	30.0
1409.0	32.0
1410.0	31.0
1411.0	32.0
1412.0	43.0
1413.0	29.0
1414.0	32.0
1415.0	40.0
1416.0	31.0
1417.0	37.0
1418.0	22.0
1419.0	26.0
1420.0	31.0
1421.0	33.0
1422.0	27.0
1423.0	35.0
1424.0	19.0
1425.0	27.0
1426.0	30.0
1427.0	33.0
1428.0	30.0
1429.0	38.0
1430.0	28.0
1431.0	36.0
1432.0	25.0
1433.0	41.0
1434.0	25.0
1435.0	36.0
1436.0	31.0
1437.0	34.0
1438.0	31.0
1439.0	34.0
1440.0	31.0
1441.0	36.0
1442.0	31.0
1443.0	33.0
1444.0	28.0
1445.0	27.0
1446.0	44.0
1447.0	32.0
1448.0	25.0
1449.0	24.0
1450.0	26.0
1451.0	21.0
1452.0	28.0
1453.0	29.0
1454.0	35.0
1455.0	38.0
1456.0	38.0
1457.0	28.0
1458.0	25.0
1459.0	26.0
1460.0	36.0
1461.0	34.0
1462.0	35.0
1463.0	35.0
1464.0	30.0
1465.0	31.0
1466.0	32.0
1467.0	32.0
1468.0	23.0
1469.0	30.0
1470.0	31.0
1471.0	32.0
1472.0	24.0
1473.0	23.0
1474.0	31.0
1475.0	28.0
1476.0	23.0
1477.0	40.0
1478.0	24.0
1479.0	27.0
1480.0	26.0
1481.0	33.0
1482.0	29.0
1483.0	30.0
1484.0	27.0
1485.0	24.0
1486.0	23.0
1487.0	23.0
1488.0	24.0
1489.0	21.0
1490.0	31.0
1491.0	21.0
1492.0	32.0
1493.0	36.0
1494.0	27.0
1495.0	28.0
1496.0	25.0
1497.0	18.0
1498.0	29.0
1499.0	26.0
1500.0	30.0
1501.0	30.0
1502.0	32.0
1503.0	26.0
1504.0	31.0
1505.0	25.0
1506.0	15.0
1507.0	32.0
1508.0	27.0
1509.0	29.0
1510.0	26.0
1511.0	28.0
1512.0	27.0
1513.0	26.0
1514.0	21.0
1515.0	20.0
1516.0	26.0
1517.0	31.0
1518.0	25.0
1519.0	27.0
1520.0	26.0
1521.0	33.0
1522.0	24.0
1523.0	23.0
1524.0	21.0
1525.0	28.0
1526.0	29.0
1527.0	19.0
1528.0	26.0
1529.0	30.0
1530.0	29.0
1531.0	28.0
1532.0	20.0
1533.0	18.0
1534.0	17.0
1535.0	22.0
1536.0	20.0
1537.0	15.0
1538.0	27.0
1539.0	21.0
1540.0	22.0
1541.0	20.0
1542.0	37.0
1543.0	29.0
1544.0	15.0
1545.0	26.0
1546.0	20.0
1547.0	19.0
1548.0	37.0
1549.0	28.0
1550.0	23.0
1551.0	20.0
1552.0	29.0
1553.0	20.0
1554.0	24.0
1555.0	28.0
1556.0	20.0
1557.0	20.0
1558.0	17.0
1559.0	17.0
1560.0	21.0
1561.0	20.0
1562.0	14.0
1563.0	12.0
1564.0	19.0
1565.0	15.0
1566.0	15.0
1567.0	22.0
1568.0	18.0
1569.0	19.0
1570.0	23.0
1571.0	18.0
1572.0	19.0
1573.0	27.0
1574.0	22.0
1575.0	10.0
1576.0	16.0
1577.0	27.0
1578.0	14.0
1579.0	16.0
1580.0	14.0
1581.0	21.0
1582.0	24.0
1583.0	14.0
1584.0	16.0
1585.0	21.0
1586.0	15.0
1587.0	18.0
1588.0	19.0
1589.0	16.0
1590.0	15.0
1591.0	13.0
1592.0	10.0
1593.0	18.0
1594.0	14.0
1595.0	18.0
1596.0	19.0
1597.0	19.0
1598.0	10.0
1599.0	13.0
1600.0	21.0
1601.0	26.0
1602.0	12.0
1603.0	13.0
1604.0	24.0
1605.0	16.0
1606.0	14.0
1607.0	16.0
1608.0	14.0
1609.0	23.0
1610.0	25.0
1611.0	22.0
1612.0	17.0
1613.0	24.0
1614.0	15.0
1615.0	20.0
1616.0	20.0
1617.0	20.0
1618.0	18.0
1619.0	25.0
1620.0	20.0
1621.0	19.0
1622.0	15.0
1623.0	18.0
1624.0	9.0
1625.0	13.0
1626.0	18.0
1627.0	14.0
1628.0	22.0
1629.0	25.0
1630.0	22.0
1631.0	14.0
1632.0	24.0
1633.0	13.0
1634.0	21.0
1635.0	9.0
1636.0	13.0
1637.0	16.0
1638.0	14.0
1639.0	17.0
1640.0	21.0
1641.0	10.0
1642.0	16.0
1643.0	14.0
1644.0	14.0
1645.0	14.0
1646.0	12.0
1647.0	16.0
1648.0	14.0
1649.0	16.0
1650.0	21.0
1651.0	16.0
1652.0	15.0
1653.0	8.0
1654.0	17.0
1655.0	15.0
1656.0	20.0
1657.0	18.0
1658.0	17.0
1659.0	15.0
1660.0	10.0
1661.0	18.0
1662.0	16.0
1663.0	11.0
1664.0	11.0
1665.0	18.0
1666.0	18.0
1667.0	14.0
1668.0	14.0
1669.0	19.0
1670.0	10.0
1671.0	14.0
1672.0	9.0
1673.0	14.0
1674.0	17.0
1675.0	21.0
1676.0	13.0
1677.0	10.0
1678.0	26.0
1679.0	11.0
1680.0	7.0
1681.0	14.0
1682.0	18.0
1683.0	12.0
1684.0	15.0
1685.0	24.0
1686.0	13.0
1687.0	20.0
1688.0	11.0
1689.0	15.0
1690.0	11.0
1691.0	17.0
1692.0	6.0
1693.0	10.0
1694.0	11.0
1695.0	16.0
1696.0	8.0
1697.0	9.0
1698.0	11.0
1699.0	10.0
1700.0	15.0
1701.0	11.0
1702.0	10.0
1703.0	21.0
1704.0	13.0
1705.0	5.0
1706.0	13.0
1707.0	11.0
1708.0	9.0
1709.0	7.0
1710.0	13.0
1711.0	14.0
1712.0	9.0
1713.0	8.0
1714.0	12.0
1715.0	11.0
1716.0	10.0
1717.0	5.0
1718.0	11.0
1719.0	22.0
1720.0	16.0
1721.0	15.0
1722.0	15.0
1723.0	13.0
1724.0	7.0
1725.0	13.0
1726.0	10.0
1727.0	18.0
1728.0	11.0
1729.0	19.0
1730.0	13.0
1731.0	10.0
1732.0	16.0
1733.0	10.0
1734.0	12.0
1735.0	10.0
1736.0	14.0
1737.0	12.0
1738.0	12.0
1739.0	8.0
1740.0	16.0
1741.0	14.0
1742.0	14.0
1743.0	13.0
1744.0	13.0
1745.0	13.0
1746.0	19.0
1747.0	16.0
1748.0	16.0
1749.0	14.0
1750.0	12.0
1751.0	13.0
1752.0	14.0
1753.0	11.0
1754.0	15.0
1755.0	12.0
1756.0	8.0
1757.0	12.0
1758.0	12.0
1759.0	11.0
1760.0	19.0
1761.0	18.0
1762.0	14.0
1763.0	8.0
1764.0	16.0
1765.0	17.0
1766.0	10.0
1767.0	20.0
1768.0	21.0
1769.0	15.0
1770.0	13.0
1771.0	12.0
1772.0	15.0
1773.0	11.0
1774.0	14.0
1775.0	13.0
1776.0	24.0
1777.0	12.0
1778.0	17.0
1779.0	22.0
1780.0	12.0
1781.0	12.0
1782.0	13.0
1783.0	12.0
1784.0	26.0
1785.0	22.0
1786.0	14.0
1787.0	13.0
1788.0	14.0
1789.0	18.0
1790.0	22.0
1791.0	12.0
1792.0	22.0
1793.0	14.0
1794.0	13.0
1795.0	16.0
1796.0	14.0
1797.0	15.0
1798.0	16.0
1799.0	12.0
1800.0	12.0
1801.0	20.0
1802.0	11.0
1803.0	19.0
1804.0	8.0
1805.0	10.0
1806.0	8.0
1807.0	11.0
1808.0	7.0
1809.0	10.0
1810.0	7.0
1811.0	4.0
1812.0	9.0
1813.0	14.0
1814.0	6.0
1815.0	9.0
1816.0	14.0
1817.0	6.0
1818.0	9.0
1819.0	10.0
1820.0	8.0
1821.0	12.0
1822.0	9.0
1823.0	9.0
1824.0	6.0
1825.0	10.0
1826.0	14.0
1827.0	5.0
1828.0	12.0
1829.0	13.0
1830.0	17.0
1831.0	8.0
1832.0	1.0
1833.0	7.0
1834.0	6.0
1835.0	4.0
1836.0	7.0
1837.0	15.0
1838.0	11.0
1839.0	5.0
1840.0	4.0
1841.0	11.0
1842.0	11.0
1843.0	9.0
1844.0	16.0
1845.0	12.0
1846.0	15.0
1847.0	5.0
1848.0	10.0
1849.0	8.0
1850.0	8.0
1851.0	7.0
1852.0	8.0
1853.0	8.0
1854.0	8.0
1855.0	8.0
1856.0	9.0
1857.0	5.0
1858.0	10.0
1859.0	12.0
1860.0	9.0
1861.0	6.0
1862.0	7.0
1863.0	7.0
1864.0	5.0
1865.0	5.0
1866.0	3.0
1867.0	6.0
1868.0	5.0
1869.0	2.0
1870.0	6.0
1871.0	6.0
1872.0	7.0
1873.0	9.0
1874.0	3.0
1875.0	3.0
1876.0	4.0
1877.0	5.0
1878.0	4.0
1879.0	2.0
1880.0	4.0
1881.0	4.0
1882.0	2.0
1883.0	2.0
1884.0	3.0
1885.0	5.0
1886.0	2.0
1887.0	1.0
1888.0	3.0
1889.0	5.0
1890.0	4.0
1891.0	2.0
1892.0	5.0
1893.0	4.0
1894.0	4.0
1895.0	6.0
1896.0	7.0
1897.0	6.0
1898.0	10.0
1899.0	4.0
1900.0	9.0
1901.0	1.0
1902.0	7.0
1903.0	3.0
1904.0	2.0
1905.0	2.0
1906.0	3.0
1907.0	6.0
1908.0	3.0
1909.0	9.0
1910.0	8.0
1911.0	2.0
1912.0	1.0
1913.0	8.0
1914.0	4.0
1915.0	4.0
1916.0	11.0
1917.0	3.0
1918.0	3.0
1919.0	1.0
1920.0	5.0
1921.0	4.0
1922.0	2.0
1923.0	1.0
1924.0	4.0
1925.0	3.0
1926.0	3.0
1927.0	6.0
1928.0	3.0
1929.0	1.0
1930.0	7.0
1931.0	4.0
1933.0	5.0
1934.0	4.0
1935.0	2.0
1936.0	4.0
1937.0	3.0
1938.0	2.0
1939.0	1.0
1940.0	3.0
1941.0	4.0
1942.0	8.0
1943.0	1.0
1944.0	2.0
1945.0	4.0
1947.0	2.0
1948.0	2.0
1949.0	3.0
1950.0	3.0
1951.0	5.0
1952.0	5.0
1953.0	4.0
1954.0	2.0
1955.0	7.0
1956.0	2.0
1957.0	6.0
1958.0	5.0
1959.0	3.0
1960.0	7.0
1961.0	3.0
1962.0	1.0
1963.0	1.0
1964.0	4.0
1965.0	4.0
1966.0	6.0
1967.0	5.0
1968.0	4.0
1969.0	3.0
1970.0	4.0
1971.0	7.0
1973.0	4.0
1974.0	5.0
1975.0	2.0
1976.0	7.0
1977.0	2.0
1978.0	3.0
1979.0	5.0
1980.0	2.0
1981.0	4.0
1982.0	1.0
1983.0	3.0
1984.0	5.0
1985.0	7.0
1986.0	5.0
1987.0	2.0
1988.0	4.0
1989.0	2.0
1990.0	3.0
1991.0	3.0
1992.0	3.0
1993.0	2.0
1994.0	3.0
1995.0	2.0
1996.0	3.0
1997.0	4.0
1998.0	3.0
1999.0	1.0
2000.0	5.0
2001.0	3.0
2002.0	1.0
2003.0	5.0
2004.0	3.0
2005.0	1.0
2007.0	3.0
2008.0	3.0
2009.0	6.0
2010.0	2.0
2011.0	4.0
2012.0	2.0
2013.0	2.0
2014.0	3.0
2015.0	2.0
2016.0	2.0
2017.0	5.0
2018.0	5.0
2019.0	4.0
2021.0	2.0
2022.0	3.0
2023.0	7.0
2024.0	1.0
2025.0	3.0
2026.0	6.0
2027.0	2.0
2028.0	5.0
2029.0	5.0
2030.0	4.0
2031.0	4.0
2032.0	5.0
2033.0	3.0
2034.0	2.0
2035.0	3.0
2036.0	1.0
2037.0	4.0
2038.0	1.0
2039.0	3.0
2040.0	4.0
2041.0	3.0
2042.0	9.0
2043.0	4.0
2044.0	1.0
2045.0	3.0
2046.0	6.0
2047.0	3.0
2048.0	4.0
2049.0	6.0
2051.0	2.0
2052.0	2.0
2053.0	6.0
2054.0	7.0
2055.0	3.0
2056.0	4.0
2057.0	7.0
2058.0	2.0
2059.0	4.0
2060.0	2.0
2061.0	1.0
2062.0	2.0
2063.0	3.0
2064.0	9.0
2065.0	3.0
2066.0	1.0
2067.0	3.0
2068.0	2.0
2069.0	4.0
2070.0	10.0
2071.0	6.0
2072.0	3.0
2073.0	2.0
2074.0	4.0
2075.0	2.0
2076.0	4.0
2077.0	6.0
2078.0	4.0
2079.0	6.0
2081.0	2.0
2082.0	4.0
2083.0	2.0
2084.0	2.0
2085.0	4.0
2086.0	4.0
2087.0	4.0
2088.0	6.0
2089.0	5.0
2090.0	3.0
2091.0	6.0
2092.0	3.0
2093.0	4.0
2094.0	3.0
2095.0	3.0
2096.0	3.0
2097.0	2.0
2098.0	1.0
2099.0	8.0
2100.0	1.0
2101.0	3.0
2102.0	1.0
2103.0	4.0
2104.0	2.0
2105.0	5.0
2106.0	4.0
2107.0	6.0
2108.0	2.0
2109.0	4.0
2110.0	2.0
2111.0	2.0
2112.0	3.0
2113.0	2.0
2114.0	8.0
2115.0	7.0
2116.0	4.0
2117.0	4.0
2118.0	4.0
2119.0	3.0
2120.0	3.0
2121.0	1.0
2122.0	3.0
2123.0	1.0
2124.0	3.0
2125.0	5.0
2126.0	5.0
2127.0	2.0
2128.0	7.0
2129.0	3.0
2130.0	2.0
2131.0	5.0
2132.0	2.0
2133.0	6.0
2134.0	1.0
2135.0	2.0
2136.0	1.0
2137.0	4.0
2138.0	3.0
2140.0	2.0
2141.0	3.0
2143.0	3.0
2144.0	1.0
2146.0	2.0
2150.0	1.0
2151.0	1.0
2152.0	3.0
2153.0	2.0
2155.0	1.0
2156.0	1.0
2159.0	1.0
2160.0	2.0
2163.0	1.0
2165.0	1.0
2166.0	1.0
2170.0	1.0
2171.0	1.0
2172.0	1.0
2175.0	1.0
2177.0	2.0
2178.0	1.0
2179.0	2.0
2181.0	3.0
2182.0	1.0
2184.0	1.0
2185.0	2.0
2186.0	2.0
2189.0	2.0
2190.0	1.0
2220.0	1.0
2227.0	1.0
2230.0	1.0
2231.0	1.0
2234.0	1.0
2236.0	2.0
2238.0	2.0
2241.0	1.0
2244.0	2.0
2245.0	1.0
2252.0	2.0
2253.0	1.0
2255.0	2.0
2265.0	1.0
2267.0	1.0
2270.0	1.0
2271.0	1.0
2273.0	1.0
2274.0	1.0
2276.0	1.0
2278.0	1.0
2279.0	1.0
2281.0	1.0
2286.0	1.0
2288.0	2.0
2295.0	1.0
2309.0	1.0
2316.0	1.0
2321.0	1.0
2326.0	1.0
2328.0	1.0
2330.0	1.0
2336.0	1.0
2338.0	1.0
2340.0	1.0
2349.0	2.0
2366.0	1.0
2369.0	1.0
2403.0	1.0
2405.0	1.0
2408.0	1.0
2422.0	1.0
2432.0	1.0
2435.0	1.0
2441.0	1.0
2444.0	1.0
2445.0	1.0
2449.0	1.0
2464.0	1.0
2469.0	1.0
2471.0	1.0
2475.0	1.0
2482.0	1.0
2483.0	2.0
2484.0	1.0
2485.0	1.0
2486.0	1.0
2490.0	1.0
2492.0	1.0
2493.0	1.0
2499.0	1.0
2500.0	2.0
2511.0	1.0
2518.0	1.0
2521.0	1.0
2523.0	1.0
2524.0	2.0
2533.0	1.0
2565.0	1.0
2570.0	1.0
2576.0	1.0
2581.0	1.0
2582.0	2.0
2584.0	1.0
2591.0	1.0
2593.0	1.0
2596.0	1.0
2599.0	1.0
2619.0	1.0
2648.0	1.0
2662.0	1.0
2668.0	1.0
2674.0	2.0
2685.0	1.0
2693.0	1.0
2701.0	1.0
2708.0	1.0
2736.0	1.0
2744.0	1.0
2793.0	1.0
2800.0	1.0
2819.0	1.0
2826.0	1.0
2829.0	1.0
2832.0	1.0
2834.0	1.0
2846.0	1.0
2881.0	1.0
2883.0	1.0
2887.0	1.0
2892.0	1.0
2902.0	1.0
2907.0	1.0
2910.0	1.0
2917.0	1.0
2919.0	1.0
2922.0	1.0
2925.0	1.0
2928.0	1.0
2929.0	1.0
2947.0	1.0
2951.0	1.0
2956.0	1.0
2957.0	1.0
2959.0	1.0
2964.0	1.0
2972.0	1.0
2975.0	1.0
2977.0	1.0
2979.0	2.0
2980.0	1.0
2981.0	1.0
2982.0	1.0
2983.0	2.0
2984.0	1.0
2986.0	1.0
2987.0	2.0
2990.0	1.0
2991.0	2.0
2993.0	1.0
2996.0	1.0
2999.0	1.0
3000.0	1.0
3004.0	1.0
3005.0	2.0
3006.0	1.0
3008.0	1.0
3010.0	1.0
3011.0	1.0
3013.0	1.0
3015.0	1.0
3020.0	1.0
3021.0	1.0
3022.0	1.0
3023.0	1.0
3026.0	1.0
3027.0	1.0
3030.0	1.0
3031.0	1.0
3033.0	1.0
3034.0	1.0
3035.0	1.0
3037.0	1.0
3044.0	1.0
3048.0	1.0
3050.0	1.0
3054.0	2.0
3058.0	1.0
3063.0	1.0
3065.0	1.0
3066.0	1.0
3068.0	3.0
3074.0	1.0
3077.0	1.0
3078.0	2.0
3080.0	1.0
3081.0	1.0
3093.0	1.0
3097.0	2.0
3100.0	1.0
3101.0	1.0
3103.0	1.0
3107.0	1.0
3135.0	1.0
3137.0	1.0
3138.0	1.0
3139.0	2.0
3143.0	1.0
3147.0	1.0
3148.0	1.0
3150.0	1.0
3154.0	1.0
3155.0	2.0
3158.0	1.0
3162.0	1.0
3163.0	1.0
3167.0	2.0
3173.0	1.0
3174.0	1.0
3198.0	2.0
3209.0	1.0
3214.0	1.0
3220.0	1.0
3221.0	2.0
3222.0	1.0
3224.0	2.0
3226.0	1.0
3227.0	1.0
3228.0	2.0
3230.0	1.0
3233.0	2.0
3234.0	1.0
3235.0	2.0
3237.0	2.0
3238.0	1.0
3240.0	1.0
3243.0	2.0
3244.0	1.0
3245.0	1.0
3250.0	3.0
3251.0	1.0
3253.0	2.0
3254.0	2.0
3258.0	1.0
3259.0	1.0
3271.0	1.0
3273.0	1.0
3279.0	1.0
3283.0	1.0
3285.0	1.0
3286.0	1.0
3289.0	1.0
3291.0	1.0
3292.0	1.0
3295.0	2.0
3297.0	2.0
3300.0	1.0
3301.0	1.0
3303.0	1.0
3304.0	2.0
3305.0	2.0
3308.0	1.0
3309.0	1.0
3313.0	1.0
3315.0	1.0
3323.0	1.0
3324.0	1.0
3330.0	1.0
3334.0	1.0
3343.0	1.0
3345.0	1.0
3346.0	1.0
3348.0	1.0
3351.0	1.0
3352.0	1.0
3354.0	1.0
3355.0	1.0
3358.0	1.0
3361.0	1.0
3362.0	1.0
3365.0	1.0
3367.0	2.0
3368.0	1.0
3369.0	1.0
3370.0	2.0
3371.0	1.0
3372.0	1.0
3375.0	1.0
3376.0	1.0
3378.0	1.0
3379.0	1.0
3380.0	1.0
3381.0	2.0
3382.0	1.0
3385.0	1.0
3387.0	1.0
3389.0	1.0
3390.0	1.0
3391.0	1.0
3394.0	1.0
3396.0	1.0
3398.0	1.0
3399.0	2.0
3400.0	3.0
3401.0	1.0
3403.0	2.0
3404.0	2.0
3406.0	1.0
3407.0	1.0
3409.0	2.0
3411.0	2.0
3412.0	1.0
3413.0	1.0
3417.0	1.0
3418.0	1.0
3419.0	2.0
3421.0	1.0
3422.0	2.0
3423.0	1.0
3424.0	1.0
3426.0	1.0
3428.0	1.0
3429.0	1.0
3439.0	1.0
3441.0	1.0
3442.0	1.0
3455.0	2.0
3457.0	1.0
3466.0	1.0
3467.0	2.0
3471.0	1.0
3477.0	1.0
3481.0	1.0
3483.0	1.0
3520.0	2.0
3542.0	1.0
3549.0	1.0
3555.0	1.0
3556.0	1.0
3557.0	1.0
3558.0	1.0
3559.0	1.0
3563.0	1.0
3565.0	2.0
3566.0	1.0
3580.0	1.0
3589.0	1.0
3594.0	1.0
3609.0	1.0
3634.0	1.0
3644.0	1.0
3647.0	1.0
3649.0	1.0
3652.0	1.0
3657.0	1.0
3668.0	1.0
3671.0	1.0
3688.0	1.0
3695.0	1.0
3718.0	1.0
3728.0	1.0
3732.0	1.0
3775.0	1.0
3778.0	1.0
3787.0	1.0
3897.0	1.0
3913.0	1.0
3916.0	1.0
3924.0	1.0
3930.0	1.0
