#Position (bp)	insert size
15197.0	276.0986404396876
45590.0	279.0437090780393
75983.0	283.71420378512715
106376.0	282.7042940183762
136769.0	280.71892111133644
167162.0	279.63564668769715
197555.0	285.3544104803494
221485.0	278.89333714612525
236681.5	285.4741902834008
258341.0	278.2415607985481
288734.0	279.34709968087105
319127.0	280.0852786144578
349520.0	283.9257218844985
379913.0	281.2502001601281
410306.0	281.50625
440699.0	278.4210116731517
471092.0	276.1084717258777
501485.0	276.96998300925054
531878.0	280.5921437526118
562271.0	277.4511294067976
592664.0	279.6027216856892
623057.0	282.0754921046939
653450.0	282.90296989422296
683843.0	283.84005734179806
714236.0	281.4530723905724
744629.0	284.8116000811194
775022.0	277.4512595837897
805415.0	281.5189718482252
835808.0	281.534874122988
866201.0	282.26402321083174
896594.0	282.6050100200401
926987.0	281.9278267842823
957380.0	279.3976370327329
987773.0	277.9026173979985
1018166.0	277.3731209735147
1038382.5	273.43371886120997
1053579.0	274.4529875986471
1078952.0	277.19459791283
1109345.0	282.85910458991725
1139738.0	278.8191419141914
1170131.0	275.998266897747
1200524.0	277.22169811320754
1230917.0	281.1938257131692
1261310.0	281.6356788899901
1291703.0	281.3931199045536
1322096.0	279.84389018481966
1348657.5	271.22723543888435
1363854.0	274.26830601092894
1382882.0	278.66689968542465
1413275.0	283.6351379381871
1443668.0	281.8719367588933
1474061.0	280.8471844660194
1504454.0	282.29198042168673
1534847.0	280.7396844660194
1565240.0	280.6814140996485
1595633.0	279.9271834731029
1626026.0	283.9103669540806
1656419.0	280.5258422264072
1686812.0	277.81996043086394
1717205.0	281.49817007534983
1747598.0	284.84792027729634
1777991.0	279.6163857478131
1808384.0	272.7262124002456
1838777.0	281.48771345272803
1869170.0	275.5310821181888
1899563.0	282.2286105407255
1929956.0	279.57420609202853
1960349.0	276.202154626109
1990742.0	275.94475494411006
2021135.0	279.04706820901475
2051528.0	280.4339176679141
2081921.0	283.156965749107
2112314.0	287.903441084463
2142707.0	280.03401950162515
2173100.0	279.514559152922
2203493.0	280.15137714161784
2233886.0	281.8897920604915
2264279.0	283.61724062294365
2294672.0	279.7124183006536
2325065.0	276.1496161029259
2355458.0	279.1930010604454
2385851.0	278.77249224405375
2416244.0	283.80081127241675
2446637.0	278.3889918458117
2477030.0	278.6987206823028
2507423.0	281.1995767195767
2537816.0	276.8024234955843
2568209.0	278.1241919686582
2598602.0	279.2852774137178
2628995.0	281.9732349841939
2659388.0	286.3324110671937
2689781.0	278.9580573951435
2720174.0	276.9726055194805
2750567.0	283.680396039604
2780960.0	282.82997987927564
2811353.0	278.89506545820745
2841746.0	278.81234516928157
2872139.0	274.46737683089214
2889645.5	285.16574585635357
2904842.0	284.8006299796183
2932925.0	279.59326275264675
2963318.0	283.09620458696975
2993711.0	281.34624367458156
3024104.0	283.50969696969696
3054497.0	280.7270243902439
3084890.0	277.41150442477874
3115283.0	278.9764776839566
3145676.0	281.8706409507111
3176069.0	277.8876543209877
3206462.0	277.5498992858451
3236855.0	279.70863039399626
3267248.0	282.7701194439005
3297641.0	287.97836706210745
3322340.5	275.4081445893388
3337537.0	213.5025
3358427.0	226.62882859548014
3388820.0	216.95968253968255
3410819.5	221.33176229508197
3426016.0	273.0270605759682
3449606.0	279.2626985512306
3479999.0	279.732743703134
3510392.0	281.7281461944235
3540785.0	275.72230042228034
3571178.0	277.53104745975327
3601571.0	280.7798828125
3631964.0	280.87583387131485
3662357.0	278.89672393128245
3692750.0	278.6120387548959
3723143.0	279.1365717698587
3753536.0	286.29520932239967
3783929.0	280.9308959421454
3814322.0	279.6700100300903
3844715.0	278.18572269072365
3875108.0	281.82532024621526
3905501.0	277.1118555741671
3935894.0	281.0992523364486
3966287.0	280.58133035215207
3987990.0	271.62115942028987
4003186.5	279.4232346241458
4027073.0	283.72296431838976
4057466.0	278.42001545595053
4087859.0	279.88034835289665
4118252.0	281.1325786646201
4148645.0	277.8754856254856
4179038.0	278.4104246400583
4209431.0	281.0964583333333
4239824.0	282.64879885263537
4259839.0	274.4155331285652
4275035.5	275.3394066806821
4300610.0	283.2782250514885
4331003.0	278.2717244048771
4361396.0	282.4328745262318
4391789.0	283.62548548178285
4422182.0	278.2336507936508
4452575.0	284.1832784981614
4482968.0	284.662589624631
4513361.0	282.293491864831
4543754.0	277.36675570166426
4574147.0	279.4701570680628
4604540.0	278.198058653449
4634933.0	280.38776810363134
4665326.0	279.7487244897959
4695719.0	279.52017841971116
4726112.0	279.8801067542599
4756505.0	276.01175967500535
4786898.0	285.6025917926566
4817291.0	275.17410171845165
4847684.0	274.16979344324426
4878077.0	280.93343011198675
4908470.0	279.30643127364436
4938863.0	282.01904965753425
4969256.0	276.71121039805035
4999649.0	282.0830303030303
5030042.0	279.30778920848206
5060435.0	279.7815827939027
5090828.0	277.45537205418447
5121221.0	278.3863090472378
5151614.0	279.80096793708407
5182007.0	276.7343166175025
5212400.0	279.14791059280856
5242793.0	279.6915322580645
5273186.0	277.4312876506024
5303579.0	279.86685714285716
5333972.0	277.60802005012533
5352383.0	282.5539343408025
5367579.5	274.1424114516425
5394758.0	280.7080979284369
5425151.0	279.3885613207547
5455544.0	276.38632001395916
5485937.0	277.90002023881806
5516330.0	283.04786091033407
5546723.0	284.4766129032258
5577116.0	271.766076542567
5607509.0	279.2298428250663
5637902.0	276.72321621039015
5668295.0	282.22147251438776
5698688.0	281.89436760873923
5729081.0	276.7151936444886
5759474.0	279.1349402554594
5789867.0	280.1920792079208
5820260.0	276.8003558015418
5850653.0	280.6899195810735
5881046.0	283.0647254867567
5907241.5	277.15523079664945
5922438.0	283.1259881422925
5941832.0	283.7830825116762
5972225.0	278.0061443932412
6002618.0	281.59474091260637
6033011.0	281.3363089462449
6063404.0	279.4721261053441
6093797.0	280.6985948941223
6124190.0	278.17397260273975
6154583.0	280.50536524969044
6184976.0	280.83402317880797
6215369.0	286.84765453748355
6245762.0	281.6401003473562
6276155.0	284.1353290957556
6306548.0	277.55843054082715
6336941.0	279.59813269765596
6367334.0	278.61938816050855
6397727.0	283.60956890920966
6428120.0	280.4211861100273
6458513.0	278.70384385580564
6488906.0	281.47405799960546
6519299.0	280.41282251759185
6549692.0	280.3668249908659
6580085.0	278.848604826546
6610478.0	285.02073104200764
6640871.0	280.57929226736564
6660029.5	271.4435883324161
6675226.0	274.41714712790946
6701657.0	278.96234194612424
6732050.0	281.8957461306337
6762443.0	282.09558823529414
6792836.0	279.40449334319527
6823229.0	279.1548801870251
6853622.0	277.7199236794537
6884015.0	279.68211781939937
6914408.0	283.19637173774663
6944801.0	279.8387407645358
6975194.0	277.203125
7005587.0	279.8396016527175
7035980.0	281.4760074884225
7066373.0	282.1355386416862
7096766.0	281.7394468704512
7127159.0	281.12977635141914
7157552.0	278.2373775433308
7187945.0	280.61201125448724
7218338.0	284.822453016815
7248731.0	278.936817545497
7279124.0	283.0717912974211
7309517.0	281.7351736566186
7327760.5	271.0133567662566
7342957.0	280.93823895457376
7370303.0	280.3233608025797
7400696.0	284.14909359970403
7431089.0	279.8010697387369
7461482.0	278.4182890855457
7491875.0	278.3840891321345
7522268.0	276.03610949330226
7552661.0	278.7900432900433
7583054.0	279.24917763157896
7613447.0	281.1179487179487
7643840.0	284.2792960662526
7674233.0	286.01223671013037
7704626.0	277.70749132476016
7735019.0	280.4086178184846
7765412.0	279.9610989010989
7795805.0	281.5073003575685
7826198.0	272.4174622461378
7856591.0	282.2854924578527
7886984.0	279.0120951209512
7917377.0	278.63029739776954
7947770.0	282.60572597137013
7978163.0	282.31282148980756
8008556.0	276.19954271461233
8038949.0	275.6385135135135
8069342.0	277.61006886725244
8099735.0	281.03598400710797
8130128.0	280.55602868668757
8160521.0	277.59789993823347
8190914.0	280.01064878722144
8221307.0	287.16492092832203
8251700.0	279.8069257096839
8282093.0	284.2665066026411
8312486.0	280.13569374550684
8342879.0	277.8868636077938
8373272.0	280.0490649879652
8398726.5	277.4371764705882
8413923.0	273.2174694464414
8434058.0	283.4951807228916
8464451.0	282.76704980842914
8494844.0	277.572365805169
8525237.0	282.7730456180201
8555630.0	280.07709923664123
8586023.0	276.4727626459144
8616416.0	278.9421613394216
8646809.0	279.15904821540386
8677202.0	277.55042628405073
8707595.0	279.83755495080595
8737988.0	280.83954685890836
8768381.0	273.84103367267033
8798774.0	280.72649253731345
8829167.0	279.4719646799117
8859560.0	278.59185387360907
8889953.0	277.21372424049287
8920346.0	277.50251586086193
8950739.0	279.9732391350888
8981132.0	280.5412040990606
9011525.0	284.2467802243457
9041918.0	282.658947368421
9072311.0	281.2244404113733
9102704.0	282.51916238640854
9133097.0	281.30048959608325
9163490.0	280.65153010858836
9193883.0	280.6772976033214
9224276.0	279.39227799227797
9254669.0	280.008193597561
9285062.0	281.8247232472325
9315455.0	282.1270080321285
9332033.5	263.7602339181287
9347230.0	279.78484320557493
9376241.0	277.83463992707385
9406634.0	282.6705471478463
9437027.0	278.55537974683546
9467420.0	281.2460555222688
9497813.0	280.8621879439821
9528206.0	286.25550660792953
9558599.0	282.4018751331771
9588992.0	281.8171500630517
9619385.0	279.6473409801877
9649778.0	283.1382842509603
9680171.0	278.29401853411963
9710564.0	282.46331096196866
9740957.0	277.22639484978544
9771350.0	280.6843724364233
9801743.0	283.3549502810203
9832136.0	281.1914267703299
9862529.0	280.8274668205424
9892922.0	280.06125434265863
9923315.0	279.15083043646194
9953708.0	276.32309772112785
9984101.0	281.7916747337851
1.0014494E7	281.11890983759565
1.0044887E7	277.86317183951553
1.007528E7	276.84037475693833
1.01041125E7	275.7248570467541
1.0119309E7	267.0033707865169
1.0136066E7	277.02512867090525
1.0166459E7	278.4920808301475
1.0196852E7	280.1208633093525
1.0227245E7	274.91767810026386
1.0257638E7	282.53256784968687
1.0288031E7	284.91572398190044
1.0318424E7	282.03720296065444
1.0348817E7	276.4751847940866
1.037921E7	281.46533416614614
1.0409603E7	280.3063063063063
1.0439996E7	277.3666871291181
1.0470389E7	279.4843716318172
1.0500782E7	280.92498909725253
1.0531175E7	280.74942624660963
1.0561568E7	279.57106219277625
1.0591961E7	281.95725415877024
1.0622354E7	280.89862247094277
1.0652747E7	280.6710356682424
1.068314E7	283.3113622096673
1.0713533E7	281.6528536447542
1.0743926E7	278.527528548124
1.0774319E7	279.5176892073444
1.0804712E7	279.54267457781833
1.0835105E7	277.70009569377993
1.0865498E7	279.2547209399916
1.0895891E7	279.30864197530866
1.0926284E7	276.88497256226253
1.0956677E7	282.9779671585949
1.098707E7	277.53790901835595
1.1017463E7	278.4988708684048
1.1047856E7	283.27406832298135
1.1078249E7	281.8072061875118
1.1108642E7	278.0560344827586
1.1139035E7	279.8698382492864
1.1169428E7	277.67684831655674
1.1196832E7	275.6138872748402
1.12120285E7	284.98528735632186
1.1230214E7	276.84695609992724
1.1260607E7	277.60910458991725
1.1291E7	283.0081386190601
1.1321393E7	284.2548302872063
1.1351786E7	282.45596609720565
1.1382179E7	281.23640462102003
1.1412572E7	278.1430626389434
1.1442965E7	279.4916611074049
1.1473358E7	282.78658624156253
1.1503751E7	276.767752952896
1.1534144E7	279.5829590117911
1.1564537E7	279.6604048154518
1.159493E7	280.9991281604185
1.1625323E7	279.4226347139493
1.1655716E7	273.15609408410546
1.1686109E7	281.2934282126413
1.1716502E7	281.0775127768313
1.1746895E7	280.6711801596351
1.1777288E7	275.82163489312535
1.1807681E7	279.7980877390326
1.1838074E7	278.76899737967176
1.1868467E7	278.8056663457571
1.189886E7	277.8694498743368
1.1929253E7	282.14102390922596
1.1959646E7	284.71835443037975
1.1990039E7	274.5180772391126
1.2020432E7	276.38750328170124
1.2050825E7	277.356806347632
1.2081218E7	278.0437445319335
1.2111611E7	283.9054021021755
1.21419565E7	279.4650041050903
