# Position (bp)	A	C	G	T	N
0.0	26.27955367593067	22.567294526991628	34.71019715798401	16.441700269303546	0.001254369790143934
1.0	23.381671628835473	20.14659794276639	12.476563256501565	43.994982289413656	1.848824829162808E-4
2.0	32.08247344991733	20.707271322460592	13.49053802901556	33.719512914820925	2.0428378558737034E-4
3.0	21.102705576147052	23.352333070918462	10.473371648156846	45.07122930667288	3.6039810475646663E-4
4.0	40.52497743097734	9.869498604620306	10.05164204768048	39.55361297106952	2.689456523590568E-4
5.0	44.76648006010432	10.478461129383128	23.36093914793909	21.386802924553724	0.007316738019733778
6.0	35.00030121506378	13.998808922279176	21.109418428181993	29.891360285005025	1.1114947002821197E-4
7.0	40.1158717941956	15.33895148059758	20.30296066329211	24.24217173961268	4.432230202945173E-5
8.0	18.668719661454766	32.50541684752292	23.060056948725816	25.765784441735406	2.2100561089044928E-5
9.0	30.147028834106827	19.857722138850548	13.058451517919325	36.9367975091233	0.0
10.0	27.683660553354294	15.077700321226578	28.325211942458544	28.913427182960582	0.0
11.0	27.44288588852793	18.527354488796853	18.21100789582662	35.818751726848596	0.0
12.0	25.247652141843634	20.618753124874758	23.3055705388943	30.828024194387304	0.0
13.0	23.817091854017917	26.47790577472392	18.398078515963924	31.306923855294244	0.0
14.0	33.02463938689883	20.53365853147823	20.1285277178925	26.31317436373043	0.0
15.0	33.00969352069482	18.875077905830327	19.2784575875544	28.836770985920463	0.0
16.0	32.08568361272335	18.45032240318073	18.325106948078062	31.138865308539966	2.1727477893920804E-5
17.0	32.092221345107866	18.215016872402995	18.585363949443515	31.107354459259	4.337378661831936E-5
18.0	31.712212524244944	18.319717200055415	19.15757481296758	30.810495462732057	0.0
19.0	31.182669768985573	18.921847666000566	19.06899749694032	30.826485068073545	0.0
20.0	30.919659510473508	19.02603757395065	19.226640201499947	30.8276627140759	0.0
21.0	30.624525460306195	19.15477993632178	19.267442065782454	30.95325253758957	0.0
22.0	30.757789424354335	19.241565666771283	19.066666380040502	30.933914037946437	6.449088743760506E-5
23.0	31.03613903438945	19.13296020898855	19.189512627607797	30.641388129014203	0.0
24.0	30.75430673380719	19.260284374487117	19.135177940815378	30.84969530080609	5.356500842256192E-4
25.0	30.91401874436377	19.304264796223062	19.088505259339243	30.69321120007392	0.0
26.0	31.123470660579812	19.122404599608895	19.265357567142942	30.488724461892268	4.271077607829227E-5
27.0	30.88284081702273	19.17741247707987	19.280947507568975	30.658799198328428	0.0
28.0	30.9751177610583	19.221342254677236	19.22815417417397	30.575151650357796	2.3415973270027895E-4
29.0	31.05158044917414	19.124383954562738	19.381588038628646	30.442447557634477	0.0
30.0	30.729236079219653	19.295381060591268	19.41280057315492	30.562263961950393	3.1832508376194036E-4
31.0	30.821084235605657	19.4656021855853	19.089350760205885	30.623962818603157	0.0
32.0	30.95256687394654	19.29211648726747	19.200528198633158	30.55459798391491	1.904562379179324E-4
33.0	30.6741605326066	19.25846906033075	19.32209901505648	30.7450389345163	2.3245748986485345E-4
34.0	30.729934924535847	19.365827594545966	19.21735137500881	30.684986893322918	0.001899212586461653
35.0	30.88821242644279	19.13393745682248	19.402096462214743	30.57185476926397	0.0038988852560176658
36.0	30.832818868216034	19.231769043646356	19.35258853658757	30.57930841996098	0.0035151315890562793
37.0	30.82320080527634	19.359428569986974	19.272770542493546	30.54171989064522	0.00288019159791348
38.0	30.981232277810843	19.22333812015324	19.300726675383466	30.491846795441784	0.0028561312106678183
39.0	30.77964103387112	19.241327153015316	19.402611215829673	30.572833243649495	0.0035873536343983157
40.0	30.769712781476816	19.232770629443028	19.291282724702057	30.6972013740283	0.00903249034980048
41.0	30.926893773091635	19.21558947405666	19.264853022736396	30.58361916869175	0.00904456142356372
42.0	30.697771802152896	19.291351593757163	19.369621310112063	30.630985269731415	0.010270024246460502
43.0	30.694519470179575	19.495109599103106	19.257281791785214	30.541867494741815	0.0112216441902915
44.0	30.932741103503396	19.30218545167407	19.25535464263896	30.495897136743878	0.013821665439698079
45.0	30.703315111329456	19.30207743360755	19.357838642956157	30.620434720479466	0.01633409162736993
46.0	30.762855930373416	19.394156543082655	19.174635054905384	30.65453337301895	0.013819098619590854
47.0	31.007874960325292	19.270951784716097	19.28467652515397	30.422855295833763	0.013641433970877727
48.0	30.680960695236685	19.28911382711065	19.37397898557209	30.637029761074817	0.018916731005749938
49.0	30.743051522201004	19.460874190738387	19.210835668086755	30.568415501473428	0.016823117500429936
50.0	30.865131874929997	19.291146405765787	19.3597006306199	30.46772932988297	0.01629175880134216
51.0	30.675169987146994	19.396425955465766	19.358982160097874	30.55056501088113	0.01885688640823456
52.0	30.751320058791958	19.389641175623336	19.269039624800712	30.57403930726436	0.01595983351963516
53.0	30.81610506172476	19.30983758956717	19.401639660485827	30.464183295507674	0.008234392714574377
54.0	30.680049136402438	19.32753773640053	19.32645982004601	30.656480080727643	0.009473226423378181
55.0	30.735292990393692	19.424591143071595	19.3061929800973	30.523875098328485	0.010047788108929624
56.0	30.822240019744758	19.266752194161217	19.32037942403941	30.58352637755723	0.007101984497382411
57.0	30.687918174877936	19.418628401921378	19.351784574969493	30.538875065990172	0.002793782241023112
58.0	30.671248750124626	19.457761969120995	19.293959518310338	30.574609647941596	0.0024201145024430747
59.0	30.897779472202362	19.262058337182314	19.352676513166408	30.485790333978528	0.0016953434703846238
60.0	30.660702365674062	19.402061259116433	19.429526803188402	30.506221596721495	0.0014879752996100263
61.0	30.679739412738698	19.371566157536094	19.405694122945373	30.541182352205976	0.0018179545738600856
62.0	30.916594647114522	19.304750605841896	19.274228771269	30.50370319890716	7.227768674231043E-4
63.0	30.61301293085118	19.4185307656324	19.34941538878225	30.618978983392903	6.193134126357277E-5
64.0	30.6494757579047	19.42089646368236	19.305907015388197	30.623658851979357	6.191104538451093E-5
65.0	30.906043176154085	19.31282906138078	19.320297413721963	30.4608097179356	2.0630807572331612E-5
66.0	30.680676520507706	19.350560607970017	19.378384237099397	30.59023425680694	1.4437761594192887E-4
67.0	30.737116498194027	19.52882510002064	19.186745540851703	30.54729224130981	2.061962381970696E-5
68.0	30.87611678698493	19.3521573795041	19.45702784685077	30.314697986660192	0.0
69.0	30.615061963775027	19.439610439801097	19.44016695437096	30.504769020688943	3.916213639759874E-4
70.0	30.746156266788994	19.44060278919627	19.3094747480118	30.503766196002935	0.0
71.0	30.903582877165682	19.30990440880095	19.396123598422996	30.390203653682406	1.8546192796329008E-4
72.0	30.676291522438408	19.43692409577409	19.413825595816636	30.472958785970867	0.0
73.0	30.635842080484437	19.502646036816845	19.285276455989873	30.57623542670885	0.0
74.0	30.905525803365784	19.316133905251164	19.31162180075824	30.466718490624817	0.0
75.0	30.658235609466043	19.39638316958688	19.347079986533824	30.59830123441325	0.0
76.0	30.658342268421872	19.509329715893028	19.24918883681218	30.58311857528674	2.0603586177795762E-5
77.0	30.763027052421403	19.432906739306475	19.34115227778957	30.46291393048255	0.0
78.0	30.536376226822785	19.453907895124566	19.309684288570026	30.700010983166493	2.0606316124380547E-5
79.0	30.4272517558983	19.69200630932249	19.292191945515942	30.588508773412148	4.1215851121751214E-5
80.0	30.734483305885966	19.410249169880313	19.260302037838205	30.594944875105888	2.061128962778072E-5
81.0	30.467223674100968	19.556865121094383	19.319090055811376	30.656800533849754	2.0615143513352323E-5
82.0	30.487814684979437	19.73721841479455	19.132483842918298	30.64248305730771	0.0
83.0	30.75879931574742	19.542427743661854	19.088864973140158	30.60978421788833	1.237495622359236E-4
84.0	30.455538819527554	19.59258213209753	19.173264515042927	30.7783669657352	2.475675967850047E-4
85.0	30.544619165288466	19.67014865557036	19.112189822807775	30.67291853516253	1.238211708612464E-4
86.0	30.748457331689583	19.53134095921642	19.178114711932032	30.541963137803446	1.2385935852412492E-4
87.0	30.38653143084652	19.694170619167274	19.249070315687916	30.669587469623156	6.401646751350127E-4
88.0	30.43196319846005	19.90384796144829	19.1168902963166	30.54707130236391	2.2724141115263664E-4
89.0	30.52690139063744	19.848057381256858	19.196839302556846	30.42809859696313	1.0332858572924768E-4
90.0	30.386563169662935	19.846511834652887	19.337420700020985	30.42878068496988	7.236106933120798E-4
91.0	30.411636429223122	19.901300582727416	19.250667934727414	30.43577453642734	6.205168947100728E-4
92.0	30.593356990961595	19.8569284650603	19.32065853963398	30.22851795471609	5.380496280421533E-4
93.0	30.342894719842047	19.901882185740575	19.273313644065972	30.481660987919756	2.484624316521261E-4
94.0	30.29479380675496	20.087917943252965	19.206252495079244	30.410372817407744	6.629375050885633E-4
95.0	30.581465802171078	19.846384061817833	19.32760793982222	30.244355638267507	1.8655792136334872E-4
96.0	30.34528688800851	19.944099351828747	19.389676590525056	30.320543094127423	3.9407551026037814E-4
97.0	30.363799784873358	20.021139108658463	19.383790624454583	30.230834666893013	4.3581512058485556E-4
98.0	30.424259314483272	19.8977282072283	19.470515869488832	30.207164341766546	3.322670330464484E-4
99.0	30.27430837957158	19.89776813785405	19.55563073181456	30.271627801048705	6.649497111001301E-4
100.0	30.26546548994378	20.056260451622375	19.48974664913865	30.187965969247227	5.614400479760918E-4
101.0	30.337062752545275	19.951768508819136	19.52264183217239	30.18790263140262	6.242750605858947E-4
102.0	30.142509865482896	19.966354585104096	19.62506895789804	30.265296054035918	7.705374790471075E-4
103.0	30.180816241885882	20.13253535613536	19.564377814344205	30.1214577430223	8.128446122470671E-4
104.0	30.371333917673166	19.9572007924883	19.578833103115677	30.092402733909413	2.2945281344610176E-4
105.0	30.107860237849938	19.965970736921438	19.703047706730384	30.222808165770527	3.131527277168348E-4
106.0	30.11140392007402	20.037514929496	19.677242892974842	30.173545727092577	2.9253036256213135E-4
107.0	30.284249463919977	19.936216254878993	19.790821607334482	29.987897024951955	8.156489145908926E-4
108.0	29.983985262254414	19.987795304437025	19.884296136575358	30.143085924824938	8.373719082659075E-4
109.0	30.083016897376265	20.028578247883924	19.7800116131874	30.10797414420846	4.1909734394962784E-4
110.0	30.147024121285824	19.980035444532284	19.831171765025697	30.041433059902683	3.356092535022399E-4
111.0	30.03712190679649	20.00515704525664	19.783693868050616	30.173670218294617	3.5696160164051154E-4
112.0	30.12503891503311	20.002905095246973	19.79576465701483	30.075976018459755	3.1531424533003837E-4
113.0	30.375922380116364	19.851286923090196	19.91114087439804	29.861607731009105	4.209138629243496E-5
114.0	30.24830038619541	19.94424946436669	19.93710628212325	29.8702806533125	6.321400215433318E-5
115.0	30.049532869406193	20.190114060418836	19.80468727747711	29.955602497298866	6.32953989941517E-5
116.0	30.272643950351853	19.96481713658143	19.95140065911879	29.81025086488741	8.873890605212016E-4
117.0	30.12300657538675	19.902065286705735	20.00112558908297	29.97350634117113	2.9620765341334886E-4
118.0	30.134567816225893	19.96432146697246	20.012161210188722	29.888780012394268	1.6949421865813545E-4
119.0	30.23927359478161	19.8428577551217	20.067461854857292	29.85023705853073	1.6973670866094286E-4
120.0	30.02961609987115	19.935812660000884	20.19291899408103	29.841439761473314	2.124845736199552E-4
121.0	30.074648068674094	20.0072360209121	20.158128339343843	29.759029862419833	9.577086501309401E-4
122.0	30.23747321642493	19.879871455892474	20.198588538633576	29.683214148378234	8.526406707894686E-4
123.0	30.085046293587986	19.83544564864185	20.357115864419548	29.720919031163145	0.0014731621874707768
124.0	30.05328555781327	19.84815390925417	20.39845912827924	29.69836927118239	0.0017321334709345863
125.0	30.137588405166298	19.859712690974224	20.426289722616943	29.57480269084999	0.0016064903925448566
126.0	29.93548417548321	19.84418884507642	20.57010182519861	29.64679243437122	0.00343271987053497
127.0	29.962574663717795	20.005428135016583	20.48577295697118	29.54362406877185	0.002600175522592302
128.0	30.003136192326725	19.82179022984609	20.604439186604733	29.568223591355647	0.0024107998668033074
129.0	29.85830243217521	19.927506077095998	20.643863847175858	29.569098640636525	0.0012290029164023593
130.0	29.9530221346742	19.911379226927927	20.69330689613464	29.44198935600366	3.023862595683652E-4
131.0	29.957928245198445	19.760114833993562	20.878140776367115	29.40362140786753	1.9473657334601572E-4
132.0	29.828000422265717	19.86877247486511	20.908114069837286	29.39454943402738	5.635990045107429E-4
133.0	29.763730999323318	19.93743099645677	20.927868006591332	29.370948281328584	2.171629999418003E-5
134.0	29.852769009150293	19.831397224735746	21.052219343303353	29.262961716374253	6.527064363599258E-4
135.0	29.7003836674211	19.832604079678838	21.15321694484244	29.3134465393094	3.4876874822754633E-4
136.0	29.69901320782698	19.922976001474694	21.15014874721884	29.22742522615671	4.368173227772059E-4
137.0	29.762514388756856	19.71353790534715	21.243954533716742	29.279664911566588	3.282606126656075E-4
138.0	29.547312541007475	19.705781220943898	21.394499822812612	29.35168275387795	7.23661358062377E-4
139.0	29.559673518397005	19.94298306720597	21.370955513783084	29.126146173079555	2.4172753439233435E-4
140.0	29.707229632898958	19.721613444800717	21.52215571737252	29.048891085406282	1.1011952152627419E-4
141.0	29.64553962936618	19.73092378521412	21.534309745176554	29.08911645634118	1.1038390196496591E-4
142.0	29.564551673675034	19.800578596958815	21.642496488070062	28.992306842746768	6.639854932449436E-5
143.0	29.63008261006703	19.696719814096827	21.733504012416038	28.937562664520378	0.0021308988997236714
144.0	29.33900057151801	19.756734149726142	21.875647744529893	29.028506214006	1.1132021995984903E-4
145.0	29.471260063491155	19.759186734066436	21.856387903790882	28.913165298651528	0.0
146.0	29.599030920288925	19.613894932539388	21.877939964658676	28.909111729322294	2.2453190710665938E-5
147.0	29.392741361408987	19.672276416827938	22.106953348884534	28.827983661518825	4.521135971581948E-5
148.0	29.33244869680004	19.765546753969637	22.025676414172946	28.87623601740379	9.211765358833956E-5
149.0	28.93643382196329	19.910461561936007	22.931216602684852	28.22183987964632	4.813376952155274E-5
