#Insert size (bp)	insert size
144.0	1.0
146.0	3.0
147.0	6.0
148.0	2.0
149.0	22.0
150.0	4680.0
151.0	9573.0
152.0	9420.0
153.0	9462.0
154.0	9480.0
155.0	9599.0
156.0	9598.0
157.0	9306.0
158.0	9393.0
159.0	9391.0
160.0	9330.0
161.0	9335.0
162.0	9228.0
163.0	9532.0
164.0	9303.0
165.0	9220.0
166.0	9444.0
167.0	9265.0
168.0	9319.0
169.0	9548.0
170.0	9299.0
171.0	9439.0
172.0	9183.0
173.0	9000.0
174.0	9320.0
175.0	9351.0
176.0	9238.0
177.0	9170.0
178.0	9184.0
179.0	9093.0
180.0	9282.0
181.0	9141.0
182.0	9360.0
183.0	9082.0
184.0	9106.0
185.0	8873.0
186.0	9008.0
187.0	9035.0
188.0	9211.0
189.0	9111.0
190.0	8884.0
191.0	8937.0
192.0	8864.0
193.0	8804.0
194.0	8729.0
195.0	8727.0
196.0	8855.0
197.0	8984.0
198.0	8769.0
199.0	8899.0
200.0	8736.0
201.0	8792.0
202.0	8719.0
203.0	8681.0
204.0	8532.0
205.0	8591.0
206.0	8514.0
207.0	8764.0
208.0	8624.0
209.0	8592.0
210.0	8655.0
211.0	8369.0
212.0	8473.0
213.0	8380.0
214.0	8375.0
215.0	8038.0
216.0	8187.0
217.0	8141.0
218.0	8341.0
219.0	8291.0
220.0	8104.0
221.0	8063.0
222.0	8203.0
223.0	7840.0
224.0	7837.0
225.0	8031.0
226.0	7741.0
227.0	7651.0
228.0	7797.0
229.0	7963.0
230.0	7933.0
231.0	7585.0
232.0	7673.0
233.0	7551.0
234.0	7366.0
235.0	7347.0
236.0	7323.0
237.0	7338.0
238.0	7493.0
239.0	7339.0
240.0	7393.0
241.0	7143.0
242.0	7179.0
243.0	7192.0
244.0	6971.0
245.0	7011.0
246.0	6846.0
247.0	6780.0
248.0	6971.0
249.0	6744.0
250.0	6893.0
251.0	6712.0
252.0	6717.0
253.0	6654.0
254.0	6533.0
255.0	6406.0
256.0	6566.0
257.0	6243.0
258.0	6287.0
259.0	6205.0
260.0	6215.0
261.0	6202.0
262.0	6069.0
263.0	5895.0
264.0	5577.0
265.0	5450.0
266.0	5170.0
267.0	5191.0
268.0	5031.0
269.0	5108.0
270.0	5076.0
271.0	4763.0
272.0	4905.0
273.0	4797.0
274.0	4674.0
275.0	4765.0
276.0	4673.0
277.0	4592.0
278.0	4622.0
279.0	4682.0
280.0	4777.0
281.0	4785.0
282.0	4600.0
283.0	4747.0
284.0	4672.0
285.0	4677.0
286.0	4540.0
287.0	4608.0
288.0	4590.0
289.0	4594.0
290.0	4649.0
291.0	4556.0
292.0	4671.0
293.0	4657.0
294.0	4578.0
295.0	4608.0
296.0	4520.0
297.0	4532.0
298.0	4509.0
299.0	4453.0
300.0	4290.0
301.0	4535.0
302.0	4473.0
303.0	4548.0
304.0	4430.0
305.0	4575.0
306.0	4381.0
307.0	4424.0
308.0	4420.0
309.0	4427.0
310.0	4485.0
311.0	4426.0
312.0	4410.0
313.0	4391.0
314.0	4346.0
315.0	4471.0
316.0	4295.0
317.0	4418.0
318.0	4295.0
319.0	4360.0
320.0	4145.0
321.0	4211.0
322.0	4309.0
323.0	4205.0
324.0	4323.0
325.0	4234.0
326.0	4314.0
327.0	4219.0
328.0	4257.0
329.0	4122.0
330.0	4242.0
331.0	4064.0
332.0	4250.0
333.0	4211.0
334.0	4141.0
335.0	3977.0
336.0	4083.0
337.0	4182.0
338.0	4047.0
339.0	3975.0
340.0	4116.0
341.0	4096.0
342.0	3922.0
343.0	3963.0
344.0	3993.0
345.0	3940.0
346.0	3867.0
347.0	3967.0
348.0	3859.0
349.0	3987.0
350.0	3976.0
351.0	4028.0
352.0	3800.0
353.0	3950.0
354.0	3889.0
355.0	3926.0
356.0	3937.0
357.0	3796.0
358.0	3915.0
359.0	3793.0
360.0	3830.0
361.0	3886.0
362.0	3707.0
363.0	3802.0
364.0	3762.0
365.0	3755.0
366.0	3799.0
367.0	3745.0
368.0	3675.0
369.0	3743.0
370.0	3621.0
371.0	3620.0
372.0	3661.0
373.0	3635.0
374.0	3665.0
375.0	3603.0
376.0	3501.0
377.0	3523.0
378.0	3515.0
379.0	3540.0
380.0	3441.0
381.0	3393.0
382.0	3387.0
383.0	3418.0
384.0	3460.0
385.0	3449.0
386.0	3578.0
387.0	3368.0
388.0	3364.0
389.0	3426.0
390.0	3300.0
391.0	3336.0
392.0	3255.0
393.0	3169.0
394.0	3413.0
395.0	3323.0
396.0	3278.0
397.0	3333.0
398.0	3252.0
399.0	3230.0
400.0	3092.0
401.0	3306.0
402.0	3140.0
403.0	3182.0
404.0	3177.0
405.0	3105.0
406.0	3225.0
407.0	3182.0
408.0	3132.0
409.0	3015.0
410.0	3073.0
411.0	2929.0
412.0	2981.0
413.0	3049.0
414.0	3003.0
415.0	2942.0
416.0	3007.0
417.0	2919.0
418.0	2959.0
419.0	2888.0
420.0	2896.0
421.0	2835.0
422.0	2844.0
423.0	2810.0
424.0	2772.0
425.0	2725.0
426.0	2739.0
427.0	2764.0
428.0	2713.0
429.0	2757.0
430.0	2609.0
431.0	2697.0
432.0	2679.0
433.0	2658.0
434.0	2655.0
435.0	2621.0
436.0	2597.0
437.0	2713.0
438.0	2550.0
439.0	2645.0
440.0	2551.0
441.0	2560.0
442.0	2540.0
443.0	2586.0
444.0	2540.0
445.0	2434.0
446.0	2429.0
447.0	2335.0
448.0	2364.0
449.0	2413.0
450.0	2493.0
451.0	2276.0
452.0	2439.0
453.0	2377.0
454.0	2374.0
455.0	2339.0
456.0	2303.0
457.0	2259.0
458.0	2328.0
459.0	2264.0
460.0	2254.0
461.0	2216.0
462.0	2248.0
463.0	2302.0
464.0	2158.0
465.0	2232.0
466.0	2171.0
467.0	2309.0
468.0	2030.0
469.0	2204.0
470.0	2074.0
471.0	2092.0
472.0	2063.0
473.0	2124.0
474.0	2064.0
475.0	2088.0
476.0	2173.0
477.0	1994.0
478.0	2049.0
479.0	1986.0
480.0	1974.0
481.0	1977.0
482.0	1972.0
483.0	1944.0
484.0	2006.0
485.0	1931.0
486.0	1898.0
487.0	1816.0
488.0	1906.0
489.0	1827.0
490.0	1796.0
491.0	1819.0
492.0	1854.0
493.0	1826.0
494.0	1818.0
495.0	1783.0
496.0	1809.0
497.0	1726.0
498.0	1657.0
499.0	1671.0
500.0	1686.0
501.0	1731.0
502.0	1673.0
503.0	1633.0
504.0	1646.0
505.0	1614.0
506.0	1665.0
507.0	1611.0
508.0	1577.0
509.0	1579.0
510.0	1515.0
511.0	1545.0
512.0	1524.0
513.0	1454.0
514.0	1532.0
515.0	1522.0
516.0	1540.0
517.0	1485.0
518.0	1511.0
519.0	1427.0
520.0	1409.0
521.0	1437.0
522.0	1392.0
523.0	1355.0
524.0	1380.0
525.0	1382.0
526.0	1302.0
527.0	1346.0
528.0	1308.0
529.0	1247.0
530.0	1293.0
531.0	1274.0
532.0	1337.0
533.0	1266.0
534.0	1195.0
535.0	1251.0
536.0	1280.0
537.0	1215.0
538.0	1153.0
539.0	1233.0
540.0	1108.0
541.0	1126.0
542.0	1129.0
543.0	1157.0
544.0	1171.0
545.0	1029.0
546.0	1144.0
547.0	1069.0
548.0	1106.0
549.0	1025.0
550.0	1074.0
551.0	1052.0
552.0	978.0
553.0	1002.0
554.0	990.0
555.0	1042.0
556.0	1012.0
557.0	1077.0
558.0	1001.0
559.0	927.0
560.0	985.0
561.0	956.0
562.0	981.0
563.0	943.0
564.0	918.0
565.0	892.0
566.0	876.0
567.0	895.0
568.0	878.0
569.0	851.0
570.0	848.0
571.0	782.0
572.0	794.0
573.0	790.0
574.0	818.0
575.0	741.0
576.0	785.0
577.0	804.0
578.0	736.0
579.0	744.0
580.0	774.0
581.0	735.0
582.0	759.0
583.0	751.0
584.0	730.0
585.0	723.0
586.0	643.0
587.0	693.0
588.0	706.0
589.0	717.0
590.0	665.0
591.0	714.0
592.0	665.0
593.0	636.0
594.0	556.0
595.0	604.0
596.0	671.0
597.0	669.0
598.0	604.0
599.0	563.0
600.0	579.0
601.0	608.0
602.0	596.0
603.0	555.0
604.0	511.0
605.0	566.0
606.0	492.0
607.0	545.0
608.0	519.0
609.0	516.0
610.0	466.0
611.0	494.0
612.0	521.0
613.0	487.0
614.0	497.0
615.0	446.0
616.0	489.0
617.0	464.0
618.0	441.0
619.0	455.0
620.0	436.0
621.0	416.0
622.0	455.0
623.0	416.0
624.0	424.0
625.0	416.0
626.0	413.0
627.0	409.0
628.0	369.0
629.0	394.0
630.0	363.0
631.0	355.0
632.0	356.0
633.0	367.0
634.0	380.0
635.0	320.0
636.0	317.0
637.0	344.0
638.0	356.0
639.0	315.0
640.0	342.0
641.0	330.0
642.0	296.0
643.0	327.0
644.0	287.0
645.0	310.0
646.0	310.0
647.0	291.0
648.0	259.0
649.0	277.0
650.0	262.0
651.0	290.0
652.0	253.0
653.0	262.0
654.0	278.0
655.0	256.0
656.0	272.0
657.0	246.0
658.0	237.0
659.0	256.0
660.0	274.0
661.0	262.0
662.0	216.0
663.0	214.0
664.0	224.0
665.0	211.0
666.0	221.0
667.0	223.0
668.0	198.0
669.0	233.0
670.0	186.0
671.0	199.0
672.0	192.0
673.0	211.0
674.0	179.0
675.0	161.0
676.0	181.0
677.0	191.0
678.0	197.0
679.0	178.0
680.0	160.0
681.0	191.0
682.0	189.0
683.0	137.0
684.0	145.0
685.0	162.0
686.0	167.0
687.0	146.0
688.0	130.0
689.0	146.0
690.0	144.0
691.0	115.0
692.0	144.0
693.0	151.0
694.0	121.0
695.0	122.0
696.0	118.0
697.0	127.0
698.0	110.0
699.0	118.0
700.0	107.0
701.0	101.0
702.0	130.0
703.0	112.0
704.0	104.0
705.0	89.0
706.0	121.0
707.0	95.0
708.0	93.0
709.0	91.0
710.0	104.0
711.0	92.0
712.0	82.0
713.0	83.0
714.0	95.0
715.0	80.0
716.0	89.0
717.0	69.0
718.0	89.0
719.0	79.0
720.0	99.0
721.0	68.0
722.0	80.0
723.0	66.0
724.0	73.0
725.0	58.0
726.0	71.0
727.0	57.0
728.0	64.0
729.0	57.0
730.0	47.0
731.0	66.0
732.0	68.0
733.0	44.0
734.0	64.0
735.0	51.0
736.0	58.0
737.0	54.0
738.0	49.0
739.0	45.0
740.0	51.0
741.0	42.0
742.0	50.0
743.0	46.0
744.0	54.0
745.0	47.0
746.0	52.0
747.0	45.0
748.0	50.0
749.0	32.0
750.0	39.0
