# Position (bp)	A	C	G	T	N
0.0	26.688682835216454	22.10196685369547	34.56028315996346	16.647757172055528	0.0013099790690905325
1.0	23.429517025765342	19.653531094576728	12.227348084009854	44.6894206079998	1.8318764826750282E-4
2.0	33.12270228843091	19.99086902894368	13.1039014693379	33.782347587627385	1.7962566012430097E-4
3.0	21.657385420762353	22.40256770577817	10.04661212746825	45.893197171437365	2.3757455386468467E-4
4.0	41.06021990695949	9.443166083550937	9.713773535241154	39.78251550896801	3.2496528041401756E-4
5.0	45.57129956364124	10.018407966634017	22.58174230728076	21.8215244453799	0.0070257170640851225
6.0	35.271087222653335	13.51289516800673	20.424660692403982	30.791269034283903	8.788265205236751E-5
7.0	40.57980284588642	15.108421327178803	19.90876270036471	24.403013126570066	0.0
8.0	18.837945343348235	32.0941132604209	22.905894022083466	26.162018244129936	2.9130017463445468E-5
9.0	30.287329648047557	19.359607729509595	12.738996963286544	37.6140656591563	0.0
10.0	27.97585424160141	14.749564745360086	27.784005827366588	29.490575185671915	0.0
11.0	27.71252085864394	17.951312177280677	17.907207323489423	36.42895964058596	0.0
12.0	25.773528802623026	20.163554796576157	22.965985443501786	31.096930957299033	0.0
13.0	24.151898427613933	25.941472536654263	18.172725760381592	31.73390327535021	0.0
14.0	33.44002205725331	20.12145879489805	19.866004488581975	26.572514659266666	0.0
15.0	33.19760633193469	18.57960141542231	19.079383631622438	29.143408621020562	0.0
16.0	32.33826407803526	18.176274601138587	18.13697932322632	31.348453314915226	2.868268460749467E-5
17.0	32.361686097606864	17.954841641631667	18.339336865294374	31.344078123518983	5.727194811390589E-5
18.0	32.059462126960725	17.977849662935867	18.894976317735193	31.06771189236821	0.0
19.0	31.44061908184827	18.613420405515967	18.837999722523076	31.10796079011269	0.0
20.0	31.21258114396061	18.707710724897925	19.020158618183373	31.059549512958096	0.0
21.0	30.96511723874926	18.863243752436844	18.96066048716905	31.210950062183922	2.845946092089124E-5
22.0	31.14117361212743	18.972595635364375	18.83406058315442	31.052170169353772	0.0
23.0	31.43539912210504	18.847016530623595	18.889271042974173	30.82831330429719	0.0
24.0	31.06665351811581	18.99617048456377	18.84295019476291	31.093687392069953	5.384104875562001E-4
25.0	31.198243270776267	19.09367713309035	18.829007538541642	30.87907205759174	0.0
26.0	31.410657102455446	18.817926566118864	19.054253086119726	30.717050210978574	1.1303432739488655E-4
27.0	31.05015447515134	18.91615109103367	19.091565329387077	30.942129104427913	0.0
28.0	31.283078940820104	18.970111192866657	18.95951522311139	30.787181920119348	1.127230825028695E-4
29.0	31.36438614626848	18.82019649601157	19.15322484183757	30.66219251588238	0.0
30.0	31.05511270094651	18.975989718914516	19.156841928029593	30.81180267264373	2.5297946565677265E-4
31.0	31.105663977288618	19.202288432567435	18.819320174490457	30.872727415653493	0.0
32.0	31.24592542286575	19.062305384176017	18.953369592922233	30.73823135943175	1.6824060425295423E-4
33.0	30.965055733761815	18.936791564777284	19.121473805734112	30.976426827154057	2.520685727345267E-4
34.0	30.95845812382611	19.09494558640295	19.044283397180934	30.90077428386156	0.0015386087284433923
35.0	31.145654487248276	18.862170028973065	19.16422429981758	30.82448604106306	0.0034651428980219624
36.0	31.24403835884271	18.902642090491607	19.074488097933244	30.775984101731947	0.0028473510004949363
37.0	31.09423912209882	19.061889523331452	19.094545885535407	30.746731923615904	0.0025935454184183556
38.0	31.191235497117116	18.98933831580719	19.103154706147535	30.71351314001171	0.002758340916449018
39.0	31.10134707017526	18.99169063598594	19.119554844363673	30.784345167105965	0.0030622823691598103
40.0	31.035566648836195	18.93590737500101	19.072153334284664	30.948417079535318	0.007955562342818533
41.0	31.26750706119293	18.91704842413519	18.96588336204505	30.841195007885304	0.008366144741530598
42.0	30.99787644498115	18.994819147878417	19.13349178990192	30.86470293837136	0.009109678867155885
43.0	30.992701268778646	19.18340466287322	19.064233774761473	30.74878116267381	0.010879130912856218
44.0	31.32764778280724	18.97117086436379	18.99951357038781	30.687940150854192	0.013727631586975224
45.0	30.99744554566853	19.010522400738093	19.133436634871558	30.842908957274346	0.015686461447472388
46.0	31.072896471500584	19.13263723480862	18.95424583171772	30.826538525452836	0.01368193652024594
47.0	31.27626313537344	19.012586376687885	19.009652489348053	30.688157114649123	0.013340883941506036
48.0	30.983346034845944	18.927512859417075	19.08858924691326	30.982516171953122	0.01803568687060086
49.0	31.03913316822568	19.208638901376098	18.919755799917834	30.81651983365376	0.01595229682662646
50.0	31.139215042603542	18.967031303019553	19.109227322415244	30.768471942675053	0.016054389286610363
51.0	30.98229527103367	19.10637060374819	19.1253438029306	30.768370378942013	0.017619943345530124
52.0	31.103239212837163	19.128464374400313	18.95897902466978	30.79408026870329	0.015237119389455251
53.0	31.120483869009714	19.03305658345041	19.119800731255374	30.718795558611344	0.007863257673159969
54.0	30.91862564520608	18.958282947255327	19.08513866018857	31.0290728474447	0.00887989990532703
55.0	30.95178108533354	19.19210824888334	19.016519157128258	30.830991226609715	0.00860028204514707
56.0	31.15914675442546	18.93522296879159	19.095692828066355	30.803131807363428	0.006805641353170905
57.0	30.96696810832621	19.17160692227928	19.061578650934965	30.79689937852617	0.0029469399333771243
58.0	30.84249350500602	19.233965156656282	19.09175810318643	30.82960814178745	0.00217509336381768
59.0	31.12971692401181	18.99201103505369	19.063457063028828	30.813301290872303	0.00151368703337157
60.0	30.89573312893057	19.17101325188037	19.17203123048301	30.759544099658452	0.001678289047595727
61.0	30.987526302036777	19.094412278409635	19.163395816428974	30.753097795442358	0.0015678076822576432
62.0	31.19340045216395	18.999932356889452	19.007686567123137	30.79837568543644	6.049383870252815E-4
63.0	30.876705294253803	19.129095166594183	19.068781369909406	30.92539067890683	2.749033577245919E-5
64.0	30.961136460203942	19.104274643083492	19.01899285589824	30.91554107350064	5.496731368691608E-5
65.0	31.102722548852856	19.05435233298721	19.04094333406515	30.801954306637974	2.747745680749871E-5
66.0	30.93735818040167	19.053493940422857	19.11799610349795	30.891014420134344	1.373555431752426E-4
67.0	31.059235062969304	19.281463571791708	18.883677419408	30.775623945830993	0.0
68.0	31.130332722504967	19.046283910791782	19.241038659037216	30.58234470766604	0.0
69.0	30.903693868008325	19.091103036932637	19.188465438406748	30.81599631857	7.413380822901746E-4
70.0	30.97914697485772	19.18511805751349	19.01529379240974	30.820441175219056	0.0
71.0	31.115397137293204	19.038219018866016	19.16147429784295	30.684552682161147	3.5686383668153966E-4
72.0	30.99167009091341	19.090854941771337	19.20405408855061	30.713420878764648	0.0
73.0	30.93539042261129	19.236271569601058	19.01781013755467	30.810527870232978	0.0
74.0	31.186672635661743	18.975914775486093	19.095505110654685	30.74190747819748	0.0
75.0	30.90509550066657	19.124424658816398	19.134141196665748	30.836338643851285	0.0
76.0	30.952675039442955	19.13471979306309	18.99547545094526	30.917129716548697	0.0
77.0	31.035327049906826	19.094986754517887	19.141320551646675	30.728365643928612	0.0
78.0	30.827644367237266	19.18081084375319	19.014342014382642	30.9772027746269	0.0
79.0	30.750523627839733	19.363316866979996	19.038281869229902	30.847767817554306	1.0981839606388904E-4
80.0	30.982777552470075	19.09263569648316	19.091207883286156	30.833378867760608	0.0
81.0	30.7795922604287	19.22557052947706	19.10611235878534	30.8887248513089	0.0
82.0	30.79184781519019	19.431572893323583	18.883986850464268	30.89259244102196	0.0
83.0	31.073633502169372	19.262198033194718	18.82255403385182	30.841449605490663	1.6482529343022864E-4
84.0	30.711550181540616	19.317300680385756	18.968232728088044	31.002751547917434	1.6486206815068173E-4
85.0	30.864049597111414	19.341098043505205	18.87080714307897	30.923935283882614	1.0993242179201389E-4
86.0	31.008243988409102	19.220074547493308	18.98679405918221	30.784722464669112	1.649402462722817E-4
87.0	30.57999679382038	19.365847367701782	19.06898703147088	30.984453878446196	7.149285607635657E-4
88.0	30.63495006026214	19.63902126145077	18.8701082738184	30.855727873673395	1.9253079530070832E-4
89.0	30.7640458588184	19.518087337763095	19.00752391873243	30.710315372916536	2.751176953500708E-5
90.0	30.72251970549569	19.480651722753358	19.094288880736652	30.701603987856775	9.357031575303052E-4
91.0	30.76331161876927	19.543520622595516	19.028719718039202	30.66386989101605	5.781495799605647E-4
92.0	30.868985544127053	19.55019869286014	19.112245423481973	30.467909361134083	6.609783967473253E-4
93.0	30.63951828793174	19.488905567550233	19.139480264992333	30.731875456688567	2.2042283712846354E-4
94.0	30.61438254402721	19.72460424436377	19.044756289503205	30.615815891969667	4.4103013614049013E-4
95.0	30.90731192901408	19.484697963478965	19.18217608372879	30.425786446578552	2.75771996125955E-5
96.0	30.764629653591808	19.587539270511368	19.253620943242712	30.393934235498637	2.758971554727374E-4
97.0	30.77892786627408	19.622679945114474	19.23408688221004	30.36383605778162	4.6924861978799346E-4
98.0	30.772937814349994	19.485501650941572	19.32032464282992	30.421097807103305	1.3808477521455614E-4
99.0	30.689292818543617	19.487148171471187	19.349543264999696	30.473242062780443	7.736822050606E-4
100.0	30.57834286433085	19.60430118228603	19.38456987485987	30.432067279580995	7.187989422597103E-4
101.0	30.720874974759276	19.580326345226666	19.34772446261469	30.350438012939847	6.362044595166506E-4
102.0	30.599763535280406	19.550932906456946	19.374940496354505	30.4735327784826	8.302834255501458E-4
103.0	30.56104895819515	19.74617387314011	19.388201878923713	30.303522919651265	0.0010523700897588605
104.0	30.767700230256583	19.595226159409386	19.32786359632022	30.308960608637797	2.4940537601601516E-4
105.0	30.487835989675595	19.646487782748213	19.49303035983464	30.37239629838734	2.49569354214339E-4
106.0	30.505278616137883	19.65833572908839	19.478570849784493	30.357509554345157	3.05250644078859E-4
107.0	30.681160213154328	19.539017245128314	19.546904033064525	30.23219647877135	7.22029881484349E-4
108.0	30.384142498074034	19.550908288486788	19.689255393536094	30.374915652176814	7.781677262717207E-4
109.0	30.501216577495487	19.685914958618564	19.52681977630995	30.285603666087024	4.4502148897514887E-4
110.0	30.577956839594805	19.601970966599787	19.607872064203942	30.211893940574836	3.061890266306514E-4
111.0	30.4808826745451	19.588833682263353	19.515370332451607	30.41460686521551	3.064455244327624E-4
112.0	30.577245622522657	19.574235518667802	19.531739934834526	30.31641642883732	3.6249513768541277E-4
113.0	30.76963871025366	19.43322391925688	19.66235150946767	30.134757949267595	2.791175419792783E-5
114.0	30.75851259111902	19.480233912900136	19.70596042032796	30.05523719583919	5.587981369670113E-5
115.0	30.467145216219965	19.831043888423963	19.550364058661103	30.15133495634429	1.1188035067777116E-4
116.0	30.741620028036383	19.51085303748956	19.682482076820587	30.06428878259034	7.560750631322678E-4
117.0	30.576812231285587	19.502750783294793	19.760587656126297	30.159597015293592	2.5231399972637953E-4
118.0	30.55581831200702	19.56169229875343	19.79573110742909	30.08656179924141	1.9648256904888684E-4
119.0	30.6680125819851	19.419596500807522	19.820364144658544	30.091858158436004	1.6861411283262997E-4
120.0	30.488410856901037	19.53097566246185	19.976302864140173	30.004226204946743	8.441155020123714E-5
121.0	30.444818722044225	19.620319855207534	19.98723148650065	29.946784712494324	8.452237532667899E-4
122.0	30.600007109490097	19.491626318429546	20.02038053827868	29.887111453670666	8.745801310064611E-4
123.0	30.447412915154693	19.446973624178803	20.16741082463815	29.936677123957743	0.0015255120706142587
124.0	30.46510417373908	19.4404084570156	20.199221243023775	29.893681906856955	0.0015842193645922446
125.0	30.542555855587374	19.404214622339516	20.24138270978211	29.81034539415909	0.0015014181319185631
126.0	30.42655050277951	19.41150187026317	20.324122210385813	29.834109004356147	0.0037164122153646693
127.0	30.339582076866105	19.571315872380524	20.34035193676581	29.746022935007066	0.002727178980495273
128.0	30.458337197664676	19.34892038642934	20.368762471358902	29.821504875885264	0.0024750686618185665
129.0	30.2233143866547	19.50935225152072	20.42523184751485	29.84099035571321	0.0011111585965212188
130.0	30.38210113822521	19.488878698789637	20.45911945557857	29.669444150377327	4.5655702925189416E-4
131.0	30.367033358978553	19.308476525480792	20.61146695596606	29.71296600084366	5.71587309389922E-5
132.0	30.191442134443125	19.493265822205114	20.71605111420553	29.598868835590466	3.720935557689528E-4
133.0	30.149064775921204	19.506454427965785	20.729854352510273	29.61454043807774	8.600552499492567E-5
134.0	30.285546095421328	19.38003417134489	20.810234174216426	29.52343895820471	7.466008126462691E-4
135.0	30.147012506029526	19.430237732203164	20.911580510279602	29.510478930393486	6.903210942279664E-4
136.0	30.073624089855215	19.546211916251842	20.911079744112133	29.468536815934588	5.474338462212226E-4
137.0	30.261436738878444	19.28212123451203	21.024474805924108	29.43147654694997	4.906737354471943E-4
138.0	30.0293597220933	19.24913949381445	21.211235291583133	29.509658229469665	6.072630394556147E-4
139.0	30.073686512920126	19.547596388535208	21.05470068384908	29.323784650550365	2.3176414521761931E-4
140.0	30.137887009812246	19.30177192892312	21.303178696327805	29.257133335481512	2.9029455317426933E-5
141.0	30.03747811449183	19.363488833663155	21.282256576998876	29.3167182880514	5.8186794739681015E-5
142.0	30.0406814655826	19.380854339939578	21.406849650635156	29.17161454384266	0.0
143.0	30.025279643628384	19.274967888652586	21.537531087761657	29.16020345375381	0.0020179262035613767
144.0	29.831908123228267	19.318979152195542	21.562951733718812	29.28616099085738	0.0
145.0	29.913326365683833	19.322302857226973	21.57296159451224	29.19140918257695	0.0
146.0	30.07534260763547	19.168183284357678	21.63448477907689	29.121989328929963	0.0
147.0	29.85747272777124	19.199339100704886	21.841416355827036	29.101712210782054	5.960491478285334E-5
148.0	29.81504634488381	19.339277403104667	21.741484678962433	29.10413073303096	6.08400181303254E-5
149.0	28.985478136863037	19.457141390577828	23.02787653180326	28.52947205890745	3.1881848420302236E-5
