#Position (bp)	Coverage	Std
15197.0	73.50834073635376	42.37357653249448
45590.0	63.21106833810417	19.649481641500188
75983.0	61.06744974171684	20.66582923276491
106376.0	63.88638831309841	20.978376748167538
136769.0	56.42167604382588	21.537665215452492
167162.0	72.5713486658112	27.026236596088584
197555.0	62.80278353568256	30.291283776024713
221485.0	88.14455830995591	31.6433409233223
236681.5	139.1253287946774	77.0830270082972
258341.0	66.85753298456882	25.18310727807672
288734.0	63.24479320896259	22.07533620421074
319127.0	65.12308755305499	21.494317670029776
349520.0	65.89372552890468	22.90762076829402
379913.0	60.4991938933307	22.151219771393546
410306.0	67.49284374691541	22.49083502201502
440699.0	69.57871878393051	27.654857964183837
471092.0	62.849175797058535	26.40850632025951
501485.0	66.43825880959432	27.863392426537324
531878.0	61.302043233639324	20.532095357168615
562271.0	60.8822426216563	23.527153047983038
592664.0	59.14733655776001	18.81421444597049
623057.0	61.65337413220149	22.018461668100073
653450.0	65.00700819267594	21.498389065357618
683843.0	65.79218899088606	21.96540742809886
714236.0	63.194485572335736	19.581097336000187
744629.0	65.84213470206956	22.4165077350884
775022.0	58.84825453229362	20.525655574629887
805415.0	63.69167242457145	24.06904557772364
835808.0	62.89296877570493	23.35208716569554
866201.0	65.13052347580035	20.50950315517889
896594.0	63.107853782120884	19.334241245670416
926987.0	65.1397690257625	20.403477123325683
957380.0	63.34915934590202	19.25760187101854
987773.0	62.90290527424078	21.649624665320292
1018166.0	67.40213206988452	25.251367485715722
1038382.5	85.91613545816733	33.639210959001744
1053579.0	83.68102982361323	40.16142010579635
1078952.0	58.69841739874313	20.98790805219982
1109345.0	64.98414108511828	22.459694209446347
1139738.0	59.28434178922778	26.507736966900303
1170131.0	60.695949725265685	23.32224026675914
1200524.0	56.08663179021485	26.74904854504818
1230917.0	60.02849340308624	18.941119258103843
1261310.0	66.5685190668904	23.045091335451385
1291703.0	63.98423979205738	23.542577449858676
1322096.0	62.784917579705855	24.46347722951066
1348657.5	76.82921249450067	33.4325298461509
1363854.0	88.90251859585018	31.59923336098039
1382882.0	67.2911196657125	27.57756266050264
1413275.0	58.115980653439934	20.45517877770858
1443668.0	62.602178133122756	21.63357837306256
1474061.0	63.95127167439871	21.795417101457957
1504454.0	66.65357154607969	23.659941127036515
1534847.0	62.07208896785444	21.821325270652814
1565240.0	63.749975323265225	21.633379895886307
1595633.0	65.07643207317474	21.082245139275987
1626026.0	66.24255585167637	21.26336569994691
1656419.0	62.746652189648934	21.621272386314317
1686812.0	57.485736847300366	22.651651706706744
1717205.0	58.63702168262429	23.176973035691272
1747598.0	60.9110979501859	22.080906825154834
1777991.0	62.432829927943935	20.6987517646408
1808384.0	59.3408679630178	21.752230766427036
1838777.0	61.51607277991643	22.442878353723984
1869170.0	64.85467048333498	29.72791708240758
1899563.0	79.96334682328168	39.1762433241918
1929956.0	57.46964761622742	22.113876303213292
1960349.0	59.576251110453065	22.014570152136027
1990742.0	61.68209785147896	22.80627934987112
2021135.0	69.70608363767973	30.130312836964396
2051528.0	68.79557792912841	22.420264915473354
2081921.0	63.30059553186589	20.505062118104984
2112314.0	65.13049057348732	24.72149878589294
2142707.0	60.744546441614844	22.97733630659257
2173100.0	62.05521008126871	19.96771486894499
2203493.0	58.832560128977065	20.8693497776557
2233886.0	70.81703023722568	27.886464826881763
2264279.0	56.14733655776001	18.311945421291572
2294672.0	60.42006383048729	19.769413183697267
2325065.0	60.20327048991544	20.972451311496588
2355458.0	76.14694173000362	33.281607779354225
2385851.0	61.805415720725165	21.99338339675369
2416244.0	61.17257263185602	20.650403075292417
2446637.0	69.60609350837363	31.35758118130602
2477030.0	61.86654821833975	23.158126409685263
2507423.0	61.69331754022308	22.83134091528567
2537816.0	64.14838943177705	20.863320832369375
2568209.0	66.05738163392887	27.463190429118878
2598602.0	60.335866811436844	21.841547633814177
2628995.0	61.535616753857795	20.106896083062832
2659388.0	68.19264304280591	22.736666633600354
2689781.0	65.74655348270983	22.24656047200407
2720174.0	61.89418616128714	20.561006212606582
2750567.0	64.7696180041457	23.146331746368244
2780960.0	63.526568617773826	19.82563497905939
2811353.0	61.45612476557102	20.893469421224218
2841746.0	57.50893297798835	20.71709215630638
2872139.0	69.95268647385912	47.36480482340171
2889645.5	177.99329004329005	59.580194419786565
2904842.0	80.78011872890234	32.20164998244016
2932925.0	62.585496660415224	23.755203147316234
2963318.0	60.62112986542954	21.705213124368466
2993711.0	62.64139769025763	20.76924403326441
3024104.0	59.26180370480045	19.233062759800617
3054497.0	61.75737834369756	23.22522652857568
3084890.0	66.71394729049452	23.34038910763032
3115283.0	64.83821932681867	24.10588870585529
3145676.0	65.81051557924522	23.123691240117534
3176069.0	61.111144013424145	20.793543089426237
3206462.0	65.98713519560425	24.161200917652543
3236855.0	63.592998387786665	22.49033396601904
3267248.0	61.595597670516234	21.628861576098075
3297641.0	69.40831770473464	18.466418721723343
3322340.5	90.79632747553404	69.75993357297332
3337537.0	35.298673926407304	76.29617979886864
3358427.0	115.64281248971803	176.81584280349801
3388820.0	59.64011450004935	145.4792246917017
3410819.5	74.54630310157283	156.98614333399888
3426016.0	83.22934413534283	28.722030302914018
3449606.0	63.050044418122596	23.4930760182834
3479999.0	63.34037442832231	22.409412872262067
3510392.0	65.65350574145363	24.292315099534555
3540785.0	56.76254400684368	25.70111214453048
3571178.0	59.42661139078077	24.694979975596873
3601571.0	62.77754746158655	20.13498520136837
3631964.0	61.904879413022734	22.529316420564477
3662357.0	64.3829500213865	20.57265977634924
3692750.0	61.01678017964663	19.915285496003463
3723143.0	64.90695225874379	24.563908791329244
3753536.0	63.9153423485671	22.8676660022275
3783929.0	63.76399170861711	23.611726705363004
3814322.0	63.40078307505018	21.513800577911745
3844715.0	59.83038857631691	21.940382486204967
3875108.0	76.55164018030467	39.24011629961005
3905501.0	67.77067087816273	29.002216850429402
3935894.0	64.78238410160235	22.747123893905233
3966287.0	64.61214753397164	22.49542519945088
3987990.0	110.19265350034581	49.02698519998067
4003186.5	94.17543153049482	39.462408734224766
4027073.0	65.86319218241043	25.788682233608483
4057466.0	63.63856809133682	21.283185247288326
4087859.0	65.17694863948935	23.104148929561383
4118252.0	60.78136412989833	23.737966090625758
4148645.0	59.89754219721647	25.153824787844343
4179038.0	66.3516599216925	19.772615877283545
4209431.0	60.20590267495805	21.417712041736717
4239824.0	68.80008554601389	23.028995126221673
4259839.0	83.65217391304348	27.866515749378795
4275035.5	111.2283195220659	46.20873151662366
4300610.0	95.78876715033067	32.05102576452359
4331003.0	96.31635573980851	35.88023652393505
4361396.0	94.85091961964926	34.67134591397617
4391789.0	101.38492416016847	28.366159342099976
4422182.0	89.3876879544632	32.385771865540256
4452575.0	95.60128977067087	28.728882084258117
4482968.0	92.56710426743	31.863313593126904
4513361.0	98.85881617477709	35.741452401025995
4543754.0	97.2077781068009	30.17013416212752
4574147.0	93.19165597341492	30.400178646047102
4604540.0	91.1375316684763	29.62739357260824
4634933.0	93.7163491593459	29.69790649162317
4665326.0	93.12203467903794	31.19680244842338
4695719.0	89.72306123120455	31.90901760527796
4726112.0	99.55496331392096	30.004468898002763
4756505.0	91.18629289639061	31.394953553246975
4786898.0	99.99940775836541	30.74517177494378
4817291.0	96.02375547000955	32.63504701321015
4847684.0	96.47399072154772	31.981741718921075
4878077.0	94.68973118810253	32.127685899089386
4908470.0	90.13835422630211	27.81693650227381
4938863.0	88.40621195670056	28.276375015247176
4969256.0	96.5278518079821	32.10732370629109
4999649.0	95.05047214819201	30.333582269042893
5030042.0	91.76066857500082	34.169140871145814
5060435.0	92.6396538676669	33.5426911723376
5090828.0	92.41259500542888	33.838484543865825
5121221.0	96.41697101306222	32.23292373776385
5151614.0	93.07231928404566	26.902837687056273
5182007.0	92.92896390616261	32.014573948219876
5212400.0	95.25571677688941	28.995624796887757
5242793.0	92.76251110453065	31.34447526075201
5273186.0	96.6955548975093	31.444139660587076
5303579.0	91.97532326522554	30.511927048807706
5333972.0	102.99884841904385	40.10354158888679
5352383.0	137.6731995644735	52.15945406455417
5367579.5	130.25400600901352	59.09640247520656
5394758.0	126.56335340374429	38.04632938510009
5425151.0	123.87964333892673	40.811838470142455
5455544.0	120.46813410982791	42.78025362655129
5485937.0	115.50116803211266	38.36549101127611
5516330.0	124.75356167538578	37.869791568138744
5546723.0	129.44694502023492	36.70325701860842
5577116.0	182.5471325634192	180.27489838921264
5607509.0	129.14049287664923	41.555888272266074
5637902.0	122.08357187510282	41.598372221126304
5668295.0	131.9807192445629	41.41604738522696
5698688.0	134.7647813641299	39.02598796507124
5729081.0	125.21409535090316	41.18876659319736
5759474.0	118.36412989833185	44.47136198333908
5789867.0	130.98647714934359	42.132378692100914
5820260.0	124.42118250913039	42.19562847518315
5850653.0	134.72217286875266	38.62775868456507
5881046.0	122.14819201789886	48.15770288389591
5907241.5	142.36662423856714	64.6197751292743
5922438.0	100.0318046456224	41.478346712227456
5941832.0	71.28832296910473	24.254109684899046
5972225.0	62.93551146645609	24.931701527549155
6002618.0	64.69433751192709	23.82738584329853
6033011.0	65.04349685782911	21.62480942011945
6063404.0	61.379528180831116	20.842040427046385
6093797.0	64.1262461751061	20.45008158590894
6124190.0	62.20639620965354	21.84380562481377
6154583.0	61.86641660908762	21.529805478369582
6184976.0	62.01230546507419	20.627929281827868
6215369.0	61.99664396407067	21.192487070705727
6245762.0	67.93630112196888	22.77950757126574
6276155.0	63.131346033626166	19.12110754788531
6306548.0	60.396768992860196	19.14272493683791
6336941.0	65.08403250748528	20.183091624185867
6367334.0	68.28743460665285	24.213511655241405
6397727.0	82.05958608890205	32.782251963919144
6428120.0	66.6379429473892	22.618649314487506
6458513.0	64.3859770341855	22.359526875036465
6488906.0	63.598756292567366	19.430763456080786
6519299.0	62.8310795248906	22.007732927852786
6549692.0	66.18760898891192	21.334791524293266
6580085.0	66.18504260849538	21.565775745672838
6610478.0	64.77336886783141	20.806453293809017
6640871.0	68.28095285098543	23.836100935921962
6660029.5	87.00971731448763	36.74860019586292
6675226.0	73.63144777248654	32.437148269108434
6701657.0	63.95367354325009	23.99709893739753
6732050.0	62.75425262395947	20.591262678790216
6762443.0	62.46059948014345	20.938973895015312
6792836.0	67.17168426940414	19.487510627164582
6823229.0	64.12315335768105	20.89074804935885
6853622.0	62.07133221465469	19.16747840676133
6884015.0	61.04846510709703	20.00648563942641
6914408.0	65.1104859671635	20.033369654497722
6944801.0	60.07551080840983	19.79015617206636
6975194.0	62.5007073997302	22.628870314793705
7005587.0	61.85911229559438	22.719412782281967
7035980.0	65.12785838844471	20.824695672611274
7066373.0	67.05896094495444	21.441982084902495
7096766.0	62.94021649721975	22.340090789874864
7127159.0	62.34287500411279	20.726855527517092
7157552.0	65.00338893824235	21.08331806886539
7187945.0	63.65551278254861	22.805010471730405
7218338.0	61.848221629980586	21.36681190088386
7248731.0	65.56167538577962	22.359685797772133
7279124.0	59.8687197709999	21.492312300913763
7309517.0	70.05491396045142	26.204599063430617
7327760.5	95.99901542500821	43.535393520738715
7342957.0	104.87456273920738	54.37498616966701
7370303.0	61.50574145362419	22.662598269245958
7400696.0	68.12525910571513	21.069640565554867
7431089.0	59.4554996216234	19.714058325974552
7461482.0	58.186654821833976	21.40439425237163
7491875.0	62.80001974138782	22.803864164661334
7522268.0	67.28170960418518	21.488556705657807
7552661.0	64.68861250945942	29.278910466379138
7583054.0	62.05336755173889	20.751126526779803
7613447.0	62.00361925443359	21.80583159268844
7643840.0	66.099891422367	19.44554635868853
7674233.0	64.95877340177015	21.445533346977125
7704626.0	62.560194781693156	21.587622990739092
7735019.0	62.32718060079623	20.2585060509614
7765412.0	59.10624156878229	20.425787920192814
7795805.0	1803.7473431382225	1639.2439809374262
7826198.0	85.64804395749022	167.79263082596106
7856591.0	59.80472477215148	21.67487904618688
7886984.0	64.82555193630112	22.051684159202683
7917377.0	66.61037080906787	31.504930130247274
7947770.0	63.02309742374889	20.88743641128534
7978163.0	68.66775244299674	31.687185347761368
8008556.0	57.60372454183529	22.87638211384748
8038949.0	62.25992827295759	21.63853971080251
8069342.0	52.89494291448689	26.36087753052337
8099735.0	59.36083966702859	21.767434594618187
8130128.0	55.48277563912743	20.025593140128382
8160521.0	65.07508307834041	21.736674215604346
8190914.0	64.0782087980785	21.447343658249714
8221307.0	65.05474944888626	18.37372637614952
8251700.0	62.57098674036785	22.328003259203154
8282093.0	63.36916395222584	21.73037716223997
8312486.0	69.18948442075478	30.152944780991977
8342879.0	58.80238870792617	24.294330412231155
8373272.0	59.545553252393645	20.198634410120203
8398726.5	130.3755605381166	75.03933231335367
8413923.0	129.85035942087677	65.57879855166303
8434058.0	68.81123943013193	24.28079494698081
8464451.0	59.96008949429145	24.08723206993365
8494844.0	63.29898331852729	22.8180810792042
8525237.0	66.27693876879545	20.305458643159096
8555630.0	66.26071792847037	19.581313254640577
8586023.0	71.51656631461192	36.83859334531876
8616416.0	69.83216530122067	27.053446870885573
8646809.0	60.394465830947915	21.16590556030478
8677202.0	63.694929753561674	22.185089563204045
8707595.0	59.75484486559405	23.592568428060936
8737988.0	63.74941598394367	22.74223947030648
8768381.0	65.75060046721285	28.807001789281223
8798774.0	71.01701049583785	31.010269658110776
8829167.0	56.25298588490771	19.98647833636369
8859560.0	66.74707991971836	23.040834146503535
8889953.0	62.77590234593492	24.058877756886428
8920346.0	59.244299674267104	20.886080890266587
8950739.0	59.806402790116145	22.69470024640499
8981132.0	63.11167045043266	20.42500987824254
9011525.0	67.3817326358043	21.43046271107231
9041918.0	63.21001546408713	20.820692443738242
9072311.0	64.49968742802619	21.559416567558696
9102704.0	65.95235745072878	22.61302055704897
9133097.0	64.13687362221565	20.042356359275832
9163490.0	61.7210870924226	21.771862951648213
9193883.0	63.41637877142763	20.194902984111856
9224276.0	64.49521271345375	22.44875203517326
9254669.0	64.09669989800283	20.461894803425906
9285062.0	69.49402823018458	21.469377319140435
9315455.0	70.84308886914751	25.670474292842826
9332033.5	103.80282199710564	51.908503774526054
9347230.0	94.58887400919323	48.412193983113816
9376241.0	64.2728588819794	20.654152569386387
9406634.0	66.61839897344784	21.142259350827942
9437027.0	74.13960451419734	30.394593972339802
9467420.0	63.2291646102721	21.74584819220731
9497813.0	60.76208337446123	20.996455651748477
9528206.0	61.52485769749613	18.835880105895484
9558599.0	64.38031783634389	21.279995754859044
9588992.0	63.52133715000164	19.712706408121985
9619385.0	62.96505774355937	24.311265029689352
9649778.0	65.02007041094988	18.623005645938353
9680171.0	64.80192807554371	22.265261023665225
9710564.0	61.358503602803275	17.828676663687748
9740957.0	61.99967097686967	22.29417643758798
9771350.0	68.06300792945744	20.4531575878975
9801743.0	63.254499391307206	20.67613558747313
9832136.0	64.14970552429835	23.35006027914376
9862529.0	70.39897344783338	25.823060515379325
9892922.0	70.03194814595466	24.505922875500833
9923315.0	66.4452999045833	22.456842504617647
9953708.0	61.40917316487349	20.94944349395812
9984101.0	65.92524594478992	22.620374468568805
1.0014494E7	67.46984503010562	21.102407867509626
1.0044887E7	64.49541012733195	22.122130887955944
1.007528E7	64.44951140065146	20.973698498138493
1.01041125E7	80.27548401290701	30.187780111415083
1.0119309E7	156.375841076578	55.644362676960256
1.0136066E7	111.05567071365117	35.34567233981675
1.0166459E7	97.53979534761294	31.788465378327665
1.0196852E7	99.96314940940348	33.2745370305203
1.0227245E7	95.83496199782844	34.28803769783131
1.0257638E7	91.14092060671865	30.075574097148287
1.0288031E7	97.22577567202974	27.170847613272738
1.0318424E7	100.71657947553713	33.23094728711158
1.0348817E7	93.36863751521732	32.25725933978028
1.037921E7	95.72595663475143	32.39283245380503
1.0409603E7	99.10972921396375	28.521589449377636
1.0439996E7	95.27009508768467	29.204922807711522
1.0470389E7	86.61951765209095	31.21353187490032
1.0500782E7	93.28220313888066	28.709625367705346
1.0531175E7	94.52212680551443	29.57429564535887
1.0561568E7	89.54834994900142	31.509986488590723
1.0591961E7	93.68140690290528	31.269107474037067
1.0622354E7	93.3576152403514	27.490980146321725
1.0652747E7	92.9730530056263	30.36339151624484
1.068314E7	95.56309018524003	30.103123956235116
1.0713533E7	93.3816339288652	32.602129154204405
1.0743926E7	97.18030467541868	28.793994747474457
1.0774319E7	88.65768433520877	30.909360126256274
1.0804712E7	87.98226565327542	31.734952790860948
1.0835105E7	93.20896259007009	38.08951656732394
1.0865498E7	96.16507090448458	30.634653888789547
1.0895891E7	89.9261343072418	30.13645689665941
1.0926284E7	94.96505774355937	32.946787957338415
1.0956677E7	95.44098970157602	28.209431982500284
1.098707E7	98.89708156483401	32.086804008475205
1.1017463E7	86.85480209258711	30.438050937742794
1.1047856E7	97.2234067054914	25.03168590499923
1.1078249E7	96.05675648998124	31.010396979462765
1.1108642E7	88.22577567202974	32.32501086024252
1.1139035E7	99.1676043825881	30.73415622986337
1.1169428E7	96.55344980752147	31.743836273853844
1.1196832E7	126.69727626459144	65.5801869901303
1.12120285E7	146.39377718300435	62.41483994129889
1.1230214E7	73.27651103872603	30.466315725838786
1.1260607E7	67.98266048103181	28.949392362059424
1.1291E7	61.78883295495673	21.34715399717628
1.1321393E7	64.13661040371139	20.14337040573406
1.1351786E7	62.306583752837824	19.399708727543292
1.1382179E7	61.01233836738723	20.82526208275226
1.1412572E7	63.138025203171786	21.205481003067288
1.1442965E7	65.3924258875399	20.856913119179158
1.1473358E7	61.35652946402132	20.767618596433874
1.1503751E7	61.603000690948576	20.73897910938219
1.1534144E7	62.55486460698187	20.679813592600944
1.1564537E7	66.37686309347548	21.255260573866774
1.159493E7	64.48126213272793	20.386033606436147
1.1625323E7	60.07360247425394	19.528093313324792
1.1655716E7	64.08923107294443	28.48432769597656
1.1686109E7	62.69282400552759	22.702815386493388
1.1716502E7	62.21801072615405	21.408342892324033
1.1746895E7	60.678017964662914	20.97223716444283
1.1777288E7	58.09475866153391	20.1620552609501
1.1807681E7	63.018754318428584	20.97325689273317
1.1838074E7	64.10028625012339	23.62481615325844
1.1868467E7	63.29559438028493	22.09804801012812
1.189886E7	62.61586549534432	22.587993522817207
1.1929253E7	64.74658638502287	23.514305176958164
1.1959646E7	65.03099397887671	17.055577928042002
1.1990039E7	58.373967689928605	22.989352922112634
1.2020432E7	67.18204849800941	30.554632422351954
1.2050825E7	82.24765571019643	44.81341827114662
1.2081218E7	62.91517783700194	24.017757937504342
1.2111611E7	67.06939097818577	19.951091780608035
1.21419565E7	88.25169978216384	63.23908543139875
