#Position (bp)	insert size
15197.0	262.14505928853754
45590.0	270.97283558379667
75983.0	271.8335809806835
106376.0	272.24255719210277
136769.0	265.6323792486583
167162.0	264.838846945779
197555.0	268.4421609839639
221485.0	263.7042253521127
236681.5	279.6102714123192
258341.0	265.9114661092864
288734.0	264.66115439656545
319127.0	266.2723172628305
349520.0	267.1263125856034
379913.0	268.8116829389376
410306.0	269.91350869371377
440699.0	270.07014517751907
471092.0	259.2659506252004
501485.0	261.80066145520146
531878.0	268.7408142999007
562271.0	264.18690515260914
592664.0	265.45599728168537
623057.0	267.3523061825319
653450.0	265.8949152542373
683843.0	267.00839310239587
714236.0	268.3433428662218
744629.0	266.2061138014528
775022.0	266.29447541814494
805415.0	266.11889763779527
835808.0	263.6962691326531
866201.0	267.4636251541307
896594.0	270.96893915259636
926987.0	270.6844362745098
957380.0	261.5507200506409
987773.0	267.17839476623584
1018166.0	266.195581257414
1038382.5	255.19720767888307
1053579.0	259.9828160617219
1078952.0	270.00735545672256
1109345.0	274.01767990074444
1139738.0	268.4596314907873
1170131.0	260.0355
1200524.0	258.52406322145265
1230917.0	262.0162180237418
1261310.0	271.015303030303
1291703.0	273.9916666666667
1322096.0	266.31729394949974
1348657.5	256.5505962521295
1363854.0	263.752380952381
1382882.0	266.38493414237087
1413275.0	268.3231696813092
1443668.0	263.9111863313991
1474061.0	271.6026708562451
1504454.0	268.51454545454544
1534847.0	268.4094577146546
1565240.0	264.9187030075188
1595633.0	263.83033932135726
1626026.0	266.34150799695357
1656419.0	268.41249601530126
1686812.0	261.1516314779271
1717205.0	269.74420998456
1747598.0	267.9670836076366
1777991.0	266.1654376402693
1808384.0	257.5090636953268
1838777.0	266.14757313286486
1869170.0	262.62192731111446
1899563.0	275.363125
1929956.0	260.6547701949861
1960349.0	264.5375314861461
1990742.0	260.3227265385237
2021135.0	258.9185946872322
2051528.0	266.5699519580725
2081921.0	265.60580123632906
2112314.0	276.8120540458479
2142707.0	265.5754513831373
2173100.0	263.8750805931657
2203493.0	262.1780984719864
2233886.0	267.23597868760515
2264279.0	267.7842124019957
2294672.0	266.25868917576963
2325065.0	259.6853875903817
2355458.0	263.4625228519196
2385851.0	260.7130225080386
2416244.0	269.2940982525552
2446637.0	265.0977324913892
2477030.0	261.409804854831
2507423.0	266.52872633112156
2537816.0	264.3662980844105
2568209.0	261.99361313868616
2598602.0	262.9592107444868
2628995.0	267.3072298943948
2659388.0	271.620484549543
2689781.0	263.24931506849316
2720174.0	260.95325137495956
2750567.0	267.072049689441
2780960.0	271.75535799333227
2811353.0	267.8970829236316
2841746.0	264.9805488016672
2872139.0	265.04094797363626
2889645.5	287.5926782273603
2904842.0	272.9654682393065
2932925.0	266.6320618058909
2963318.0	270.89121132323896
2993711.0	265.91838377334193
3024104.0	268.31856469002696
3054497.0	270.1374592833876
3084890.0	266.1446738479952
3115283.0	264.67583011583014
3145676.0	264.9093687910744
3176069.0	266.25854947959687
3206462.0	262.785
3236855.0	262.993665874901
3267248.0	271.48778501628664
3297641.0	277.6085783269422
3322340.5	253.87233304423245
3337537.0	205.66741071428572
3358427.0	217.0334486735871
3388820.0	209.26595895258316
3410819.5	212.72829994863892
3426016.0	262.0571367884452
3449606.0	269.7705101551255
3479999.0	264.44830332961607
3510392.0	269.5480122324159
3540785.0	259.5262326723987
3571178.0	262.041715334557
3601571.0	270.05314550984474
3631964.0	269.09332469215815
3662357.0	264.65052499608214
3692750.0	264.75594656239815
3723143.0	264.3917493796526
3753536.0	274.4490980392157
3783929.0	261.96876971608833
3814322.0	265.11893855631024
3844715.0	262.2435086551265
3875108.0	265.6830657690316
3905501.0	264.94193928676685
3935894.0	267.7269619269619
3966287.0	266.8370105655687
3987990.0	269.6825230511316
4003186.5	268.59945799457995
4027073.0	268.48541353383456
4057466.0	269.4789782643186
4087859.0	264.62448164644445
4118252.0	263.4495610402518
4148645.0	264.3905355338498
4179038.0	267.6337174044876
4209431.0	273.74108036012007
4239824.0	263.09979514193736
4259839.0	252.9996194824962
4275035.5	255.22837681531936
4300610.0	267.764165875277
4331003.0	265.2583548887739
4361396.0	268.0934619052665
4391789.0	269.07640471707464
4422182.0	260.57999330132856
4452575.0	268.861820083682
4482968.0	270.2652508397443
4513361.0	269.07772337821297
4543754.0	265.8004951516402
4574147.0	265.05996758508917
4604540.0	261.150852645387
4634933.0	267.9917691074292
4665326.0	267.3180170575693
4695719.0	264.0047671840355
4726112.0	272.0040416287764
4756505.0	266.65532854776365
4786898.0	271.1676426799007
4817291.0	263.4075467753737
4847684.0	263.8842839556832
4878077.0	266.43537775891343
4908470.0	267.57401846290736
4938863.0	266.87070821529744
4969256.0	268.9610551459134
4999649.0	264.1251700680272
5030042.0	261.52346137058055
5060435.0	266.3685918234912
5090828.0	264.4909583107742
5121221.0	265.20645833333333
5151614.0	264.0754941138352
5182007.0	265.0947334270574
5212400.0	262.890104111894
5242793.0	268.91511589944497
5273186.0	268.39415375013004
5303579.0	268.6789081341811
5333972.0	265.80705453848367
5352383.0	278.35644599303134
5367579.5	263.37024554646126
5394758.0	268.6398659966499
5425151.0	267.4726227118095
5455544.0	260.7185578999834
5485937.0	265.8438716374016
5516330.0	269.4786201363819
5546723.0	271.57890625
5577116.0	257.1623557718598
5607509.0	264.7333747187088
5637902.0	267.6194791411544
5668295.0	266.5129458489269
5698688.0	270.31853785900785
5729081.0	259.43045247785494
5759474.0	261.70516304347825
5789867.0	263.4881262448292
5820260.0	264.8459685191134
5850653.0	267.2845316229117
5881046.0	273.30880549423597
5907241.5	270.8648906712499
5922438.0	272.2715877437326
5941832.0	275.5110675259176
5972225.0	265.3884903554918
6002618.0	265.5394100202903
6033011.0	270.6798522394952
6063404.0	261.5300261096606
6093797.0	273.77913342718597
6124190.0	261.1223344556678
6154583.0	263.66358024691357
6184976.0	266.397475319631
6215369.0	273.9422733906275
6245762.0	267.4585553582001
6276155.0	270.1294508624782
6306548.0	268.29752203558957
6336941.0	263.9556612457809
6367334.0	263.94688563396954
6397727.0	268.204905158874
6428120.0	267.91595744680853
6458513.0	264.9243788819876
6488906.0	270.88170172386526
6519299.0	265.0779157928698
6549692.0	267.88242442655326
6580085.0	266.82207276062366
6610478.0	270.4127402355859
6640871.0	269.400406504065
6660029.5	253.89469026548673
6675226.0	257.8289143676102
6701657.0	270.0076706324358
6732050.0	272.1740793878527
6762443.0	272.85898054349576
6792836.0	266.37336932073777
6823229.0	266.2766823161189
6853622.0	262.97338890670085
6884015.0	262.89432228421396
6914408.0	273.99922648514854
6944801.0	265.7174783188793
6975194.0	262.47529675970486
7005587.0	267.3287315250934
7035980.0	269.16051488833745
7066373.0	261.87468560437935
7096766.0	265.1671964399237
7127159.0	265.6081167789541
7157552.0	263.9615444015444
7187945.0	271.1859549677216
7218338.0	268.4527994791667
7248731.0	263.41169287131737
7279124.0	267.87416666666667
7309517.0	267.829275198188
7327760.5	250.86032074495603
7342957.0	270.93237055301165
7370303.0	264.39228766677513
7400696.0	269.608650723354
7431089.0	273.2007774209904
7461482.0	262.8667355371901
7491875.0	265.1435889226829
7522268.0	264.25422967510104
7552661.0	262.8715229752574
7583054.0	265.6995938261576
7613447.0	267.2217892515019
7643840.0	273.0382204555878
7674233.0	271.988972277531
7704626.0	265.2543296985247
7735019.0	265.9990342829551
7765412.0	265.31739278420696
7795805.0	272.68133055577215
7826198.0	260.8765331152903
7856591.0	268.55621003029285
7886984.0	265.53557527635064
7917377.0	264.13571215288147
7947770.0	267.17062737642584
7978163.0	270.9057155386639
8008556.0	256.4922520661157
8038949.0	263.8424902470741
8069342.0	263.7309941520468
8099735.0	267.76440934296755
8130128.0	266.9222462203024
8160521.0	265.8476616761846
8190914.0	263.0855252795716
8221307.0	273.59181141439205
8251700.0	268.96753977181424
8282093.0	263.9296987087518
8312486.0	260.78882076144305
8342879.0	268.26366723259764
8373272.0	259.4268701777927
8398726.5	271.92107903243783
8413923.0	272.462180974478
8434058.0	272.360524399126
8464451.0	266.55465450244975
8494844.0	267.4235704102645
8525237.0	267.7019767617323
8555630.0	268.08086131606683
8586023.0	261.7168557985054
8616416.0	269.3829017792565
8646809.0	269.4465054653859
8677202.0	266.73447571136614
8707595.0	263.4657281716105
8737988.0	267.25832412813634
8768381.0	261.1583093470686
8798774.0	266.1781730904984
8829167.0	263.52544802867385
8859560.0	265.52683510240695
8889953.0	265.4937937619351
8920346.0	265.9937288135593
8950739.0	264.33148707620006
8981132.0	263.0117043450377
9011525.0	269.4653509422763
9041918.0	267.1421529654953
9072311.0	266.4928057553957
9102704.0	264.8507050889025
9133097.0	264.05232014948615
9163490.0	267.1048609982117
9193883.0	263.4168394195503
9224276.0	266.4390736711222
9254669.0	261.1311784089126
9285062.0	270.3371891266628
9315455.0	271.1313971521218
9332033.5	250.26173096976018
9347230.0	269.66537098433747
9376241.0	266.46601184908013
9406634.0	268.5040921491361
9437027.0	268.20801086218603
9467420.0	270.57847321005215
9497813.0	262.99934036939317
9528206.0	272.56362741882583
9558599.0	266.2566828200719
9588992.0	268.85003946329914
9619385.0	266.5511861168604
9649778.0	268.21877905175086
9680171.0	262.6168499303082
9710564.0	266.57654990955433
9740957.0	265.1267128808641
9771350.0	272.04369648656626
9801743.0	266.0469798657718
9832136.0	269.05760801502817
9862529.0	265.4921665490473
9892922.0	263.527933745087
9923315.0	266.7843137254902
9953708.0	262.16284403669727
9984101.0	272.7477106227106
1.0014494E7	269.3445103857567
1.0044887E7	268.0988788539396
1.007528E7	264.89182506567766
1.01041125E7	263.2845417236662
1.0119309E7	246.1320754716981
1.0136066E7	264.14896280400575
1.0166459E7	263.5690931523751
1.0196852E7	265.6568
1.0227245E7	263.90965992071773
1.0257638E7	263.7132974634896
1.0288031E7	265.0859471729261
1.0318424E7	269.17904933093666
1.0348817E7	267.2483870967742
1.037921E7	267.0291802246247
1.0409603E7	266.21502983715993
1.0439996E7	261.72130457653867
1.0470389E7	263.8151116199199
1.0500782E7	266.09113247863246
1.0531175E7	266.97882253282506
1.0561568E7	265.91986607142854
1.0591961E7	267.9678624813154
1.0622354E7	267.0289792851776
1.0652747E7	268.33705429717133
1.068314E7	268.9881774429797
1.0713533E7	264.2979640202521
1.0743926E7	264.9952547967815
1.0774319E7	266.58869967294464
1.0804712E7	267.0349658314351
1.0835105E7	264.163651750767
1.0865498E7	265.12903904852124
1.0895891E7	264.590599531093
1.0926284E7	260.59985191453353
1.0956677E7	265.57626043758586
1.098707E7	266.6544423057441
1.1017463E7	264.58690379951497
1.1047856E7	268.22791464797444
1.1078249E7	266.70772135963074
1.1108642E7	262.86822940373236
1.1139035E7	266.83172637775294
1.1169428E7	267.7850505884782
1.1196832E7	266.8973484109963
1.12120285E7	285.72885906040267
1.1230214E7	262.53314277936573
1.1260607E7	266.0606949127694
1.1291E7	267.09894907033146
1.1321393E7	271.3781512605042
1.1351786E7	269.5612609684758
1.1382179E7	264.3281275686339
1.1412572E7	261.8722160796083
1.1442965E7	263.82567255956957
1.1473358E7	264.80049019607844
1.1503751E7	267.07782101167317
1.1534144E7	262.3813436442726
1.1564537E7	265.77898715041573
1.159493E7	269.40994079152387
1.1625323E7	263.00016686133824
1.1655716E7	255.15662277304415
1.1686109E7	266.89798508646675
1.1716502E7	266.19735569171235
1.1746895E7	269.48363217634477
1.1777288E7	264.989152892562
1.1807681E7	264.67677740330606
1.1838074E7	263.16635367762126
1.1868467E7	262.5168806466952
1.189886E7	264.96927016645327
1.1929253E7	270.2284075050395
1.1959646E7	268.88653136531366
1.1990039E7	255.99726542471373
1.2020432E7	262.4443619075917
1.2050825E7	266.071721806327
1.2081218E7	264.97217335678874
1.2111611E7	269.18993409227085
1.21419565E7	266.97536670025755
