#Insert size (bp)	insert size
141.0	2.0
143.0	1.0
144.0	3.0
145.0	1.0
146.0	2.0
147.0	3.0
148.0	9.0
149.0	42.0
150.0	12663.0
151.0	24797.0
152.0	24943.0
153.0	25136.0
154.0	25382.0
155.0	25036.0
156.0	25409.0
157.0	25125.0
158.0	24755.0
159.0	24647.0
160.0	24295.0
161.0	24550.0
162.0	24519.0
163.0	24739.0
164.0	24551.0
165.0	24846.0
166.0	24199.0
167.0	24613.0
168.0	24421.0
169.0	24283.0
170.0	23757.0
171.0	23900.0
172.0	23896.0
173.0	23988.0
174.0	23884.0
175.0	23479.0
176.0	23516.0
177.0	23729.0
178.0	23519.0
179.0	22998.0
180.0	23253.0
181.0	22643.0
182.0	22733.0
183.0	22716.0
184.0	22730.0
185.0	22446.0
186.0	22300.0
187.0	22473.0
188.0	22391.0
189.0	22121.0
190.0	21851.0
191.0	21633.0
192.0	21304.0
193.0	20991.0
194.0	20954.0
195.0	21033.0
196.0	20689.0
197.0	20752.0
198.0	20778.0
199.0	20326.0
200.0	20101.0
201.0	19926.0
202.0	19850.0
203.0	19451.0
204.0	19150.0
205.0	19039.0
206.0	19211.0
207.0	19123.0
208.0	18942.0
209.0	18706.0
210.0	18605.0
211.0	18102.0
212.0	18140.0
213.0	17906.0
214.0	17529.0
215.0	17207.0
216.0	17179.0
217.0	17251.0
218.0	17058.0
219.0	17066.0
220.0	16810.0
221.0	16070.0
222.0	16357.0
223.0	15987.0
224.0	15634.0
225.0	15663.0
226.0	15553.0
227.0	15442.0
228.0	15338.0
229.0	15452.0
230.0	15136.0
231.0	14979.0
232.0	14688.0
233.0	14604.0
234.0	14060.0
235.0	13972.0
236.0	13861.0
237.0	13706.0
238.0	13713.0
239.0	13711.0
240.0	13572.0
241.0	13576.0
242.0	13279.0
243.0	12943.0
244.0	12898.0
245.0	12564.0
246.0	12332.0
247.0	12466.0
248.0	12238.0
249.0	12136.0
250.0	12288.0
251.0	12073.0
252.0	12043.0
253.0	11725.0
254.0	11513.0
255.0	11359.0
256.0	11111.0
257.0	11104.0
258.0	10984.0
259.0	10942.0
260.0	10631.0
261.0	10618.0
262.0	10600.0
263.0	10170.0
264.0	9891.0
265.0	9780.0
266.0	9485.0
267.0	9420.0
268.0	9393.0
269.0	9325.0
270.0	9096.0
271.0	8958.0
272.0	8940.0
273.0	8872.0
274.0	8768.0
275.0	8893.0
276.0	8659.0
277.0	8421.0
278.0	8815.0
279.0	8564.0
280.0	8515.0
281.0	8353.0
282.0	8582.0
283.0	8391.0
284.0	8414.0
285.0	8348.0
286.0	8169.0
287.0	8192.0
288.0	8392.0
289.0	8190.0
290.0	7869.0
291.0	8008.0
292.0	7856.0
293.0	7850.0
294.0	7954.0
295.0	7841.0
296.0	7781.0
297.0	7523.0
298.0	7619.0
299.0	7718.0
300.0	7384.0
301.0	7505.0
302.0	7500.0
303.0	7461.0
304.0	7346.0
305.0	7363.0
306.0	7229.0
307.0	7264.0
308.0	7153.0
309.0	7089.0
310.0	7239.0
311.0	6961.0
312.0	7012.0
313.0	7107.0
314.0	6870.0
315.0	6974.0
316.0	6803.0
317.0	6805.0
318.0	6784.0
319.0	6752.0
320.0	6727.0
321.0	6641.0
322.0	6420.0
323.0	6575.0
324.0	6421.0
325.0	6309.0
326.0	6333.0
327.0	6392.0
328.0	6450.0
329.0	6091.0
330.0	6424.0
331.0	6429.0
332.0	6025.0
333.0	6263.0
334.0	6097.0
335.0	6027.0
336.0	6070.0
337.0	6001.0
338.0	5900.0
339.0	5896.0
340.0	5702.0
341.0	5830.0
342.0	5645.0
343.0	5602.0
344.0	5607.0
345.0	5658.0
346.0	5807.0
347.0	5618.0
348.0	5585.0
349.0	5478.0
350.0	5506.0
351.0	5474.0
352.0	5478.0
353.0	5507.0
354.0	5451.0
355.0	5348.0
356.0	5331.0
357.0	5384.0
358.0	5148.0
359.0	5275.0
360.0	5002.0
361.0	5131.0
362.0	5053.0
363.0	5033.0
364.0	5025.0
365.0	4954.0
366.0	5065.0
367.0	4785.0
368.0	4831.0
369.0	4786.0
370.0	4716.0
371.0	4733.0
372.0	4645.0
373.0	4642.0
374.0	4592.0
375.0	4701.0
376.0	4548.0
377.0	4571.0
378.0	4407.0
379.0	4492.0
380.0	4430.0
381.0	4376.0
382.0	4353.0
383.0	4316.0
384.0	4400.0
385.0	4287.0
386.0	4292.0
387.0	4339.0
388.0	4184.0
389.0	4142.0
390.0	4212.0
391.0	4071.0
392.0	4051.0
393.0	3955.0
394.0	4067.0
395.0	3953.0
396.0	4049.0
397.0	3916.0
398.0	3887.0
399.0	3841.0
400.0	3866.0
401.0	3747.0
402.0	3728.0
403.0	3770.0
404.0	3693.0
405.0	3726.0
406.0	3651.0
407.0	3704.0
408.0	3608.0
409.0	3569.0
410.0	3516.0
411.0	3581.0
412.0	3439.0
413.0	3355.0
414.0	3309.0
415.0	3391.0
416.0	3373.0
417.0	3382.0
418.0	3338.0
419.0	3206.0
420.0	3270.0
421.0	3223.0
422.0	3114.0
423.0	3199.0
424.0	3132.0
425.0	3121.0
426.0	3118.0
427.0	3042.0
428.0	3034.0
429.0	2985.0
430.0	2959.0
431.0	2929.0
432.0	2961.0
433.0	2871.0
434.0	2925.0
435.0	2877.0
436.0	2862.0
437.0	2785.0
438.0	2798.0
439.0	2729.0
440.0	2729.0
441.0	2783.0
442.0	2641.0
443.0	2694.0
444.0	2576.0
445.0	2559.0
446.0	2710.0
447.0	2578.0
448.0	2502.0
449.0	2513.0
450.0	2489.0
451.0	2387.0
452.0	2433.0
453.0	2475.0
454.0	2371.0
455.0	2424.0
456.0	2253.0
457.0	2347.0
458.0	2319.0
459.0	2249.0
460.0	2283.0
461.0	2236.0
462.0	2242.0
463.0	2147.0
464.0	2257.0
465.0	2157.0
466.0	2210.0
467.0	2029.0
468.0	2085.0
469.0	2044.0
470.0	2127.0
471.0	2043.0
472.0	2066.0
473.0	1968.0
474.0	1986.0
475.0	1985.0
476.0	2000.0
477.0	1920.0
478.0	1867.0
479.0	1922.0
480.0	1895.0
481.0	1847.0
482.0	1841.0
483.0	1822.0
484.0	1787.0
485.0	1815.0
486.0	1862.0
487.0	1814.0
488.0	1760.0
489.0	1766.0
490.0	1666.0
491.0	1651.0
492.0	1626.0
493.0	1661.0
494.0	1659.0
495.0	1687.0
496.0	1580.0
497.0	1672.0
498.0	1592.0
499.0	1513.0
500.0	1518.0
501.0	1496.0
502.0	1467.0
503.0	1489.0
504.0	1498.0
505.0	1456.0
506.0	1457.0
507.0	1445.0
508.0	1440.0
509.0	1409.0
510.0	1377.0
511.0	1362.0
512.0	1339.0
513.0	1407.0
514.0	1324.0
515.0	1383.0
516.0	1308.0
517.0	1257.0
518.0	1182.0
519.0	1230.0
520.0	1239.0
521.0	1214.0
522.0	1195.0
523.0	1195.0
524.0	1168.0
525.0	1103.0
526.0	1164.0
527.0	1160.0
528.0	1119.0
529.0	1102.0
530.0	1122.0
531.0	1082.0
532.0	1074.0
533.0	1071.0
534.0	1004.0
535.0	1080.0
536.0	966.0
537.0	1021.0
538.0	946.0
539.0	972.0
540.0	982.0
541.0	940.0
542.0	956.0
543.0	989.0
544.0	949.0
545.0	888.0
546.0	839.0
547.0	906.0
548.0	914.0
549.0	819.0
550.0	871.0
551.0	855.0
552.0	831.0
553.0	780.0
554.0	795.0
555.0	776.0
556.0	780.0
557.0	757.0
558.0	770.0
559.0	784.0
560.0	655.0
561.0	743.0
562.0	779.0
563.0	719.0
564.0	740.0
565.0	637.0
566.0	678.0
567.0	660.0
568.0	640.0
569.0	655.0
570.0	613.0
571.0	664.0
572.0	647.0
573.0	600.0
574.0	606.0
575.0	575.0
576.0	578.0
577.0	569.0
578.0	588.0
579.0	551.0
580.0	557.0
581.0	550.0
582.0	562.0
583.0	553.0
584.0	535.0
585.0	502.0
586.0	492.0
587.0	489.0
588.0	461.0
589.0	453.0
590.0	503.0
591.0	476.0
592.0	476.0
593.0	469.0
594.0	448.0
595.0	439.0
596.0	474.0
597.0	433.0
598.0	422.0
599.0	395.0
600.0	405.0
601.0	446.0
602.0	420.0
603.0	393.0
604.0	385.0
605.0	371.0
606.0	361.0
607.0	346.0
608.0	363.0
609.0	366.0
610.0	338.0
611.0	342.0
612.0	334.0
613.0	363.0
614.0	312.0
615.0	306.0
616.0	289.0
617.0	353.0
618.0	338.0
619.0	298.0
620.0	338.0
621.0	306.0
622.0	276.0
623.0	284.0
624.0	306.0
