# Position (bp)	A	C	G	T	N
0.0	25.599974369030875	23.0506829015337	35.0640117254484	16.28408905393825	0.0012419500487690386
1.0	23.198720159305942	20.433043882598298	12.345985675256847	44.0220601390297	1.9014380922007331E-4
2.0	32.3795216038841	20.786743867454987	13.273600939622906	33.55986170740983	2.718816281767244E-4
3.0	21.304701616505383	23.166098323579064	10.23864337157223	45.2901349854192	4.2170292412181215E-4
4.0	40.62194689047535	9.731397693714317	10.00887032954491	39.63744940681245	3.3567945297676344E-4
5.0	44.967564332175044	10.315683334065579	23.177808400280846	21.531025664712768	0.007918268765754057
6.0	34.95751895587901	13.96675124423575	21.001920431833327	30.07359297198853	2.1639606338939822E-4
7.0	39.54808774766449	15.62635482835315	20.4981869254553	24.327353906675814	1.6591851244098485E-5
8.0	18.480140397966295	33.01784157979476	23.408909076831755	25.09299313826116	1.158071460288406E-4
9.0	29.611849689951992	20.186129458017827	12.909732228938376	37.29228862309181	0.0
10.0	27.291159873019133	15.093370172201631	28.449862751187382	29.165607203591854	0.0
11.0	27.07927140923721	18.437111440616675	18.70164993407061	35.78196721607551	0.0
12.0	24.960837750262872	20.826110110339012	23.420114661890917	30.7929374775072	0.0
13.0	23.51198526117918	26.703604150286157	18.727245360084083	31.05716522845058	0.0
14.0	32.61275038337381	20.810495604002092	20.38381083022036	26.192943182403745	0.0
15.0	32.606258540238	19.23511358618241	19.59756624979295	28.56106162378663	0.0
16.0	31.642557298482092	18.88728915702755	18.67203167696407	30.798089392987542	3.247453874382963E-5
17.0	31.662065454418187	18.627391250383614	18.932224937544174	30.778269747593885	4.8610060143607085E-5
18.0	31.34366949298896	18.672662333504306	19.4572206400653	30.526447533441438	0.0
19.0	30.75223116952951	19.332784208441957	19.440764066833577	30.474220555194957	0.0
20.0	30.566708795661064	19.3918091506624	19.578192503465697	30.463289550210842	0.0
21.0	30.279517932840466	19.536065818853473	19.593808423797284	30.590575673837872	3.215067090412509E-5
22.0	30.471061818871448	19.60775788000441	19.377131039975588	30.544033216426136	1.604472241747758E-5
23.0	30.77202710121189	19.43394800241623	19.514739823113157	30.27928507325872	0.0
24.0	30.383496008460043	19.63653202119103	19.467276788968185	30.512199675459605	4.955059211359169E-4
25.0	30.54234679127543	19.734930893574763	19.448319677126815	30.27440263802299	0.0
26.0	30.74912733836529	19.494364289211166	19.626199183126918	30.130165855877287	1.4333341933338493E-4
27.0	30.432383564614153	19.601071385025374	19.642800652216525	30.323744398143948	0.0
28.0	30.639767186004118	19.646180234708726	19.583450960640196	30.130522274763745	7.934388321342093E-5
29.0	30.662563199867694	19.510571607032222	19.77760426542574	30.049260927674336	0.0
30.0	30.316306051409224	19.71250942987416	19.743206932163424	30.227835248830065	1.4233772313415014E-4
31.0	30.445818616825076	19.92084666030004	19.454229132875543	30.179105589999345	0.0
32.0	30.57266047226859	19.707686042803115	19.574674174524752	30.144884718580656	9.45918228837484E-5
33.0	30.30178921534678	19.61895908440125	19.6990764933948	30.379781702883722	3.9350397344572227E-4
34.0	30.34887965907703	19.7929594196125	19.627712296193252	30.22875136507639	0.0016972600408253903
35.0	30.532309015755338	19.474917196706603	19.763385087451294	30.225183217047018	0.004205483039741972
36.0	30.467361183472935	19.631802152808845	19.691643312840466	30.20574609892516	0.0034472519525940177
37.0	30.4316307554614	19.72001229855445	19.66739138428367	30.17825862796012	0.002706933740364372
38.0	30.60048246358319	19.61313846029801	19.7192223204567	30.064234722689697	0.002922032972407571
39.0	30.387319707177628	19.668133400186044	19.742414191251502	30.198278214957686	0.003854486427136084
40.0	30.405957210176844	19.59846902229512	19.676645015532333	30.309686653911637	0.009242098084064752
41.0	30.581907052404635	19.56074439022112	19.63429612160553	30.213479035810742	0.009573399957970439
42.0	30.343554148147007	19.70567871935151	19.70146520061091	30.238962485534493	0.010339446356075917
43.0	30.29371632436207	19.9201056312764	19.621115197665727	30.153461669991717	0.011601176704091722
44.0	30.602041658470537	19.688411593184874	19.649675185056715	30.04590970212835	0.013961861159529467
45.0	30.29660209295082	19.718661912355167	19.72648762065925	30.242039085151458	0.016209288883310163
46.0	30.39348668980317	19.734105678433174	19.608680615650982	30.249794338193155	0.013932677919522995
47.0	30.60476173391053	19.696001494537146	19.652405672807713	30.03249504810851	0.014336050636106186
48.0	30.292994185601867	19.666719249067693	19.71180312160239	30.308753455644837	0.0197299880832108
49.0	30.327815459903913	19.963364761574585	19.57856664127998	30.11310400524075	0.017149132000774257
50.0	30.514409515012986	19.670664773024328	19.72583003516419	30.07188448514401	0.0172111916544844
51.0	30.22004734000252	19.767478949940127	19.76190083623937	30.23160420540464	0.018968668413345623
52.0	30.398850327664007	19.84662824161348	19.561935302293985	30.175850352913937	0.016735775514590455
53.0	30.45374008616134	19.707418204340804	19.768570818034284	30.061317225760526	0.008953665703045061
54.0	30.31268591668165	19.695200409535538	19.690788371281474	30.29179407003611	0.009531232465222531
55.0	30.26606847369854	19.90859051882784	19.652854115346827	30.162348375410225	0.010138516716570699
56.0	30.5057626644066	19.59114011550965	19.74217796922782	30.153489398106707	0.007429852749222053
57.0	30.24796593500104	19.856143891085765	19.706663872609397	30.186296222944907	0.0029300783588861222
58.0	30.237007353846383	19.912800034464208	19.699667730079636	30.148148568332573	0.0023763132771981704
59.0	30.478008138284334	19.684492472692224	19.721940164288725	30.113843127574818	0.0017160971599051672
60.0	30.301531423867083	19.771438004622265	19.815617815995143	30.10983545202455	0.0015773034909554661
61.0	30.257951570600493	19.77953186872929	19.776026883998167	30.18485197638283	0.0016377002892148098
62.0	30.524033760977893	19.692108766879226	19.60509183667069	30.178199597072446	5.660383997390716E-4
63.0	30.20499213403699	19.837166614063804	19.68992447207522	30.267855613704146	6.116611984155529E-5
64.0	30.2733024945651	19.82128657645344	19.626788945613118	30.27857612570625	4.5857662096899684E-5
65.0	30.459566733165133	19.742251217508656	19.706190469205342	30.09194574018659	4.583993428387021E-5
66.0	30.257024531195132	19.72557003742435	19.780589224640348	30.236709284388557	1.0692235161354231E-4
67.0	30.400492293409314	20.00684080171753	19.502392753636467	30.09027415123669	0.0
68.0	30.476387329677934	19.72924024047587	19.92079293166295	29.87357949818324	0.0
69.0	30.27781597604788	19.848151828635558	19.78049383164499	30.092958394376375	5.799692952045239E-4
70.0	30.32907598001553	19.861294076913136	19.677325385771937	30.132289297786198	1.5259513200165596E-5
71.0	30.50539998721391	19.69100687717739	19.7960115025991	30.007306991443546	2.7464156605503477E-4
72.0	30.29485749296985	19.80765029389939	19.81733811123262	30.08015410189814	0.0
73.0	30.23585764878291	19.923687460010747	19.652866579220447	30.1875883119859	0.0
74.0	30.549731350934096	19.668513597212517	19.69540901477036	30.08634603708303	0.0
75.0	30.275211723035117	19.77899096052403	19.723796671439594	30.222000645001255	0.0
76.0	30.356775360356615	19.795040858341732	19.590676685535318	30.25746132893158	4.576683475808033E-5
77.0	30.437417987274017	19.755430632700005	19.748794095404115	30.058357284621863	0.0
78.0	30.19647639724458	19.85180770522422	19.65066081856087	30.30105507897033	0.0
79.0	30.075980434793887	20.07673730930501	19.659891724218124	30.18736001254947	3.0519133512968954E-5
80.0	30.39784117640685	19.770631861268022	19.714710747888418	30.11672464056109	9.157387562161491E-5
81.0	30.126147690574456	19.926908072551523	19.679726683820167	30.26717175610683	4.5796947022854965E-5
82.0	30.174888672296408	20.10507399018676	19.549317298499645	30.170689499579247	3.053943794302227E-5
83.0	30.455447068983794	19.92569852762599	19.497507347817468	30.12114848655275	1.9856901999467833E-4
84.0	30.118533857080955	19.92897075280673	19.58885974878939	30.363253648641297	3.8199268163140827E-4
85.0	30.21259762361939	20.008290766220263	19.524280603306096	30.25463229748688	1.987093673735727E-4
86.0	30.375109257647427	19.846953661300986	19.59161647492166	30.18595361053326	3.669955966644994E-4
87.0	29.97717037132453	19.99470373420395	19.697794645325356	30.32938275556051	9.484935856591441E-4
88.0	30.023245691098623	20.26473885177183	19.463858368418187	30.247805066789272	3.520219220886716E-4
89.0	30.202996325111414	20.1503583468116	19.5570134509069	30.08953999729873	9.187987135592946E-5
90.0	30.063620215977483	20.099210948750663	19.724013624651604	30.111990762864966	0.0011644477552894656
91.0	30.110302943711343	20.211352655153373	19.598364342494687	30.079152234680123	8.278239604753918E-4
92.0	30.31838316764507	20.181458141617178	19.66372289851355	29.83563812007696	7.976721472367793E-4
93.0	30.021258348725645	20.139127135179244	19.632558598609865	30.20668751516781	3.6840231743477783E-4
94.0	29.979151149328796	20.396129698806075	19.60489331265396	30.019226778446285	5.990607648838568E-4
95.0	30.27533188285898	20.116462207580156	19.644796722997825	29.96327084119212	1.3834537091777398E-4
96.0	30.03142453051647	20.310725659295205	19.652238067123708	30.00527331557717	3.384274874497243E-4
97.0	30.065090615743678	20.352456139270515	19.65905941904932	29.92274723041585	6.465955206325552E-4
98.0	30.157674346151374	20.206300348420353	19.684170579134623	29.95153115899188	3.2356730176764817E-4
99.0	29.98857452688533	20.201019857253293	19.776277238819837	30.033264796943794	8.635800977480144E-4
100.0	29.93770476773607	20.398034445816915	19.71482578989586	29.94878674706401	6.482494871497659E-4
101.0	30.02756731854528	20.314320576213195	19.735861089388003	29.921555807753027	6.952081005029908E-4
102.0	29.919078737795317	20.27508280782708	19.761767061814382	30.043189964711956	8.814278512644624E-4
103.0	29.93439719880064	20.49894041723877	19.635546873185977	29.930078373521113	0.0010371372535057561
104.0	30.168187191518264	20.348277848134906	19.59994936146324	29.883322179322715	2.634195608857901E-4
105.0	29.844059267716094	20.40014395006422	19.69547115724683	30.060046411486223	2.792134866318787E-4
106.0	29.9118602460484	20.43456169115028	19.643496606748364	30.00978640419682	2.9505185614016885E-4
107.0	30.103709936170247	20.32267939126283	19.758834637927812	29.81392097063135	8.550640077596282E-4
108.0	29.824027827563864	20.39328162567363	19.821022243964666	29.960563194379695	0.0011051084181400279
109.0	29.847675550246656	20.53360698593323	19.702410589545256	29.91552768122277	7.79193052091393E-4
110.0	29.997757773714273	20.40438402829605	19.708466892990568	29.8890324239652	3.588810339019309E-4
111.0	29.850098695753662	20.432333335104033	19.693576011041674	30.023476371608492	5.155864921338688E-4
112.0	29.856215166917195	20.453692103395664	19.670061164797012	30.019577866528824	4.5369836130409807E-4
113.0	30.10551353912333	20.305018825924126	19.84352047287914	29.74590015993262	4.700214079083922E-5
114.0	29.99998587923641	20.37048804340032	19.85721397648077	29.772249341933193	6.275894930849836E-5
115.0	29.75972850351674	20.74535199918795	19.625718125985404	29.869044240740372	1.5713056953231972E-4
116.0	30.02936342215908	20.45856858589108	19.758791243033702	29.75231674851326	9.600004028854149E-4
117.0	29.857512504184875	20.428319953293332	19.806562640086906	29.907289657637847	3.1524479704224726E-4
118.0	29.87528042171005	20.52997927129034	19.75400247228936	29.840516812672774	2.2102203747586518E-4
119.0	29.969820412002136	20.364865305048497	19.843593012301113	29.82162639611824	9.487453001529694E-5
120.0	29.79222033925149	20.459715864996276	19.935491534550753	29.81236636627124	2.058949302332948E-4
121.0	29.763518862677017	20.61964289850584	19.944481128438436	29.67123067730992	0.0011264330687749263
122.0	29.917549927852015	20.45474448297176	19.95729767452875	29.66947020540124	9.37709246242289E-4
123.0	29.82346893657998	20.417676447871408	20.010744109169575	29.74651831474158	0.0015921916374592381
124.0	29.820893884475534	20.4699334349493	20.007477642041703	29.699701213330364	0.0019938252030990106
125.0	29.846341911617834	20.496560430165946	20.06332643555101	29.591821733607116	0.001949489058093176
126.0	29.69080489727543	20.504523236699722	20.15172870441463	29.648604670969508	0.004338490640707017
127.0	29.7071690743648	20.687042441654192	20.042282545305934	29.560282058997316	0.0032238796777531767
128.0	29.794056785799743	20.453278512417544	20.133268433562396	29.616471600431243	0.002924667789074887
129.0	29.604765005961088	20.6476131902243	20.129268255377657	29.61679183206236	0.0015617163745961875
130.0	29.7529597389045	20.587306792861103	20.13432248591774	29.525023830029824	3.871522868359673E-4
131.0	29.72068593993807	20.446195854737034	20.265931190716554	29.56696073420878	2.2628039955946438E-4
132.0	29.552362517660825	20.599904383770895	20.321574351011325	29.52552713628746	6.316112694997833E-4
133.0	29.532825520638923	20.74642493847629	20.240164807593562	29.480503588856077	8.114443514709538E-5
134.0	29.66430798893126	20.570161230519442	20.429167463517253	29.33545263064772	9.106863843278679E-4
135.0	29.526240770432004	20.60509916417671	20.434499035688805	29.43346024583498	7.007838674990458E-4
136.0	29.455535052276826	20.74847964867202	20.42188626462165	29.37339671819055	7.023162389560771E-4
137.0	29.64266240091985	20.456743097722523	20.507816816251	29.39217200318818	6.056819184467303E-4
138.0	29.438496216126108	20.445831635167746	20.666773642894974	29.44820939513803	6.891106731429944E-4
139.0	29.443178895422385	20.789635712645893	20.54134617724893	29.2255432011951	2.9601348769011466E-4
140.0	29.63124760657707	20.489530098648174	20.739937979951872	29.139037039100717	2.472757221563828E-4
141.0	29.465717136043928	20.624673163617516	20.65906742465161	29.250426581392258	1.1569429468460744E-4
142.0	29.447703409876947	20.61475625814718	20.745442631731233	29.192031412456863	6.628778776771567E-5
143.0	29.403999557148904	20.559478526210167	20.872034318965166	29.161977443186558	0.00251015448920351
144.0	29.243849923679065	20.56022382804051	20.93383201123209	29.26202753023528	6.670681305032078E-5
145.0	29.283419796054773	20.636427896986582	20.94393087936881	29.136221427589838	0.0
146.0	29.44765358203173	20.467236377136647	20.987636460774777	29.09747358005685	0.0
147.0	29.270814197514667	20.595742303273905	21.03509082335731	29.098166432310208	1.8624354390987845E-4
148.0	29.200233174401973	20.701484711460466	20.982248891956207	29.115964276468176	6.894571317962806E-5
149.0	29.243307617896967	20.832523023289838	21.53617170113345	28.38794373686354	5.392081620298959E-5
