#Insert size (bp)	insert size
141.0	2.0
142.0	2.0
143.0	1.0
144.0	3.0
145.0	1.0
146.0	2.0
147.0	3.0
148.0	8.0
149.0	31.0
150.0	13759.0
151.0	26948.0
152.0	27128.0
153.0	27226.0
154.0	27636.0
155.0	27283.0
156.0	27986.0
157.0	27239.0
158.0	27044.0
159.0	27377.0
160.0	26801.0
161.0	27132.0
162.0	26733.0
163.0	27354.0
164.0	27129.0
165.0	27122.0
166.0	27430.0
167.0	27181.0
168.0	26771.0
169.0	27165.0
170.0	26714.0
171.0	26869.0
172.0	26750.0
173.0	26589.0
174.0	26854.0
175.0	26771.0
176.0	26851.0
177.0	27130.0
178.0	26890.0
179.0	26534.0
180.0	26590.0
181.0	26203.0
182.0	26647.0
183.0	26276.0
184.0	26517.0
185.0	25969.0
186.0	26396.0
187.0	26513.0
188.0	26497.0
189.0	26434.0
190.0	26188.0
191.0	25984.0
192.0	25627.0
193.0	25705.0
194.0	25312.0
195.0	25904.0
196.0	25705.0
197.0	26109.0
198.0	25640.0
199.0	25658.0
200.0	25749.0
201.0	25026.0
202.0	25017.0
203.0	24445.0
204.0	24395.0
205.0	24717.0
206.0	25016.0
207.0	24976.0
208.0	25110.0
209.0	24802.0
210.0	24850.0
211.0	24205.0
212.0	24361.0
213.0	23669.0
214.0	23394.0
215.0	23570.0
216.0	23507.0
217.0	23693.0
218.0	23275.0
219.0	23762.0
220.0	23651.0
221.0	23101.0
222.0	22534.0
223.0	22160.0
224.0	21900.0
225.0	22227.0
226.0	21946.0
227.0	21716.0
228.0	21903.0
229.0	21844.0
230.0	21669.0
231.0	21461.0
232.0	21008.0
233.0	20971.0
234.0	20306.0
235.0	19672.0
236.0	19898.0
237.0	19703.0
238.0	19887.0
239.0	20083.0
240.0	19539.0
241.0	19917.0
242.0	19130.0
243.0	19113.0
244.0	18368.0
245.0	17825.0
246.0	17524.0
247.0	17617.0
248.0	17418.0
249.0	17297.0
250.0	17505.0
251.0	17217.0
252.0	16758.0
253.0	16594.0
254.0	16067.0
255.0	15647.0
256.0	15167.0
257.0	14805.0
258.0	14677.0
259.0	14319.0
260.0	14449.0
261.0	14139.0
262.0	13635.0
263.0	13005.0
264.0	11689.0
265.0	10546.0
266.0	9906.0
267.0	9716.0
268.0	9363.0
269.0	9173.0
270.0	9209.0
271.0	8320.0
272.0	8066.0
273.0	8023.0
274.0	7989.0
275.0	7857.0
276.0	7974.0
277.0	7694.0
278.0	7979.0
279.0	7811.0
280.0	7760.0
281.0	7686.0
282.0	7782.0
283.0	7635.0
284.0	7545.0
285.0	7507.0
286.0	7625.0
287.0	7485.0
288.0	7506.0
289.0	7235.0
290.0	7298.0
291.0	7153.0
292.0	7076.0
293.0	7273.0
294.0	7159.0
295.0	7143.0
296.0	6866.0
297.0	6972.0
298.0	7038.0
299.0	6908.0
300.0	6930.0
301.0	6923.0
302.0	6676.0
303.0	6620.0
304.0	6606.0
305.0	6749.0
306.0	6522.0
307.0	6497.0
308.0	6565.0
309.0	6486.0
310.0	6566.0
311.0	6533.0
312.0	6375.0
313.0	6309.0
314.0	6175.0
315.0	6190.0
316.0	6287.0
317.0	6164.0
318.0	6083.0
319.0	6143.0
320.0	6120.0
321.0	6053.0
322.0	5767.0
323.0	6052.0
324.0	5754.0
325.0	5691.0
326.0	5694.0
327.0	5807.0
328.0	5872.0
329.0	5651.0
330.0	5753.0
331.0	5610.0
332.0	5598.0
333.0	5518.0
334.0	5494.0
335.0	5384.0
336.0	5329.0
337.0	5374.0
338.0	5306.0
339.0	5391.0
340.0	5237.0
341.0	5184.0
342.0	5325.0
343.0	5021.0
344.0	5142.0
345.0	5186.0
346.0	4992.0
347.0	5101.0
348.0	5104.0
349.0	4942.0
350.0	5017.0
351.0	4981.0
352.0	4731.0
353.0	4787.0
354.0	4767.0
355.0	4715.0
356.0	4847.0
357.0	4809.0
358.0	4647.0
359.0	4747.0
360.0	4663.0
361.0	4579.0
362.0	4506.0
363.0	4427.0
364.0	4601.0
365.0	4386.0
366.0	4530.0
367.0	4213.0
368.0	4300.0
369.0	4386.0
370.0	4379.0
371.0	4363.0
372.0	4038.0
373.0	4085.0
374.0	4089.0
375.0	4072.0
376.0	4049.0
377.0	3965.0
378.0	4042.0
379.0	3819.0
380.0	3845.0
381.0	3748.0
382.0	3788.0
383.0	3807.0
384.0	3763.0
385.0	3827.0
386.0	3807.0
387.0	3768.0
388.0	3679.0
389.0	3718.0
390.0	3488.0
391.0	3595.0
392.0	3612.0
393.0	3535.0
394.0	3458.0
395.0	3555.0
396.0	3568.0
397.0	3313.0
398.0	3297.0
399.0	3340.0
400.0	3352.0
401.0	3312.0
402.0	3228.0
403.0	3228.0
404.0	3219.0
405.0	3169.0
406.0	3270.0
407.0	3065.0
408.0	3154.0
409.0	3030.0
410.0	3060.0
411.0	3105.0
412.0	3001.0
413.0	3051.0
414.0	2981.0
415.0	2942.0
416.0	2903.0
417.0	2924.0
418.0	2862.0
419.0	2770.0
420.0	2699.0
421.0	2767.0
422.0	2896.0
423.0	2815.0
424.0	2711.0
425.0	2679.0
426.0	2764.0
427.0	2562.0
428.0	2829.0
429.0	2668.0
430.0	2559.0
431.0	2689.0
432.0	2544.0
433.0	2458.0
434.0	2537.0
435.0	2446.0
436.0	2391.0
437.0	2307.0
438.0	2539.0
439.0	2395.0
440.0	2432.0
441.0	2375.0
442.0	2315.0
443.0	2356.0
444.0	2183.0
445.0	2229.0
446.0	2334.0
447.0	2197.0
448.0	2209.0
449.0	2085.0
450.0	2074.0
451.0	2163.0
452.0	2003.0
453.0	2114.0
454.0	2000.0
455.0	2024.0
456.0	2011.0
457.0	1925.0
458.0	2003.0
459.0	1951.0
460.0	1972.0
461.0	1885.0
462.0	1913.0
463.0	1915.0
464.0	1954.0
465.0	1877.0
466.0	1801.0
467.0	1866.0
468.0	1771.0
469.0	1779.0
470.0	1785.0
471.0	1777.0
472.0	1759.0
473.0	1672.0
474.0	1746.0
475.0	1697.0
476.0	1710.0
477.0	1708.0
478.0	1541.0
479.0	1665.0
480.0	1569.0
481.0	1598.0
482.0	1586.0
483.0	1498.0
484.0	1550.0
485.0	1462.0
486.0	1479.0
487.0	1435.0
488.0	1449.0
489.0	1463.0
490.0	1468.0
491.0	1409.0
492.0	1422.0
493.0	1438.0
494.0	1376.0
495.0	1413.0
496.0	1312.0
497.0	1347.0
498.0	1250.0
499.0	1280.0
500.0	1243.0
501.0	1224.0
502.0	1257.0
503.0	1174.0
504.0	1222.0
505.0	1235.0
506.0	1254.0
507.0	1147.0
508.0	1156.0
509.0	1099.0
510.0	1177.0
511.0	1140.0
512.0	1072.0
513.0	1087.0
514.0	1121.0
515.0	1154.0
516.0	1070.0
517.0	1034.0
518.0	1008.0
519.0	1024.0
520.0	1082.0
521.0	1013.0
522.0	1019.0
523.0	954.0
524.0	966.0
525.0	880.0
526.0	932.0
527.0	870.0
528.0	947.0
529.0	919.0
530.0	878.0
531.0	863.0
532.0	869.0
533.0	849.0
534.0	928.0
535.0	805.0
536.0	842.0
537.0	834.0
538.0	808.0
539.0	780.0
540.0	795.0
541.0	775.0
542.0	802.0
543.0	739.0
544.0	759.0
545.0	705.0
546.0	755.0
547.0	741.0
548.0	690.0
549.0	697.0
550.0	639.0
551.0	695.0
552.0	675.0
553.0	661.0
554.0	700.0
555.0	610.0
556.0	625.0
557.0	597.0
558.0	629.0
559.0	544.0
560.0	638.0
561.0	575.0
562.0	556.0
563.0	531.0
564.0	544.0
565.0	563.0
566.0	555.0
