# Position (bp)	A	C	G	T	N
0.0	25.519245669397534	23.36538421839971	34.99934973872571	16.11502261808263	9.977553944161479E-4
1.0	23.099121246306726	20.66077512377566	12.310615645270293	43.929288875032334	1.9910961498671522E-4
2.0	32.19351873267761	20.962242589841193	13.353019273011904	33.490860052765896	3.593517033924108E-4
3.0	21.251542444120414	23.26840320150326	10.223190670668572	45.25644192956414	4.217541436128011E-4
4.0	40.503374794261205	9.918563273276007	10.035662467625801	39.54210889611652	2.905687204709538E-4
5.0	44.88045358462492	10.459859415761535	23.26277876019453	21.389098896649134	0.007809342769890325
6.0	34.914848432643744	14.101707322227853	21.015709106465717	29.967543009674973	1.921289877171938E-4
7.0	39.48437686508334	15.773666092393876	20.496639578608455	24.24525363218498	6.383172934836102E-5
8.0	18.257804331210515	33.45484328970388	23.43603130833003	24.851241520766685	7.954998889482156E-5
9.0	29.447192763855323	20.419606025213042	12.92129483761224	37.2119063733194	0.0
10.0	27.158227370477405	15.263492376891893	28.619550512771468	28.95872973985923	0.0
11.0	26.890183614816305	18.59237687506726	18.811280020878876	35.706159489237564	0.0
12.0	24.681713463897413	21.14795936835936	23.6080206916545	30.56230647608873	0.0
13.0	23.308381031646103	26.985987268345372	18.912062483782467	30.793569216226054	0.0
14.0	32.36458797201851	21.031305370634467	20.6262326767617	25.97785832257628	1.56580090403081E-5
15.0	32.499338919883336	19.41382615678087	19.773941057425176	28.312893865910617	0.0
16.0	31.43254047764541	19.16106517774204	18.88686202466286	30.519485578120086	4.6741829606087906E-5
17.0	31.392825113501598	18.88787860419066	19.11474191888813	30.60444556352903	1.0879989057839575E-4
18.0	31.072438005841384	18.977366960886044	19.64190352970218	30.308291503570388	0.0
19.0	30.505963890571564	19.585024344999173	19.68492268320316	30.2240890812261	0.0
20.0	30.287195427490644	19.651947555711523	19.82475771777622	30.236099299021614	0.0
21.0	30.105436013781826	19.80713814268618	19.84173281917053	30.24567762842177	1.5395939690409206E-5
22.0	30.280662314031765	19.907513932353627	19.49134813204624	30.320429541351313	4.608021705625442E-5
23.0	30.555096252614135	19.801446275577575	19.703447458919037	29.940010012889257	0.0
24.0	30.1873981988516	19.930092595282208	19.60513920174752	30.276529146125526	8.408579931502179E-4
25.0	30.322239170225746	20.088407565588774	19.57385600976205	30.01549725442343	0.0
26.0	30.509215880499816	19.720722685369566	19.835360973644757	29.93467002419533	3.043629052839379E-5
27.0	30.15704610784089	19.9696441392495	19.836478562255095	30.03683119065451	0.0
28.0	30.46716010216093	19.93922512258509	19.741368223927598	29.851943600937997	3.029503883899717E-4
29.0	30.432787756321527	19.737477427565324	19.988042975769645	29.841691840343504	0.0
30.0	30.10090081720824	20.001710183342514	19.910379757220323	29.986602055718798	4.0718651012205335E-4
31.0	30.20704904689893	20.28519887978116	19.56910885772354	29.93864321559637	0.0
32.0	30.346302381631467	20.066872101173868	19.700460327694923	29.88600472538417	3.604641155720048E-4
33.0	30.11657539868475	19.844243372091874	19.896599926673844	30.142071676767753	5.096257817884327E-4
34.0	30.183746625373363	20.069200787891553	19.781235639886653	29.963887306617142	0.001929640231293559
35.0	30.199395064937427	19.732770331755773	20.03435699111469	30.029207622856624	0.004269989335477685
36.0	30.277991974168067	19.882637931132127	19.88904643542597	29.947074696631837	0.003248962641996806
37.0	30.220944798543155	19.990703513961616	19.90369030917214	29.881983133305628	0.0026782450174599255
38.0	30.395134158886865	19.836165044937538	19.93756644949185	29.828222306347836	0.0029120403359187102
39.0	30.163899305602946	19.91434721276822	19.86515012233993	30.053116834484726	0.003486524804175996
40.0	30.200694346492885	19.76091687399472	19.905685984228448	30.12419829530706	0.008504499976886725
41.0	30.35926353933773	19.82205505255043	19.782533103886056	30.027388666034355	0.008759638191430648
42.0	30.138960791943653	20.012012223264787	19.89084069453942	29.948550500920646	0.009635789331496425
43.0	30.07427938341204	20.197072692068236	19.82126246612158	29.896462887909927	0.010922570488218236
44.0	30.42398018841762	19.920801439073145	19.871558504955033	29.770567734171898	0.013092133382301056
45.0	30.153323180416624	19.967093592837998	19.900114385993746	29.963975849194874	0.015492991556761418
46.0	30.183200882476086	20.01945496097091	19.783594454100328	30.00043547099572	0.013314231456953545
47.0	30.38042511002954	19.97600344134871	19.771250835316266	29.859211273326945	0.013109339978534192
48.0	30.092462010818583	19.886974724583663	19.83256025932178	30.169253066760206	0.018749938515765438
49.0	30.17915869215167	20.240840988060928	19.666705246523083	29.89679228297254	0.016502790291782535
50.0	30.321019587370035	19.937806659527002	19.831312618928237	29.893211363995782	0.016649770178942525
51.0	30.067586762753095	20.026001442116478	19.906508443879	29.981701170269908	0.01820218098151783
52.0	30.289304966348762	20.05961503064298	19.77675675153683	29.858301638828078	0.016021612643349538
53.0	30.27557475616981	19.84744420576888	20.03271830675379	29.836002009475415	0.008260721832108213
54.0	30.104354981084676	19.84382400784021	19.886616153720958	30.156044503831716	0.009160353522440821
55.0	30.0615182561973	20.1614704583021	19.8442874799589	29.9229569173657	0.009766888175992024
56.0	30.27466908262248	19.80907238092737	19.955488640193273	29.953606645629176	0.007163250627696249
57.0	30.030522542723904	20.152445047394867	19.935936922508315	29.878150393687587	0.0029450936853254875
58.0	29.94907075103157	20.20678277579561	19.923460414573878	29.918442094207453	0.0022439643914907706
59.0	30.30385951831021	19.933883430954786	19.85803869712495	29.902762041516546	0.0014563120935068869
60.0	29.996107968505108	20.074018462842595	19.99907429617399	29.9293000980431	0.0014991744352042253
61.0	30.032949621804566	20.012636337807162	20.008402888230968	29.9445709064252	0.0014402457321081837
62.0	30.312764151542883	19.955907913527625	19.741642068870146	29.98916237977447	5.234862848774555E-4
63.0	29.92641176155934	20.038906150794112	19.8600448396077	30.17460817671643	2.9071322419571276E-5
64.0	30.083497991482965	20.02333183822426	19.787310926457632	30.10584471410652	1.4529728623899574E-5
65.0	30.276879755405478	19.977107388887248	19.83162122880832	29.91439162689895	0.0
66.0	30.09420869242772	19.94546416223635	19.977899352472225	29.982326160665117	1.0163219859047755E-4
67.0	30.280702452091518	20.23459193227738	19.62638417556745	29.858321440063655	0.0
68.0	30.219475664778113	19.98474106091126	20.164812793596003	29.630970480714623	0.0
69.0	30.037307289072814	20.052468407325325	20.028894761587754	29.88070574708075	6.23794933363469E-4
70.0	30.10979410016612	20.093631443271306	19.85272895671094	29.94384549985163	0.0
71.0	30.344067815289876	19.87720833862633	19.92718000298148	29.851253816031186	2.90027071126819E-4
72.0	30.0733304178262	20.038944640551613	20.01609232336145	29.87163261826074	0.0
73.0	30.009089963963493	20.159768187794104	19.804797047595947	30.02634480064646	0.0
74.0	30.380816740589424	19.8092392713403	19.927228572406307	29.88271541566397	0.0
75.0	29.989442343756185	20.07991976123254	19.944530616405594	29.98610727860569	0.0
76.0	30.130796560288402	19.965792538823774	19.774441290458782	30.128940611224923	2.8999204116843014E-5
77.0	30.041591436490844	20.052280743066305	19.949273643348356	29.956854177094495	0.0
78.0	29.862455413549526	20.192831277490175	19.773537012645097	30.171161794888047	1.4501427157953749E-5
79.0	29.575722750088506	20.431956784596956	19.73292333271791	30.259368125855605	2.900674102157971E-5
80.0	29.970288616167856	20.100791249459284	19.77343220300874	30.155444413079042	4.3518285077841154E-5
81.0	29.79356296962767	20.268486972414074	19.711132962441106	30.22678807648662	2.9019030535129785E-5
82.0	29.85846828181525	20.54068410988429	19.507385730717456	30.09346187758301	0.0
83.0	30.204053307146182	20.331824542814985	19.32817420570723	30.13573016977559	2.1777455600486482E-4
84.0	29.756885951159333	20.430041623537264	19.45827385263679	30.354479050764333	3.1952190228235947E-4
85.0	29.85249829674959	20.4915444823332	19.41340767917838	30.242433303707166	1.1623803166004327E-4
86.0	29.911634369525114	20.354953863614327	19.5572750076275	30.175976868795797	1.5989043725819297E-4
87.0	29.493604660969385	20.661095016050147	19.693680389507584	30.150921974595462	6.979588774262069E-4
88.0	29.501577441258913	21.038136299013093	19.405153280273353	30.054885674604716	2.4730484992450654E-4
89.0	29.66808098417054	20.94452230071564	19.52565907084099	29.861577549333617	1.6009493920976847E-4
90.0	29.574062758662066	20.83675303637593	19.74818073739768	29.840100607712056	9.028598522688285E-4
91.0	29.719718764410917	20.929933697930363	19.652731891506765	29.696989124012774	6.265221391797077E-4
92.0	29.90479172972188	21.0196049958974	19.647815125903403	29.42730703355033	4.8111492698424917E-4
93.0	29.55613541981376	20.861050282420024	19.74569579164333	29.836826742365748	2.91763757135265E-4
94.0	29.564695284071174	21.201191153441954	19.760890500917718	29.472770517857448	4.5254371170805037E-4
95.0	29.907346361398425	20.839508611253102	19.8116307101751	29.441426664140312	8.765303306520758E-5
96.0	29.675389969746256	21.094388920938236	19.796156397831275	29.433786939635496	2.7777184872954466E-4
97.0	29.656932527400947	21.058680183795655	19.94193986172897	29.341642743170354	8.046839040688036E-4
98.0	29.702925789212504	20.92806204260978	19.933080220711393	29.43562445209083	3.0749537548919217E-4
99.0	29.568458083799428	20.815454700665562	20.053960142477052	29.561379662067644	7.474109903122347E-4
100.0	29.46505382376923	21.07905109873419	19.968677791815125	29.486293196931967	9.240887494835004E-4
101.0	29.491864484863754	21.032702232467745	20.037155188094836	29.43742658481015	8.515097635137168E-4
102.0	29.35377455048186	20.975284529381224	20.113566345026143	29.556198970493647	0.0011756046171283534
103.0	29.320815717227127	21.19488796178519	20.109479371337983	29.373390057918563	0.0014268917311329977
104.0	29.52007507768193	21.10848551274932	20.003083568687376	29.368120229138313	2.356117430659832E-4
105.0	29.134134531823985	21.20226652599035	20.09288528605257	29.57053675424244	1.769018906536982E-4
106.0	29.127379514480463	21.23913330948358	20.097237915437283	29.535998365937832	2.508946608435492E-4
107.0	29.31815491754576	21.136522252723342	20.18282249909824	29.361628494787233	8.718358454273466E-4
108.0	29.082689582585573	21.169622638327134	20.299090735049088	29.44784250414923	7.54539888973154E-4
109.0	29.11357319791576	21.27858084722695	20.168745567777105	29.43852263335408	5.777537261041429E-4
110.0	29.329787609627033	21.148060319827167	20.12433569599538	29.39750486036302	3.1151418739447454E-4
111.0	29.283627833242026	21.12432752652163	20.09397397214204	29.49780328301344	2.673850808631903E-4
112.0	29.414367159146966	21.06739734406956	20.075157345164442	29.44267649524766	4.0165637137088594E-4
113.0	29.668742063788883	20.864401461052555	20.305018710162493	29.16183776499607	0.0
114.0	29.624196957393963	20.901228744745893	20.327321957393963	29.14713292892625	1.1941153993121894E-4
115.0	29.30408928804565	21.360798939636414	20.080014799387985	29.255037153253376	5.9819676575945636E-5
116.0	29.705257860971717	21.002387314370985	20.20590155621248	29.08562907479467	8.241936501423832E-4
117.0	29.46352970501078	20.894690254191797	20.373498344904114	29.26801141486861	2.7028102469542706E-4
118.0	29.521917673831023	20.968057427176316	20.342678630862352	29.167120570227254	2.2569790305582922E-4
119.0	29.51790680128556	20.855152815278572	20.493521852853213	29.13335822106213	6.0309520521219E-5
120.0	29.30916035436042	20.927631395058082	20.74841150470222	29.014690984689555	1.0576118972273194E-4
121.0	29.308137338262895	21.024093329567766	20.792874292346937	28.874122744917806	7.722949045950789E-4
122.0	29.425450966713935	20.827797089491504	20.91622520908712	28.829813359901234	7.133748062124928E-4
123.0	29.3481475486351	20.76514520397564	20.98134008880862	28.903937117121615	0.0014300414590317464
124.0	29.37275572207481	20.762078216035302	21.051492764560045	28.8117977446708	0.0018755526590380977
125.0	29.326262499361906	20.80808090070907	21.161469762647766	28.7024903506592	0.0016964866220567103
126.0	29.22232276639137	20.79442863771638	21.248822920884198	28.730764417045773	0.003661257962278626
127.0	29.169460599822838	20.898722373458437	21.304503577130134	28.624626360223832	0.002687089364761326
128.0	29.200123925177635	20.675296796337157	21.457293601554696	28.664930913868155	0.002354763062355511
129.0	29.014983562001824	20.81636324003581	21.51792660465824	28.64943074435569	0.0012958489484417184
130.0	29.213582353140378	20.718279501389283	21.59978438254841	28.467951722349543	4.020405723882555E-4
131.0	29.057419419838336	20.586640626816397	21.81200158099091	28.543829872978232	1.0849937612858727E-4
132.0	28.938838461654388	20.713928041355736	21.929909467133033	28.416811324632985	5.127052238603068E-4
133.0	28.919449852813795	20.78932360377118	22.017147169698486	28.27397035843291	1.0901528363129286E-4
134.0	28.969639215108327	20.580441279876503	22.22812178785044	28.220985898077988	8.11819086740996E-4
135.0	28.872945492710052	20.59981072216521	22.322905732470318	28.203868535948313	4.6951670610867837E-4
136.0	28.745082313397756	20.702840883774726	22.43221295740212	28.1192362893109	6.275561144988682E-4
137.0	28.928203277931512	20.421281169619412	22.516928975214665	28.133083277000402	5.033002340031525E-4
138.0	28.688232233242406	20.276589034831833	22.832416152887937	28.20205301250414	7.095665336886422E-4
139.0	28.63165855511589	20.682423104411445	22.753781249441765	27.93191577350554	2.2131752536022194E-4
140.0	28.832029145417838	20.3986064498376	23.033284253577435	27.73596919467301	1.1095649411716594E-4
141.0	28.644380012998965	20.4444286200447	23.045589053655153	27.865491047990474	1.1126531070281687E-4
142.0	28.620451968070643	20.342149923371196	23.31473221046443	27.7226180748332	4.78232605325152E-5
143.0	28.547837605603327	20.280204746554414	23.526662966042373	27.643071748452225	0.0022229333476624577
144.0	28.301502609554014	20.302806784856482	23.6281810332669	27.76747748139488	3.209092771823395E-5
145.0	28.375199727753415	20.293531550663648	23.76660814481766	27.564660576765277	0.0
146.0	28.572408865324846	20.06983438003983	23.84877255759718	27.508968012940805	1.6184097344108705E-5
147.0	28.2556723837268	20.125423991588892	24.152489100150934	27.4663819536412	3.257089217536429E-5
148.0	28.18465593865064	20.191847531089103	24.153695871654477	27.46968478265728	1.1587594850671493E-4
149.0	28.307943135172348	20.34242077695915	24.901514436381962	26.44810445702735	1.7194459188693198E-5
