# Position (bp)	A	C	G	T	N
0.0	26.122627856897385	22.045205898395505	35.33626970939966	16.49457232849157	0.0013242068158816538
1.0	22.77465721062869	19.66341045744423	12.604719544690331	44.95715282757761	5.9959659141329706E-5
2.0	32.959385062844085	20.440510123657628	13.33872072367089	33.261090658981125	2.934308462721665E-4
3.0	21.550866659410797	23.012963369300333	10.036673187249768	45.399263975359524	2.3280867957319184E-4
4.0	41.03270544604467	9.492585943483776	9.738630844072953	39.73584619472746	2.315716711427541E-4
5.0	45.20034776456408	10.079007545845752	22.861314188229585	21.851206776454106	0.008123724906476337
6.0	34.861796201377096	13.710101708622144	20.726204616519208	30.701840036943178	5.743653836875636E-5
7.0	40.924005444221926	15.486588791685188	19.755239147071897	23.834166617020987	0.0
8.0	19.055501288035927	32.50331654247375	22.581124543671763	25.860000468688465	5.715713009477223E-5
9.0	30.198407853706012	19.822757628416284	12.626607806468765	37.35222671140894	0.0
10.0	27.528163479172125	14.909216206672665	28.426718000706224	29.135902313448987	0.0
11.0	27.199367583537835	18.152911703401227	18.27103481418501	36.37668589887593	0.0
12.0	25.52766245051656	20.293862065440255	23.4759100125519	30.70256547149129	0.0
13.0	23.787203313730572	26.332120711553525	18.401370056505186	31.479305918210716	0.0
14.0	33.32596715136144	20.26442326761566	20.248670970783454	26.160938610239448	0.0
15.0	33.00434196159761	18.823940277792715	19.47220629496698	28.69951146564269	0.0
16.0	32.03193603745473	18.425193733796615	18.489597322077312	31.053272906671342	0.0
17.0	32.08053350054655	18.254599069594025	18.622072709503755	31.042738229404105	5.6490951561833584E-5
18.0	31.74607833232398	18.359212511408156	19.047342217536357	30.847366938731508	0.0
19.0	31.15190361684946	18.933024898830176	19.040905543249252	30.874165941071112	0.0
20.0	30.947459999413994	18.93359192753352	19.2898163320043	30.829131741048187	0.0
21.0	30.608449476616222	19.200422963684918	19.171144327348667	31.01998323235019	0.0
22.0	30.878847295324313	19.248840290651717	19.052484408273955	30.819828005750022	0.0
23.0	31.127066934058824	19.149180197912923	19.117021174917536	30.606731693110717	0.0
24.0	30.7990084591113	19.27745840112908	19.139582078550173	30.783276849363094	6.74211846351615E-4
25.0	30.911536865675078	19.363722574418304	19.090737077685205	30.634003482221413	0.0
26.0	31.080152980150288	19.110847764999505	19.22710908813416	30.581721834684476	1.6833203156562255E-4
27.0	30.710330422104775	19.307529474436798	19.311118276253627	30.671021827204797	0.0
28.0	31.05123293720488	19.20005066020786	19.175953437440807	30.572370684775823	3.922803706264941E-4
29.0	30.99492631990452	19.150440019512864	19.360242488192313	30.494391172390305	0.0
30.0	30.72178382926129	19.29089495418005	19.357227662250644	30.629533784619657	5.597696883594214E-4
31.0	30.847863486957127	19.506986502552625	19.005860549688787	30.639289460801457	0.0
32.0	30.93264173374087	19.405720906460708	19.127806128440245	30.533439802093366	3.914292648175548E-4
33.0	30.632957945327753	19.288150769266885	19.300726425813966	30.77794129236389	2.2356722750368747E-4
34.0	30.69084855408663	19.41046174816834	19.262644235200792	30.634146068953573	0.001899393590663922
35.0	30.761056748408024	19.109395974653406	19.426451767091866	30.6995217918622	0.0035737179845123997
36.0	30.890391920689336	19.23775896693417	19.301276262280663	30.567893737462594	0.0026791126332439924
37.0	30.759364148433804	19.402767735197234	19.295312123403228	30.540156932058593	0.002399060907135142
38.0	30.95364373587286	19.229754652719798	19.25585483391529	30.55851599277449	0.0022307847175631356
39.0	30.83901554112402	19.33979909207323	19.292078023946388	30.526431395110933	0.002675947745430401
40.0	30.740304003673547	19.224364875739223	19.358946352424027	30.6683600341497	0.008024734013503844
41.0	31.006316075632473	19.19077578878526	19.17122258233794	30.623830846380873	0.007854706863453999
42.0	30.77431983538499	19.26992462570411	19.305955042726954	30.64150291946617	0.008297576717779368
43.0	30.624207055459774	19.488830163596393	19.244885768667007	30.63283585080757	0.009241161469255603
44.0	31.039493588038276	19.24467858935729	19.26727434024303	30.43653209765371	0.01202138470768556
45.0	30.789573248762032	19.278028153341122	19.33578144995271	30.58354197963612	0.01307516830801758
46.0	30.824905468109463	19.386073914538056	19.12987274489016	30.647355721362597	0.011792151099729337
47.0	30.95702413621489	19.316089605106946	19.250084105575436	30.465124684777866	0.01167746832486717
48.0	30.68582203805354	19.194266952926174	19.293998223293535	30.809402090465266	0.01651069526148605
49.0	30.787644281217208	19.498695021964537	19.13821429206609	30.559662172977397	0.01578423177477013
50.0	30.84710803500186	19.257410778384553	19.31480999913318	30.56589074922375	0.014780438256663976
51.0	30.601105949617853	19.374284060392803	19.369450947234625	30.637659839940625	0.017499202814094023
52.0	30.791362271283422	19.381180131157773	19.19789027825066	30.615404012492593	0.014163306815549866
53.0	30.862316277225567	19.245278199054503	19.379278442287433	30.505519110722627	0.0076079707098680935
54.0	30.715007495419467	19.21875520515241	19.267503192493475	30.789350952195882	0.00938315473877075
55.0	30.73364345904897	19.434668206192892	19.2964439164659	30.52647355974731	0.00877085854492567
56.0	30.798928375785557	19.1706290158851	19.36416297257501	30.6595084448406	0.006771190913727813
57.0	30.68772234735547	19.461965873860134	19.314192108115126	30.5337890292268	0.0023306414424672833
58.0	30.53633539562829	19.524667921687165	19.377971449670735	30.558528507884937	0.0024967251288726287
59.0	30.862655184790487	19.335973580515798	19.273231188793577	30.5269750678045	0.0011649780956380447
60.0	30.690455231981222	19.422780069477607	19.418620065750243	30.467312632045452	8.320007454726679E-4
61.0	30.57030766466349	19.373734147028614	19.489532657620185	30.565260890494983	0.0011646401927313142
62.0	30.884052409650582	19.402528208893315	19.24676099575674	30.46654747988723	1.1090581212999049E-4
63.0	30.553146659273633	19.42112558913224	19.347879123925697	30.677848627668425	0.0
64.0	30.614050747867395	19.380626747139985	19.270850081667184	30.734472423325432	0.0
65.0	30.824309970529473	19.397217928902627	19.24193773713353	30.53653436343437	0.0
66.0	30.55235590775702	19.334341453355787	19.425526796295824	30.68777584259137	0.0
67.0	30.791069743929704	19.647816047101234	19.024074975306437	30.537039233662615	0.0
68.0	30.82543078364103	19.35065151002899	19.55971112970897	30.264206576621017	0.0
69.0	30.57910461657658	19.406070420513537	19.498179162032134	30.51636869876728	2.771021104650937E-4
70.0	30.688912952640834	19.483548041359604	19.27185106286292	30.55568794313664	0.0
71.0	30.85995578887052	19.354366777259145	19.363177970023106	30.42249946384723	0.0
72.0	30.707461068805504	19.419880593640453	19.467869227094848	30.404789110459195	0.0
73.0	30.589428303862842	19.555365919883855	19.318696907399303	30.536508868854	0.0
74.0	30.888799612107782	19.26527671954007	19.397935859250538	30.447987809101612	0.0
75.0	30.56541145895385	19.367288867708623	19.44121045209089	30.626089221246637	0.0
76.0	30.727517552074385	19.366241279375828	19.25807506247818	30.648166106071606	0.0
77.0	30.841551348463792	19.324083494590408	19.376007164025598	30.458357992920206	0.0
78.0	30.635564267153452	19.33631145846668	19.301509400711893	30.72661487366798	0.0
79.0	30.58998784655738	19.558230950878038	19.440631291817294	30.411149910747287	0.0
80.0	30.829808412810316	19.34621592022595	19.456785361160254	30.367190305803483	0.0
81.0	30.545375537360854	19.45235197218915	19.498023487574464	30.504249002875532	0.0
82.0	30.600477703740538	19.532805963480996	19.388408395124962	30.478307937653508	0.0
83.0	30.830055301541968	19.483926187741417	19.26046937571788	30.42543826582879	1.1086916994469845E-4
84.0	30.520314277540866	19.425465528596995	19.474252615098717	30.579579499666252	3.880790971727883E-4
85.0	30.679293510353105	19.443768314421714	19.324005511306773	30.552766326691856	1.6633722654853028E-4
86.0	30.798576705051122	19.266604969111484	19.436615188577708	30.498036786751403	1.6635050828397806E-4
87.0	30.4560679665491	19.4897517801291	19.43085778931257	30.622712450921675	6.100130875535147E-4
88.0	30.456702451231603	19.549121137296925	19.33425845196815	30.65969610851176	2.218509915630068E-4
89.0	30.603648159611975	19.529757506772903	19.464524632066617	30.401903291153847	1.6641039465889197E-4
90.0	30.635214752515893	19.46359026706758	19.539427696472757	30.360879647608375	8.876363353933893E-4
91.0	30.569249591490806	19.466510568528285	19.45829877072716	30.505497188291532	4.438809622229559E-4
92.0	30.694069314254925	19.499746665726953	19.52649521328637	30.279300342348115	3.884643836429857E-4
93.0	30.477528401711318	19.470408269743547	19.45558853763102	30.59636378168481	1.1100922930732461E-4
94.0	30.420291037762297	19.675276334876067	19.530939902195414	30.373326183128512	1.6654203770844817E-4
95.0	30.65600294947579	19.484419194246748	19.54793953130431	30.311638324973156	0.0
96.0	30.52983791919007	19.60397524220488	19.52100497321793	30.345015258421288	1.6660696583724164E-4
97.0	30.604110276134705	19.611879463450048	19.553167581042672	30.2302872216393	5.554577332769729E-4
98.0	30.595038879592156	19.51746637065285	19.58496952079986	30.30230299636205	2.2223259307656577E-4
99.0	30.472500102804396	19.48687826959646	19.62163537893699	30.4183194093582	6.668393039531346E-4
100.0	30.347914149235017	19.68393471926862	19.581217949644326	30.38654410317922	3.890786728192974E-4
101.0	30.595284822055014	19.582621245765004	19.536699242008957	30.284282777247146	0.0011119129238751056
102.0	30.409409733942898	19.511818055936335	19.559198163965203	30.51873988932407	8.341568314942029E-4
103.0	30.514829201486567	19.777627338887456	19.477744655262853	30.22863064699786	0.0011681573652600012
104.0	30.718925881721237	19.566936253439387	19.447973091400765	30.266109131173856	5.564226475145992E-5
105.0	30.527201608253208	19.581328768007694	19.56852774926923	30.32277490466024	1.669698096321544E-4
106.0	30.47553990037919	19.576486281400125	19.593021087166264	30.354785712814365	1.6701824006199717E-4
107.0	30.731897475879542	19.476352903504253	19.690144374678045	30.10054714800841	0.0010580979297478664
108.0	30.289798556021037	19.59460513414743	19.80356983688386	30.31135796416793	6.685087797486407E-4
109.0	30.525533240526393	19.656922680820283	19.54786152074837	30.269013812927508	6.687449774465756E-4
110.0	30.533217450834027	19.56264205408606	19.707142104538427	30.19688689358898	1.1149695250954554E-4
111.0	30.346048742401425	19.61909542133735	19.588087669399364	30.446433550833753	3.3461602810774636E-4
112.0	30.41042590251408	19.587732972100813	19.68799061807137	30.313125215495358	7.252918183735386E-4
113.0	30.624473949182097	19.46125698517346	19.749036085132605	30.165232980511842	0.0
114.0	30.544019029219456	19.542639857504202	19.851752999838073	30.06158811343827	0.0
115.0	30.251073255070203	19.9480480304338	19.594607050385033	30.206159939445232	1.117246657337657E-4
116.0	30.62309312667703	19.60468374755694	19.69483320115512	30.076886920840064	5.030037708516022E-4
117.0	30.399898456948204	19.524894822422674	19.791501249158465	30.28370547147065	0.0
118.0	30.401046797650633	19.629022341790172	19.68267128081108	30.28697986682308	2.797129250307824E-4
119.0	30.52204474381371	19.445854656769868	19.75712132347385	30.274923302796253	5.597314632331992E-5
120.0	30.369873001757302	19.647375194182207	19.887841925884278	30.094909878176217	0.0
121.0	30.293932404960582	19.725007116329003	19.89243696725592	30.088119204674584	5.04306779900349E-4
122.0	30.491523855713513	19.558517214408464	19.879901431707257	30.0694968139117	5.606842590697688E-4
123.0	30.33051666159883	19.50280563843001	19.95694767184185	30.208664098711797	0.0010659294175200647
124.0	30.34610869810517	19.551916304715775	19.93242086341638	30.1682068175324	0.0013473162302765536
125.0	30.443682594180665	19.536178868410808	20.03950186751932	29.979344657726315	0.0012920121628901525
126.0	30.347156290876264	19.52094354290648	19.986936459139617	30.14187207735595	0.0030916297216914924
127.0	30.31325762050209	19.715261254267986	19.943524752920794	30.025762612711432	0.00219375959769824
128.0	30.37215413037384	19.464999589084737	20.049399894850726	30.1117014030786	0.0017449826120926168
129.0	30.172550252282427	19.716673060337662	19.978447413886826	30.131315299237887	0.0010139742551936606
130.0	30.40911176833386	19.633226857233705	20.002379081223637	29.95500041154723	2.8188166156836703E-4
131.0	30.245297869759387	19.51566718481551	20.154711157879294	30.084154519320556	1.692682252508696E-4
132.0	30.176796697069275	19.66471480824106	20.122306923854932	30.035729795328752	4.5177550597444866E-4
133.0	30.144400148995498	19.789665387543728	20.120496433095315	29.945438030365462	0.0
134.0	30.307175963644923	19.62198776094002	20.167743921206522	29.902639726250612	4.5262795792370503E-4
135.0	30.11586444686592	19.680531737275754	20.205993824489546	29.99704363861257	5.663527562123233E-4
136.0	30.064690240901694	19.832916617057585	20.220264317180618	29.881618560032656	5.102648274454443E-4
137.0	30.30446998722861	19.478700156094792	20.237037037037037	29.979225202213712	5.676174258549738E-4
138.0	30.03353034780632	19.541429870425098	20.43009774948852	29.994146396908388	7.956353716753808E-4
139.0	30.087449156805306	19.89183800282696	20.19803523914226	29.822393084187453	2.845170380183047E-4
140.0	30.219465855484877	19.591168482441933	20.481352354619258	29.707899334741278	1.1397271265313658E-4
141.0	30.131565502174677	19.71164851625602	20.33228466831188	29.82438714177985	1.1417147756730267E-4
142.0	30.094527061574134	19.70644451739611	20.36615510261974	29.832873318410012	0.0
143.0	30.077115664323557	19.674555958591107	20.5043620142146	29.741730461518706	0.0022359013520323484
144.0	29.943721702063574	19.67843600247622	20.45107708189754	29.926707733940628	5.747962203699733E-5
145.0	29.97941519307557	19.786850063127126	20.397357715957348	29.836377027839955	0.0
146.0	30.24771445300498	19.558774935216263	20.344991507098676	29.848519104680083	0.0
147.0	30.0522307261963	19.66874600707077	20.42096423620155	29.85805903053138	0.0
148.0	30.080250937912687	19.778554695055988	20.230018459745576	29.911056504015534	1.194032702167647E-4
149.0	28.806214386781026	19.956488722991832	21.890211409693652	29.34695965266475	1.2582786873385077E-4
