#Position (bp)	insert size
15197.0	259.9538338016861
45590.0	267.23328744072205
75983.0	265.4222072224097
106376.0	269.17317728926145
136769.0	260.1181338028169
167162.0	260.7881586094514
197555.0	265.6052712228011
221485.0	260.7786988193921
236681.5	266.53779587681345
258341.0	261.7103712433707
288734.0	260.09164116604927
319127.0	261.93949358763564
349520.0	266.89246263807667
379913.0	264.5623115577889
410306.0	266.0642902609803
440699.0	266.8544834005585
471092.0	253.63822237242312
501485.0	256.9144477706003
531878.0	265.7558760683761
562271.0	259.3340032888726
592664.0	266.57909041493025
623057.0	264.5027382256298
653450.0	262.3524778470627
683843.0	263.2945448403986
714236.0	266.40680746360465
744629.0	265.0152976388427
775022.0	263.05059523809524
805415.0	261.84398368456834
835808.0	263.4544476327116
866201.0	262.74211409395974
896594.0	267.96294433266263
926987.0	266.3714464229928
957380.0	259.1046228710462
987773.0	263.0
1018166.0	261.3157119717273
1038382.5	259.15654615654614
1053579.0	256.94549150036954
1078952.0	263.1592992796333
1109345.0	270.2123491615734
1139738.0	263.1686436307375
1170131.0	254.33286185761435
1200524.0	256.4488773747841
1230917.0	260.7868178829717
1261310.0	266.5730806296177
1291703.0	264.98391928109726
1322096.0	261.4030354131535
1348657.5	252.37590630228667
1363854.0	257.0124366651313
1382882.0	262.1181330627627
1413275.0	267.70234678372447
1443668.0	260.18730368655974
1474061.0	264.0918383903943
1504454.0	261.1843894899536
1534847.0	261.25603547380524
1565240.0	263.4088202156768
1595633.0	264.7625970593094
1626026.0	259.4998368146214
1656419.0	265.913986013986
1686812.0	260.31755349365653
1717205.0	267.42362376959534
1747598.0	265.7580225498699
1777991.0	262.3164008321775
1808384.0	254.668353515272
1838777.0	262.19676971170543
1869170.0	256.9835984910612
1899563.0	270.24197337509787
1929956.0	257.7463351271108
1960349.0	258.9969754253308
1990742.0	260.9699892818864
2021135.0	258.7826436966672
2051528.0	261.9731092436975
2081921.0	263.7665860400829
2112314.0	272.2070822454308
2142707.0	264.308593046298
2173100.0	262.0239918325676
2203493.0	260.07233806975455
2233886.0	263.9783281733746
2264279.0	265.310856498873
2294672.0	263.7375
2325065.0	260.2877835951134
2355458.0	260.94849048504796
2385851.0	258.6290350724132
2416244.0	261.71983748454335
2446637.0	259.34766118836916
2477030.0	260.91987919701546
2507423.0	262.5847442523614
2537816.0	259.7004921092822
2568209.0	259.17379332685454
2598602.0	263.80216411181243
2628995.0	266.3772260273973
2659388.0	267.6548166957626
2689781.0	258.1444462892246
2720174.0	261.2728181212525
2750567.0	265.5515288788222
2780960.0	268.1670190274841
2811353.0	263.61185185185184
2841746.0	258.80312818769124
2872139.0	258.32088840441475
2889645.5	280.50911577028256
2904842.0	267.5980815347722
2932925.0	261.8657838809874
2963318.0	268.62832150519887
2993711.0	264.1040395713108
3024104.0	266.735947258848
3054497.0	263.81472643599795
3084890.0	262.43335943617853
3115283.0	264.146736463275
3145676.0	264.3330647760232
3176069.0	259.92717086834733
3206462.0	261.2213752333541
3236855.0	262.25729400448864
3267248.0	266.002758844531
3297641.0	273.43108624454146
3322340.5	254.46103248953557
3337537.0	209.032154340836
3358427.0	214.84715277259497
3388820.0	211.1616113175878
3410819.5	210.41095890410958
3426016.0	257.5104712041885
3449606.0	263.2427947598253
3479999.0	261.1219670009706
3510392.0	267.11604899497485
3540785.0	256.2336869173899
3571178.0	258.1694885361552
3601571.0	268.3976123362626
3631964.0	267.6927888792354
3662357.0	257.51885847797064
3692750.0	260.80261798139856
3723143.0	260.650155304888
3753536.0	270.17709742895806
3783929.0	260.5777049180328
3814322.0	259.75353432124
3844715.0	257.48308759757157
3875108.0	261.94776119402985
3905501.0	261.4338797814208
3935894.0	266.37888956680905
3966287.0	261.8122217104253
3987990.0	262.26835138387486
4003186.5	260.6411194833154
4027073.0	265.9834451901566
4057466.0	266.0609086370444
4087859.0	261.77629276054097
4118252.0	261.0431472081218
4148645.0	259.0086389568052
4179038.0	264.1111952734434
4209431.0	264.31418918918916
4239824.0	263.53248858111095
4259839.0	249.37743674823724
4275035.5	254.8521015067407
4300610.0	265.54103390090506
4331003.0	260.9270420301348
4361396.0	260.0875470463099
4391789.0	265.38234837909107
4422182.0	258.2018460466736
4452575.0	263.4302363755745
4482968.0	266.72328144131535
4513361.0	264.61062386232004
4543754.0	259.6623594562846
4574147.0	258.2060292850991
4604540.0	259.71805342862007
4634933.0	266.5469416785206
4665326.0	264.2597913459894
4695719.0	260.1122724815282
4726112.0	266.85700277823173
4756505.0	264.56187230989957
4786898.0	272.9401041666667
4817291.0	257.02509870276367
4847684.0	258.8860856269113
4878077.0	262.47981039325845
4908470.0	263.4484062668828
4938863.0	262.6633248268319
4969256.0	264.22079755322903
4999649.0	262.131973706388
5030042.0	257.4812621530847
5060435.0	264.0424499161592
5090828.0	259.21478421877225
5121221.0	263.33619976848024
5151614.0	259.44946673438295
5182007.0	261.79724677090417
5212400.0	261.17947454844006
5242793.0	266.8077583247511
5273186.0	265.07039505771417
5303579.0	266.4184599865501
5333972.0	258.52494981359337
5352383.0	270.5326837190418
5367579.5	258.8723885793872
5394758.0	264.4907837794518
5425151.0	264.85787388577086
5455544.0	257.67501595405236
5485937.0	263.40938674488956
5516330.0	265.5163288940359
5546723.0	265.8386135777714
5577116.0	253.09689179714886
5607509.0	261.047322970639
5637902.0	259.27285843101896
5668295.0	265.2008589362405
5698688.0	264.060036587394
5729081.0	255.86751484308735
5759474.0	258.33719322502594
5789867.0	260.69041887337505
5820260.0	260.5385510136258
5850653.0	264.113369467028
5881046.0	265.7425266636623
5907241.5	259.27470930232556
5922438.0	266.4977375565611
5941832.0	269.60879305516664
5972225.0	260.8437151505496
6002618.0	261.7036184210526
6033011.0	265.32401422107307
6063404.0	260.1866036780834
6093797.0	267.32357777047025
6124190.0	258.6157778156415
6154583.0	258.0280991735537
6184976.0	260.4036863028551
6215369.0	268.79814385150814
6245762.0	265.401728553137
6276155.0	264.57688442211054
6306548.0	261.81756165821236
6336941.0	257.8933853404843
6367334.0	258.6686949559648
6397727.0	263.3176011832728
6428120.0	264.32154498044326
6458513.0	259.87961292438905
6488906.0	267.17171717171715
6519299.0	261.9288103201147
6549692.0	261.9447453954496
6580085.0	260.94323950161515
6610478.0	267.2389300287139
6640871.0	265.7365218621763
6660029.5	252.01488616462348
6675226.0	253.9244905385735
6701657.0	264.1686037735849
6732050.0	267.4660380373981
6762443.0	268.1351756284335
6792836.0	263.76047161030095
6823229.0	260.0608953258723
6853622.0	260.6841497608445
6884015.0	261.3908934707904
6914408.0	267.26369920755354
6944801.0	265.5218023255814
6975194.0	259.1298017891598
7005587.0	263.136179220321
7035980.0	263.549203219977
7066373.0	261.22037155669443
7096766.0	263.04258914990703
7127159.0	261.93842996408415
7157552.0	259.61850380668653
7187945.0	267.662712143681
7218338.0	267.27964542565644
7248731.0	260.2081447963801
7279124.0	263.8611295681063
7309517.0	262.3689091915836
7327760.5	244.01187111362353
7342957.0	264.4328949229246
7370303.0	263.8316359007002
7400696.0	267.10265210608424
7431089.0	266.9924148879873
7461482.0	261.6512411347518
7491875.0	258.3052995391705
7522268.0	264.5336970474968
7552661.0	257.009550269144
7583054.0	261.15556711758586
7613447.0	263.6560782967033
7643840.0	265.83412162162165
7674233.0	266.85398155909473
7704626.0	261.07809998220955
7735019.0	265.8168242906919
7765412.0	261.2962356792144
7795805.0	267.61678823398256
7826198.0	251.985410983276
7856591.0	263.22876304023845
7886984.0	264.3163113534953
7917377.0	261.8676073251276
7947770.0	263.91928703548007
7978163.0	266.21479974968713
8008556.0	255.03311638591117
8038949.0	259.1231571377202
8069342.0	259.51182523921284
8099735.0	260.83318353406435
8130128.0	263.8989065797046
8160521.0	261.5456201357841
8190914.0	259.937617180842
8221307.0	272.4413352970054
8251700.0	261.3758491847826
8282093.0	260.8865616621984
8312486.0	258.97074819932385
8342879.0	263.5193625771076
8373272.0	259.8511719390264
8398726.5	266.23837638376386
8413923.0	264.83278786075573
8434058.0	265.1653452501081
8464451.0	264.1754673663496
8494844.0	266.89821882951657
8525237.0	266.7144275783799
8555630.0	264.19703254626677
8586023.0	256.1929635888769
8616416.0	261.7578897035384
8646809.0	262.14318830242513
8677202.0	262.4717108596521
8707595.0	259.2996472663139
8737988.0	261.68895643363726
8768381.0	257.88588936734016
8798774.0	262.66768619054903
8829167.0	260.2452253628724
8859560.0	264.2146739130435
8889953.0	258.5799621277328
8920346.0	259.7926367081754
8950739.0	259.0607136516954
8981132.0	262.6455826744586
9011525.0	267.8183298062836
9041918.0	264.0873973081629
9072311.0	262.7885769917248
9102704.0	263.1714188730482
9133097.0	262.78039552880483
9163490.0	262.84485724114205
9193883.0	261.5815137087506
9224276.0	262.324508560558
9254669.0	258.74751302700145
9285062.0	268.2503003003003
9315455.0	265.59580091029216
9332033.5	240.2537931034483
9347230.0	264.4164503186217
9376241.0	261.54179081072607
9406634.0	265.373294044665
9437027.0	261.46203599550057
9467420.0	267.06410668380465
9497813.0	260.5429628384059
9528206.0	269.57098229781326
9558599.0	262.3996218631832
9588992.0	264.52757288373726
9619385.0	263.18430969510104
9649778.0	265.8676421123444
9680171.0	261.1536763457293
9710564.0	264.7042704626335
9740957.0	262.6167259786477
9771350.0	267.93768693918247
9801743.0	263.2569871682194
9832136.0	265.4294107482288
9862529.0	262.9505256648114
9892922.0	257.44614003590664
9923315.0	263.40997012108824
9953708.0	260.74595414699934
9984101.0	267.37926572861073
1.0014494E7	263.8793316831683
1.0044887E7	261.56952169076754
1.007528E7	262.4004788985334
1.01041125E7	260.95387870239773
1.0119309E7	240.1286141575274
1.0136066E7	257.9903896787783
1.0166459E7	261.28870421668205
1.0196852E7	260.2649224502585
1.0227245E7	261.54085718522913
1.0257638E7	260.669105137802
1.0288031E7	264.452643716027
1.0318424E7	264.9527456411928
1.0348817E7	261.42111587982833
1.037921E7	261.95278450363196
1.0409603E7	259.8401438378555
1.0439996E7	260.6722306525038
1.0470389E7	259.90597227159617
1.0500782E7	264.3980162308386
1.0531175E7	263.1501386962552
1.0561568E7	261.47225225225225
1.0591961E7	264.18290748898676
1.0622354E7	261.51275167785235
1.0652747E7	264.6503645740708
1.068314E7	266.8628813559322
1.0713533E7	260.95518341307815
1.0743926E7	260.6755829903978
1.0774319E7	263.0464080193057
1.0804712E7	264.4395684768696
1.0835105E7	257.77779552715657
1.0865498E7	261.9964694014795
1.0895891E7	260.7126952774286
1.0926284E7	257.7016489178976
1.0956677E7	262.02973661852167
1.098707E7	261.19803791153976
1.1017463E7	261.50655884995507
1.1047856E7	267.0675785702654
1.1078249E7	263.2197395917055
1.1108642E7	261.40715149421317
1.1139035E7	260.0137270550678
1.1169428E7	263.7139516757599
1.1196832E7	263.199568910866
1.12120285E7	278.9823104693141
1.1230214E7	258.5389099387934
1.1260607E7	260.4162192709805
1.1291E7	264.0803672088903
1.1321393E7	268.5464559386973
1.1351786E7	263.97456359102245
1.1382179E7	263.89886462882095
1.1412572E7	259.1903462391267
1.1442965E7	261.6076986076986
1.1473358E7	264.78689926458014
1.1503751E7	263.568214032601
1.1534144E7	262.2568277310924
1.1564537E7	264.83922025991336
1.159493E7	265.8538275025979
1.1625323E7	260.8648504273504
1.1655716E7	252.36929460580913
1.1686109E7	265.2904578818595
1.1716502E7	262.9102541933253
1.1746895E7	262.92039277573207
1.1777288E7	260.6605705925384
1.1807681E7	261.40854402789887
1.1838074E7	261.44960303762514
1.1868467E7	264.05763639473236
1.189886E7	260.96696538393957
1.1929253E7	264.6216534770163
1.1959646E7	264.60759493670884
1.1990039E7	256.0196644416381
1.2020432E7	258.53343488194974
1.2050825E7	259.13870358716173
1.2081218E7	260.7950072011522
1.2111611E7	265.415673420739
1.21419565E7	258.09597875569045
