# Position (bp)	A	C	G	T	N
0.0	25.752374484429147	22.964001583294255	34.6565565462089	16.62593007875244	0.001137307315262197
1.0	22.986953837315586	20.35705616000712	12.188608141323803	44.467206236930615	1.756244228786326E-4
2.0	32.03149596033075	21.158134385678455	13.484354214704327	33.32582370407127	1.9173521520168818E-4
3.0	21.032412727608676	23.5999434457055	10.444980682674272	44.922320621366524	3.425226450283695E-4
4.0	40.36764456734431	10.019154937682565	10.20828131616513	39.404540585316894	3.7859349110712284E-4
5.0	44.61664373375978	10.588674063588666	23.57689304789163	21.209633139416063	0.008156015343857041
6.0	34.723323321332316	14.126960329095667	21.084628648083388	30.06493758714841	1.5011434021651367E-4
7.0	40.29426690186379	15.378342892423493	20.14905000581511	24.17834019989761	0.0
8.0	18.56940875593346	32.78226854971522	23.20530206227556	25.442983351367875	3.7280707886081345E-5
9.0	30.078230570517366	19.98909292463895	13.036390003408926	36.89628650143476	0.0
10.0	27.528956913476993	15.18569719024147	28.653553570475292	28.631792325806245	0.0
11.0	27.265283802430503	18.534600691851153	18.520643134656595	35.67947237106175	0.0
12.0	24.98351904792375	20.925673533868334	23.5591406633355	30.531666754872415	0.0
13.0	23.584313752900975	26.78081784843392	18.68442626946254	30.950442129202564	0.0
14.0	32.71491687505929	20.702823038838734	20.53269612805316	26.04954560958993	1.8348458885415528E-5
15.0	32.58714358380843	19.21395285752541	19.645669082356836	28.55323447630933	0.0
16.0	31.592921582133183	18.84073267629028	18.713401063355008	30.852944678221526	0.0
17.0	31.61025796119742	18.588692266629746	18.965987162973395	30.83502617142878	3.643777066431521E-5
18.0	31.306701916856305	18.67749257577418	19.478201942214195	30.53760356515532	0.0
19.0	30.76951817285185	19.265486472065025	19.4754599302011	30.489535424882025	0.0
20.0	30.513703092425292	19.390726343525596	19.643017431086403	30.452553132962706	0.0
21.0	30.292728474671087	19.57687244074981	19.60932098398718	30.521041986464787	3.6114127142312595E-5
22.0	30.483296359880708	19.610416567566283	19.359836740224377	30.546414295825098	3.603650353662246E-5
23.0	30.76955441966241	19.498841691066314	19.50308510783673	30.22851878143455	0.0
24.0	30.36213143538127	19.657856198839998	19.453296936939914	30.52603362443989	6.81804398930213E-4
25.0	30.561836943970295	19.757053065611	19.415843709785115	30.265266280633597	0.0
26.0	30.69251432117565	19.457018425843746	19.64910506388623	30.20123710942309	1.2507967128347645E-4
27.0	30.39473369811952	19.678286543911824	19.640661950337677	30.28631780763098	0.0
28.0	30.702924828709655	19.63736024768454	19.534751537795987	30.124767635582835	1.9575022698128594E-4
29.0	30.668373678628534	19.492400138379494	19.75599958230419	30.08322660068778	0.0
30.0	30.380386084918833	19.71979108411674	19.689675006935207	30.209846485999748	3.0133802947972216E-4
31.0	30.477853271398764	19.9375936175355	19.391732392826167	30.19282071823957	0.0
32.0	30.539519963605567	19.767646391885847	19.53754977567832	30.155107265394697	1.7660343557259424E-4
33.0	30.32560922380244	19.603488894388985	19.75371908751993	30.316794966988848	3.878272997982593E-4
34.0	30.361281817202812	19.781549383311294	19.68413487967127	30.171186282010765	0.0018476378038660326
35.0	30.462069700851707	19.473156963664927	19.843282781148332	30.217046444808993	0.00444410952604538
36.0	30.457474390640606	19.65211779735397	19.72741803821303	30.159780657798635	0.0032091159937606365
37.0	30.390913953408976	19.78578738237784	19.69602292871631	30.12466701624672	0.0026087192501595435
38.0	30.549934732409874	19.639924290644352	19.715270028811442	30.092143817008104	0.0027271311262334805
39.0	30.340229740603625	19.679948054396263	19.714316634287936	30.26199714787915	0.0035084228330252553
40.0	30.37542656167456	19.545452881743397	19.710578590094165	30.35921726161479	0.009324704873090766
41.0	30.581499151419457	19.564641891352103	19.64625391416587	30.19799748567438	0.009607557388185523
42.0	30.312004695652504	19.752139905972236	19.742111065669437	30.1836981113973	0.010046221308522063
43.0	30.311267682152838	19.92983463475876	19.61941572718545	30.12776574238181	0.011716213521135268
44.0	30.58890604444856	19.671486922453806	19.706849679334333	30.018958944705997	0.01379840905730344
45.0	30.321834630870253	19.691721294332893	19.76114563668874	30.209387971618085	0.0159104664900299
46.0	30.39277392260027	19.82983347154796	19.57266089323767	30.19098517864269	0.013746533971403059
47.0	30.561278532535248	19.758280335467298	19.62845333853309	30.03815362763434	0.013834165830024907
48.0	30.283720818700598	19.647420432046168	19.688444133843536	30.361489888382064	0.01892472702763269
49.0	30.33578645756867	19.959911855710253	19.49708196081756	30.18976387559166	0.017455850311861778
50.0	30.45148263637561	19.661910880871826	19.73005887856178	30.139626795469077	0.016920808721704334
51.0	30.26697725223258	19.762273414806444	19.751027126597435	30.200737646451092	0.01898455991245091
52.0	30.421319360934547	19.823346504037108	19.609826490293763	30.128414361793503	0.017093282941075417
53.0	30.434031150859987	19.65209472267057	19.868902621123734	30.036269668382776	0.00870183696293189
54.0	30.283542964087236	19.63405259240041	19.710035130992285	30.362612132547433	0.00975717997264217
55.0	30.26271445619127	19.897422542197337	19.686665016152478	30.142986499764845	0.010211485694068344
56.0	30.460765576777828	19.560393545988223	19.790558922678812	30.180835175911742	0.007446778643392088
57.0	30.25310804430973	19.9011823226345	19.725219461796883	30.117428311427062	0.0030618598318200786
58.0	30.178261881704096	19.943312940394666	19.755353103670352	30.120542470172033	0.0025296040588522637
59.0	30.52271988965167	19.69236439681266	19.68667686664569	30.0966333578939	0.001605488996080899
60.0	30.182213917186168	19.893415543176896	19.838182653595567	30.084788288715764	0.0013995973256084664
61.0	30.210882327756632	19.80875057952044	19.817279209962262	30.161365099411423	0.0017227833492477578
62.0	30.51499844188858	19.716416902883633	19.592143027127502	30.175947260144603	4.943679556828108E-4
63.0	30.16933956750837	19.802922192874817	19.721615755865326	30.306071369059325	5.1114692168581707E-5
64.0	30.356944892171672	19.782039289533092	19.581962691989833	30.278985009326064	6.811697933211643E-5
65.0	30.445382389401633	19.79830192889589	19.64890666736567	30.10737497189371	3.404244309677977E-5
66.0	30.28196463154184	19.680069986285506	19.798670335434316	30.239073872654426	2.211740839097045E-4
67.0	30.43230043639724	20.001843476906288	19.452201653925304	30.11365443277117	0.0
68.0	30.415563343982356	19.7401768580362	19.9616064106278	29.882653387353642	0.0
69.0	30.25199087080979	19.80595457192857	19.822575965974067	30.118934741993648	5.438492939221612E-4
70.0	30.3249827379043	19.85028869835643	19.713839987168964	30.110871586318634	1.6990251673199985E-5
71.0	30.498526501318413	19.67435415845296	19.739038958493186	30.087757637197427	3.227445380158243E-4
72.0	30.298053005241556	19.812596786723248	19.809200016440368	30.08015019159483	0.0
73.0	30.242195905010092	19.922712648480108	19.62528116649387	30.20981028001593	0.0
74.0	30.570531292757412	19.579835543225137	19.766229624397926	30.083386557651487	1.69819680368794E-5
75.0	30.227041001740986	19.772958998259014	19.762141537893037	30.237858462106963	0.0
76.0	30.326643346644016	19.75471860245611	19.585218787392787	30.333402281259307	1.6982247777108677E-5
77.0	30.35860952954196	19.754944153870508	19.778245926775366	30.10820038981217	0.0
78.0	30.222619784514592	19.84797658836743	19.609314644432775	30.320088982685206	0.0
79.0	29.979973525704377	20.06962967418199	19.676762816510298	30.273600002990293	3.398061304084181E-5
80.0	30.32783249460881	19.810480150601624	19.717348333220883	30.144322026711496	1.6994857186266863E-5
81.0	30.104750403069243	19.943971505333568	19.66626002743115	30.28496706426192	5.099990412018025E-5
82.0	30.125914650271003	20.12505244247144	19.542713553311398	30.206285341804172	3.401214199457064E-5
83.0	30.396939380669636	19.978084479381344	19.429652063464843	30.195204988885727	1.1908759845567203E-4
84.0	30.033159349721355	20.02433591942901	19.526469099441627	30.41571224179467	3.233896133383578E-4
85.0	30.153304744329468	20.042772818910635	19.46689448866149	30.33680657432429	2.2137377412143985E-4
86.0	30.2620201838123	19.909148480830183	19.571428352373182	30.257249644211452	1.5333877288432107E-4
87.0	29.901512303930218	20.10751395917129	19.642529296999854	30.347660288618812	7.841512798286459E-4
88.0	29.95948516670644	20.37802473258897	19.40178321212542	30.260451037739532	2.558508396427572E-4
89.0	30.12744015085003	20.271872776948673	19.519738989026234	30.08086274531222	8.533786283952522E-5
90.0	30.04329096006602	20.142080698667044	19.703056941582823	30.11066623127497	9.051684091443186E-4
91.0	30.076649078072947	20.305793024074205	19.549950085037455	30.067129258132567	4.7855468281993814E-4
92.0	30.320960912308404	20.268782186231494	19.63930553341484	29.770489548860812	4.6181918444784554E-4
93.0	29.98245542858894	20.211041559356165	19.601475120311868	30.20482247184164	2.0541990138817632E-4
94.0	29.899816422910902	20.54631102567595	19.578209579417436	29.975320317606354	3.426543893598959E-4
95.0	30.111469915846268	20.28470904235946	19.648308865944593	29.955357847135005	1.543287146750146E-4
96.0	29.954688506436995	20.530083203511097	19.575368437998634	29.93951659616477	3.4325588851186043E-4
97.0	29.985078657429614	20.498877205905593	19.670850918506037	29.84452325228235	6.699658764046951E-4
98.0	30.016222466172533	20.355154046365232	19.698620488524245	29.929693475521514	3.095234164782013E-4
99.0	29.88203375500118	20.307909559785926	19.790303268987273	30.018927201535107	8.262146905103047E-4
100.0	29.828959550311268	20.51828893727747	19.740393739550452	29.911634069276698	7.237035841075382E-4
101.0	29.903875993597367	20.440017933441677	19.763235789049872	29.892094019121302	7.762647897849074E-4
102.0	29.80924938844271	20.382192004379554	19.763217451897876	30.04435679197727	9.843633025906889E-4
103.0	29.80552189255439	20.595480384042347	19.7737650366128	29.824074245374838	0.001158441415629242
104.0	30.047808060081977	20.502243431779817	19.703682468756497	29.746058306202517	2.0773317919531436E-4
105.0	29.72094618684925	20.56422265858655	19.744950461825333	29.96972469701731	1.5599572155734342E-4
106.0	29.73728407763408	20.589529302302335	19.769775372532195	29.903046781320796	3.644662105979485E-4
107.0	29.947871544502096	20.483676294369797	19.850922523333544	29.716591169184163	9.384686103973633E-4
108.0	29.652439463703285	20.510867836293134	19.948167683044616	29.887724490978595	8.005259803745836E-4
109.0	29.678933161570686	20.66839997762345	19.791305596524037	29.860664175620332	6.970886614869493E-4
110.0	29.82071115175589	20.54755264526533	19.87055530152569	29.760884210085415	2.966913676773953E-4
111.0	29.71966736498719	20.562731217444284	19.783963423991487	29.933253468676774	3.845249002594844E-4
112.0	29.750962153487333	20.551118856807964	19.825753329507943	29.871763048894866	4.0261130189440865E-4
113.0	29.95989925019733	20.37025868069375	19.98448708314734	29.68531992059799	3.5065363591001806E-5
114.0	29.88526135031729	20.441705340807193	20.06052519090619	29.612314937520175	1.931804491550814E-4
115.0	29.60713616576227	20.88431526568425	19.76016332748974	29.74833246397744	5.27770863002119E-5
116.0	29.98886133596995	20.535748590483138	19.913446235677917	29.561097863385694	8.459744832946476E-4
117.0	29.68236785749661	20.505502270314402	20.059720118444428	29.75203897486349	3.7077888107055516E-4
118.0	29.77371019409662	20.595025621885707	19.969469537638613	29.661564695040305	2.2995133875900568E-4
119.0	29.805943216057873	20.475527459583393	20.061442070487196	29.65691004439275	1.7720947879325307E-4
120.0	29.669417144245074	20.577607393442815	20.232273730104254	29.520577447598946	1.2428460891362114E-4
121.0	29.63153779577358	20.704065866521738	20.193913430995728	29.469433283550362	0.0010496231586007278
122.0	29.759419419187438	20.52086128044025	20.258576660715512	29.460162169726477	9.804699303242413E-4
123.0	29.675307009372254	20.519428043598214	20.325416447917597	29.47825867938856	0.0015898197233749408
124.0	29.67422242103117	20.528575236149766	20.26897203900116	29.52606440801324	0.0021658958046598263
125.0	29.690768395748723	20.543735495968377	20.372350710489037	29.3911544285434	0.0019909692504664427
126.0	29.587379818710264	20.56755945480069	20.426370592453992	29.4145021003079	0.004188033727152299
127.0	29.542467861545457	20.7383541105449	20.40531593057244	29.310746055956177	0.0031160413810295403
128.0	29.61565252644714	20.498110744505475	20.53009622901607	29.353505127154033	0.002635372877283862
129.0	29.393224906168804	20.697277791726936	20.51600105064895	29.391886269421992	0.0016099820333240955
130.0	29.59761222473064	20.587727155631963	20.54702808888241	29.267161182988623	4.713477663645146E-4
131.0	29.516573049835067	20.49763480932762	20.718110986999264	29.26751763627735	1.6351756069590167E-4
132.0	29.36889871387028	20.670451793352477	20.745146740426865	29.214974679833272	5.280725171031763E-4
133.0	29.29961136364383	20.73415294831797	20.792428325666094	29.173716107474906	9.125489719405792E-5
134.0	29.42755430020288	20.582123054238917	20.909213975636483	29.08001104938012	0.0010976205416025626
135.0	29.349485396414472	20.648158284497015	20.98367245074239	29.018170429167306	5.134391788200471E-4
136.0	29.198008877007293	20.764557848975443	21.002943378427883	29.03379141073171	6.984848576754388E-4
137.0	29.44053665908859	20.44429965554081	21.037493979242527	29.07715377281761	5.1593331046029E-4
138.0	29.19089201432176	20.450297298700175	21.25671390405497	29.101357900198742	7.388827243492706E-4
139.0	29.207098645633643	20.790586546410232	21.084752341474545	28.917321726454144	2.4074002743695576E-4
140.0	29.33863558251862	20.500854216184933	21.376720571133713	28.783678222769854	1.1140739288318435E-4
141.0	29.203650882286624	20.626937499336673	21.290358498706023	28.878960021017953	9.309865273215685E-5
142.0	29.213777107995003	20.58188934765274	21.43995204454927	28.76430680283923	7.469696375516577E-5
143.0	29.194846912314464	20.513026618340543	21.559311922342438	28.730416228224016	0.0023983187785362463
144.0	28.968612850203794	20.554170256306893	21.62209370756594	28.85508558166085	3.7604262518364985E-5
145.0	29.061214288896288	20.59606784288587	21.65429137285726	28.688426495360588	0.0
146.0	29.22760292900137	20.394696768584108	21.685855133636778	28.691845168777736	0.0
147.0	29.010674293618543	20.52099035740829	21.87355155739224	28.594688263626583	9.552795434528006E-5
148.0	28.940591302493367	20.604425166032748	21.796595849507227	28.65829039050264	9.729146401665474E-5
149.0	28.7451287756237	20.85451120977607	22.562632781252784	27.83768665460531	4.057874213609339E-5
