#Coverage	Number of genomic locations
0.0	67009.0
1.0	155426.0
2.0	337855.0
3.0	553546.0
4.0	766809.0
5.0	945432.0
6.0	1056260.0
7.0	1103901.0
8.0	1084400.0
9.0	1012911.0
10.0	905610.0
11.0	786715.0
12.0	666675.0
13.0	550503.0
14.0	448478.0
15.0	359631.0
16.0	280459.0
17.0	221686.0
18.0	171092.0
19.0	135346.0
20.0	106736.0
21.0	82441.0
22.0	64769.0
23.0	50238.0
24.0	39421.0
25.0	31328.0
26.0	25235.0
27.0	18996.0
28.0	15566.0
29.0	11850.0
30.0	9960.0
31.0	8450.0
32.0	6848.0
33.0	5708.0
34.0	5027.0
35.0	4228.0
36.0	3282.0
37.0	3125.0
38.0	2614.0
39.0	2617.0
40.0	2243.0
41.0	2104.0
42.0	1887.0
43.0	1585.0
44.0	1308.0
45.0	1120.0
46.0	1021.0
47.0	884.0
48.0	883.0
49.0	713.0
50.0	722.0
51.0	664.0
52.0	651.0
53.0	690.0
54.0	741.0
55.0	544.0
56.0	566.0
57.0	620.0
58.0	491.0
59.0	483.0
60.0	436.0
61.0	429.0
62.0	417.0
63.0	296.0
64.0	308.0
65.0	267.0
66.0	272.0
67.0	239.0
68.0	230.0
69.0	189.0
70.0	161.0
71.0	199.0
72.0	183.0
73.0	236.0
74.0	184.0
75.0	211.0
76.0	145.0
77.0	148.0
78.0	165.0
79.0	158.0
80.0	147.0
81.0	159.0
82.0	105.0
83.0	105.0
84.0	108.0
85.0	130.0
86.0	113.0
87.0	89.0
88.0	118.0
89.0	112.0
90.0	89.0
91.0	122.0
92.0	121.0
93.0	70.0
94.0	107.0
95.0	122.0
96.0	143.0
97.0	132.0
98.0	171.0
99.0	169.0
100.0	152.0
101.0	127.0
102.0	104.0
103.0	130.0
104.0	125.0
105.0	126.0
106.0	101.0
107.0	107.0
108.0	129.0
109.0	128.0
110.0	155.0
111.0	106.0
112.0	75.0
113.0	95.0
114.0	72.0
115.0	75.0
116.0	86.0
117.0	83.0
118.0	80.0
119.0	94.0
120.0	96.0
121.0	75.0
122.0	84.0
123.0	107.0
124.0	71.0
125.0	62.0
126.0	76.0
127.0	75.0
128.0	67.0
129.0	77.0
130.0	84.0
131.0	85.0
132.0	63.0
133.0	56.0
134.0	76.0
135.0	53.0
136.0	56.0
137.0	62.0
138.0	61.0
139.0	58.0
140.0	52.0
141.0	40.0
142.0	40.0
143.0	24.0
144.0	30.0
145.0	27.0
146.0	32.0
147.0	32.0
148.0	19.0
149.0	25.0
150.0	17.0
151.0	11.0
152.0	28.0
153.0	15.0
154.0	11.0
155.0	15.0
156.0	3.0
157.0	6.0
158.0	7.0
159.0	9.0
160.0	5.0
161.0	2.0
162.0	16.0
163.0	9.0
164.0	5.0
165.0	15.0
166.0	8.0
167.0	10.0
168.0	8.0
169.0	7.0
170.0	7.0
171.0	8.0
172.0	17.0
173.0	15.0
174.0	12.0
175.0	11.0
176.0	11.0
177.0	9.0
178.0	11.0
179.0	10.0
180.0	8.0
181.0	2.0
182.0	5.0
183.0	7.0
184.0	15.0
185.0	2.0
186.0	9.0
187.0	12.0
188.0	5.0
189.0	2.0
190.0	2.0
191.0	3.0
192.0	11.0
193.0	2.0
194.0	3.0
196.0	4.0
197.0	6.0
198.0	12.0
199.0	4.0
200.0	9.0
201.0	4.0
202.0	6.0
203.0	4.0
204.0	4.0
205.0	3.0
206.0	3.0
207.0	1.0
208.0	5.0
209.0	4.0
210.0	8.0
211.0	6.0
212.0	4.0
213.0	7.0
214.0	10.0
215.0	2.0
216.0	10.0
217.0	5.0
218.0	13.0
219.0	12.0
220.0	5.0
221.0	6.0
222.0	4.0
223.0	4.0
224.0	5.0
225.0	10.0
226.0	11.0
227.0	19.0
228.0	11.0
229.0	9.0
230.0	21.0
231.0	5.0
232.0	3.0
233.0	9.0
234.0	9.0
235.0	11.0
236.0	7.0
237.0	11.0
238.0	9.0
239.0	7.0
240.0	6.0
241.0	5.0
242.0	1.0
243.0	4.0
244.0	6.0
245.0	1.0
246.0	8.0
247.0	3.0
248.0	2.0
249.0	4.0
250.0	2.0
251.0	1.0
252.0	1.0
253.0	7.0
254.0	6.0
255.0	12.0
256.0	4.0
257.0	8.0
258.0	6.0
259.0	2.0
260.0	16.0
261.0	15.0
262.0	15.0
263.0	12.0
264.0	6.0
265.0	9.0
266.0	15.0
267.0	11.0
268.0	11.0
269.0	17.0
270.0	23.0
271.0	10.0
272.0	14.0
273.0	8.0
274.0	11.0
275.0	16.0
276.0	6.0
277.0	10.0
278.0	23.0
279.0	20.0
280.0	15.0
281.0	16.0
282.0	11.0
283.0	18.0
284.0	14.0
285.0	18.0
286.0	25.0
287.0	21.0
288.0	20.0
289.0	15.0
290.0	32.0
291.0	19.0
292.0	12.0
293.0	31.0
294.0	28.0
295.0	26.0
296.0	31.0
297.0	28.0
298.0	15.0
299.0	30.0
300.0	27.0
301.0	38.0
302.0	36.0
303.0	35.0
304.0	38.0
305.0	60.0
306.0	42.0
307.0	34.0
308.0	41.0
309.0	43.0
310.0	44.0
311.0	53.0
312.0	53.0
313.0	60.0
314.0	43.0
315.0	44.0
316.0	53.0
317.0	51.0
318.0	48.0
319.0	50.0
320.0	67.0
321.0	56.0
322.0	53.0
323.0	44.0
324.0	47.0
325.0	55.0
326.0	45.0
327.0	50.0
328.0	49.0
329.0	51.0
330.0	46.0
331.0	61.0
332.0	50.0
333.0	54.0
334.0	56.0
335.0	68.0
336.0	63.0
337.0	61.0
338.0	58.0
339.0	62.0
340.0	65.0
341.0	57.0
342.0	66.0
343.0	59.0
344.0	62.0
345.0	65.0
346.0	46.0
347.0	56.0
348.0	70.0
349.0	54.0
350.0	68.0
351.0	56.0
352.0	71.0
353.0	92.0
354.0	71.0
355.0	82.0
356.0	73.0
357.0	81.0
358.0	79.0
359.0	75.0
360.0	54.0
361.0	63.0
362.0	73.0
363.0	68.0
364.0	56.0
365.0	62.0
366.0	76.0
367.0	65.0
368.0	75.0
369.0	53.0
370.0	71.0
371.0	51.0
372.0	69.0
373.0	60.0
374.0	54.0
375.0	49.0
376.0	56.0
377.0	53.0
378.0	48.0
379.0	38.0
380.0	57.0
381.0	60.0
382.0	40.0
383.0	73.0
384.0	60.0
385.0	51.0
386.0	58.0
387.0	52.0
388.0	44.0
389.0	48.0
390.0	62.0
391.0	47.0
392.0	71.0
393.0	46.0
394.0	61.0
395.0	55.0
396.0	58.0
397.0	61.0
398.0	53.0
399.0	56.0
400.0	41.0
401.0	46.0
402.0	65.0
403.0	48.0
404.0	38.0
405.0	43.0
406.0	48.0
407.0	54.0
408.0	48.0
409.0	56.0
410.0	45.0
411.0	56.0
412.0	53.0
413.0	49.0
414.0	55.0
415.0	42.0
416.0	47.0
417.0	61.0
418.0	57.0
419.0	61.0
420.0	48.0
421.0	65.0
422.0	52.0
423.0	52.0
424.0	34.0
425.0	51.0
426.0	67.0
427.0	57.0
428.0	53.0
429.0	45.0
430.0	53.0
431.0	49.0
432.0	70.0
433.0	54.0
434.0	56.0
435.0	74.0
436.0	72.0
437.0	51.0
438.0	60.0
439.0	61.0
440.0	43.0
441.0	59.0
442.0	53.0
443.0	53.0
444.0	52.0
445.0	53.0
446.0	51.0
447.0	45.0
448.0	42.0
449.0	41.0
450.0	54.0
451.0	53.0
452.0	54.0
453.0	46.0
454.0	44.0
455.0	43.0
456.0	40.0
457.0	35.0
458.0	39.0
459.0	33.0
460.0	57.0
461.0	40.0
462.0	42.0
463.0	36.0
464.0	35.0
465.0	35.0
466.0	33.0
467.0	42.0
468.0	37.0
469.0	50.0
470.0	62.0
471.0	43.0
472.0	33.0
473.0	43.0
474.0	58.0
475.0	35.0
476.0	46.0
477.0	55.0
478.0	37.0
479.0	37.0
480.0	32.0
481.0	28.0
482.0	24.0
483.0	32.0
484.0	30.0
485.0	29.0
486.0	30.0
487.0	33.0
488.0	37.0
489.0	31.0
490.0	25.0
491.0	22.0
492.0	38.0
493.0	22.0
494.0	21.0
495.0	20.0
496.0	18.0
497.0	33.0
498.0	18.0
499.0	24.0
500.0	26.0
501.0	34.0
502.0	27.0
503.0	34.0
504.0	18.0
505.0	34.0
506.0	23.0
507.0	19.0
508.0	19.0
509.0	36.0
510.0	26.0
511.0	43.0
512.0	43.0
513.0	40.0
514.0	33.0
515.0	32.0
516.0	30.0
517.0	20.0
518.0	27.0
519.0	34.0
520.0	26.0
521.0	36.0
522.0	24.0
523.0	21.0
524.0	18.0
525.0	30.0
526.0	25.0
527.0	20.0
528.0	17.0
529.0	28.0
530.0	19.0
531.0	29.0
532.0	22.0
533.0	18.0
534.0	26.0
535.0	34.0
536.0	23.0
537.0	24.0
538.0	17.0
539.0	22.0
540.0	29.0
541.0	15.0
542.0	25.0
543.0	26.0
544.0	15.0
545.0	21.0
546.0	19.0
547.0	26.0
548.0	20.0
549.0	17.0
550.0	25.0
551.0	16.0
552.0	19.0
553.0	32.0
554.0	24.0
555.0	18.0
556.0	30.0
557.0	19.0
558.0	20.0
559.0	15.0
560.0	22.0
561.0	19.0
562.0	13.0
563.0	19.0
564.0	20.0
565.0	22.0
566.0	10.0
567.0	19.0
568.0	27.0
569.0	35.0
570.0	39.0
571.0	29.0
572.0	23.0
573.0	15.0
574.0	25.0
575.0	23.0
576.0	26.0
577.0	20.0
578.0	24.0
579.0	24.0
580.0	23.0
581.0	24.0
582.0	26.0
583.0	22.0
584.0	26.0
585.0	24.0
586.0	18.0
587.0	12.0
588.0	16.0
589.0	16.0
590.0	19.0
591.0	13.0
592.0	25.0
593.0	20.0
594.0	22.0
595.0	16.0
596.0	21.0
597.0	15.0
598.0	21.0
599.0	15.0
600.0	26.0
601.0	14.0
602.0	14.0
603.0	12.0
604.0	21.0
605.0	17.0
606.0	24.0
607.0	19.0
608.0	31.0
609.0	22.0
610.0	31.0
611.0	30.0
612.0	20.0
613.0	28.0
614.0	16.0
615.0	27.0
616.0	19.0
617.0	22.0
618.0	15.0
619.0	26.0
620.0	33.0
621.0	31.0
622.0	25.0
623.0	25.0
624.0	18.0
625.0	28.0
626.0	14.0
627.0	14.0
628.0	25.0
629.0	19.0
630.0	16.0
631.0	19.0
632.0	17.0
633.0	21.0
634.0	14.0
635.0	11.0
636.0	11.0
637.0	8.0
638.0	10.0
639.0	7.0
640.0	8.0
641.0	16.0
642.0	14.0
643.0	16.0
644.0	13.0
645.0	16.0
646.0	13.0
647.0	14.0
648.0	6.0
649.0	15.0
650.0	11.0
651.0	12.0
652.0	10.0
653.0	9.0
654.0	12.0
655.0	9.0
656.0	13.0
657.0	10.0
658.0	6.0
659.0	9.0
660.0	12.0
661.0	7.0
662.0	6.0
663.0	13.0
664.0	10.0
665.0	9.0
666.0	6.0
667.0	10.0
668.0	13.0
669.0	7.0
670.0	19.0
671.0	14.0
672.0	7.0
673.0	6.0
674.0	9.0
675.0	11.0
676.0	12.0
677.0	8.0
678.0	13.0
679.0	15.0
680.0	10.0
681.0	6.0
682.0	12.0
683.0	10.0
684.0	12.0
685.0	7.0
686.0	11.0
687.0	9.0
688.0	11.0
689.0	3.0
690.0	1.0
691.0	6.0
692.0	8.0
693.0	6.0
694.0	8.0
695.0	8.0
696.0	5.0
697.0	3.0
698.0	6.0
699.0	11.0
700.0	7.0
701.0	9.0
702.0	7.0
703.0	7.0
704.0	4.0
705.0	8.0
706.0	12.0
707.0	3.0
708.0	5.0
709.0	4.0
710.0	14.0
711.0	7.0
712.0	2.0
713.0	6.0
714.0	11.0
715.0	10.0
716.0	5.0
717.0	9.0
718.0	8.0
719.0	12.0
720.0	17.0
721.0	5.0
722.0	10.0
723.0	6.0
724.0	12.0
725.0	9.0
726.0	9.0
727.0	14.0
728.0	7.0
729.0	16.0
730.0	11.0
731.0	7.0
732.0	11.0
733.0	12.0
734.0	4.0
735.0	8.0
736.0	7.0
737.0	5.0
738.0	10.0
739.0	8.0
740.0	7.0
741.0	10.0
742.0	12.0
743.0	11.0
744.0	4.0
745.0	4.0
746.0	9.0
747.0	11.0
748.0	4.0
749.0	10.0
750.0	7.0
751.0	7.0
752.0	10.0
753.0	6.0
754.0	6.0
755.0	12.0
756.0	8.0
757.0	5.0
758.0	3.0
759.0	5.0
760.0	9.0
761.0	8.0
762.0	10.0
763.0	6.0
764.0	8.0
765.0	4.0
766.0	9.0
767.0	11.0
768.0	11.0
769.0	15.0
770.0	7.0
771.0	8.0
772.0	7.0
773.0	6.0
774.0	14.0
775.0	14.0
776.0	11.0
777.0	7.0
778.0	5.0
779.0	10.0
780.0	10.0
781.0	7.0
782.0	15.0
783.0	12.0
784.0	9.0
785.0	9.0
786.0	11.0
787.0	7.0
788.0	15.0
789.0	8.0
790.0	6.0
791.0	5.0
792.0	3.0
793.0	14.0
794.0	8.0
795.0	6.0
796.0	7.0
797.0	4.0
798.0	7.0
799.0	4.0
800.0	2.0
801.0	5.0
802.0	6.0
803.0	12.0
804.0	7.0
805.0	3.0
806.0	1.0
807.0	6.0
808.0	10.0
809.0	6.0
810.0	10.0
811.0	7.0
812.0	8.0
813.0	2.0
814.0	9.0
815.0	7.0
816.0	6.0
817.0	3.0
818.0	4.0
819.0	5.0
820.0	8.0
821.0	8.0
822.0	7.0
823.0	11.0
824.0	9.0
825.0	15.0
826.0	7.0
827.0	8.0
828.0	2.0
829.0	10.0
830.0	8.0
831.0	5.0
832.0	4.0
833.0	7.0
834.0	9.0
835.0	3.0
836.0	5.0
837.0	9.0
838.0	6.0
839.0	3.0
840.0	4.0
841.0	8.0
842.0	2.0
843.0	5.0
844.0	10.0
845.0	7.0
846.0	8.0
847.0	5.0
848.0	10.0
849.0	10.0
850.0	6.0
851.0	8.0
852.0	6.0
853.0	7.0
854.0	6.0
855.0	4.0
856.0	6.0
857.0	6.0
858.0	7.0
859.0	7.0
860.0	10.0
861.0	7.0
862.0	6.0
863.0	12.0
864.0	5.0
865.0	7.0
867.0	1.0
868.0	1.0
869.0	5.0
870.0	4.0
871.0	2.0
872.0	3.0
873.0	5.0
874.0	4.0
875.0	5.0
876.0	5.0
877.0	3.0
878.0	4.0
879.0	9.0
880.0	1.0
881.0	5.0
882.0	3.0
883.0	3.0
884.0	4.0
885.0	1.0
886.0	2.0
887.0	2.0
888.0	2.0
889.0	3.0
890.0	1.0
891.0	2.0
892.0	4.0
893.0	4.0
894.0	1.0
897.0	3.0
899.0	7.0
900.0	2.0
902.0	3.0
903.0	1.0
904.0	4.0
905.0	3.0
906.0	2.0
907.0	1.0
909.0	2.0
910.0	2.0
911.0	1.0
912.0	3.0
915.0	1.0
916.0	1.0
917.0	1.0
919.0	1.0
920.0	6.0
921.0	3.0
923.0	1.0
924.0	3.0
925.0	1.0
926.0	1.0
927.0	2.0
928.0	1.0
929.0	1.0
930.0	1.0
931.0	2.0
932.0	1.0
933.0	2.0
934.0	2.0
936.0	2.0
937.0	1.0
938.0	3.0
939.0	6.0
940.0	4.0
941.0	1.0
942.0	2.0
943.0	2.0
944.0	2.0
945.0	2.0
946.0	1.0
947.0	3.0
948.0	2.0
949.0	2.0
950.0	1.0
953.0	1.0
954.0	2.0
955.0	1.0
957.0	2.0
958.0	2.0
959.0	1.0
960.0	1.0
961.0	1.0
962.0	2.0
963.0	2.0
964.0	1.0
965.0	1.0
968.0	2.0
969.0	1.0
970.0	1.0
971.0	6.0
972.0	1.0
973.0	2.0
974.0	4.0
975.0	4.0
976.0	2.0
977.0	5.0
978.0	6.0
979.0	2.0
980.0	1.0
981.0	5.0
982.0	4.0
983.0	2.0
984.0	1.0
985.0	3.0
987.0	3.0
988.0	3.0
989.0	2.0
990.0	1.0
991.0	4.0
992.0	5.0
995.0	1.0
996.0	2.0
997.0	1.0
998.0	3.0
999.0	1.0
1000.0	2.0
1001.0	1.0
1003.0	6.0
1004.0	3.0
1005.0	6.0
1006.0	2.0
1007.0	2.0
1008.0	4.0
1009.0	2.0
1010.0	2.0
1011.0	4.0
1012.0	4.0
1013.0	7.0
1014.0	4.0
1015.0	6.0
1016.0	3.0
1017.0	2.0
1018.0	7.0
1019.0	3.0
1020.0	3.0
1021.0	2.0
1022.0	2.0
1024.0	3.0
1025.0	1.0
1026.0	1.0
1028.0	1.0
1029.0	4.0
1030.0	2.0
1031.0	2.0
1032.0	2.0
1034.0	2.0
1035.0	4.0
1036.0	4.0
1037.0	4.0
1038.0	2.0
1039.0	1.0
1040.0	3.0
1041.0	3.0
1042.0	4.0
1043.0	4.0
1044.0	1.0
1045.0	5.0
1046.0	4.0
1047.0	4.0
1048.0	2.0
1049.0	3.0
1050.0	3.0
1051.0	2.0
1052.0	4.0
1054.0	3.0
1055.0	1.0
1057.0	1.0
1059.0	3.0
1060.0	1.0
1061.0	4.0
1062.0	2.0
1063.0	1.0
1065.0	1.0
1066.0	1.0
1067.0	2.0
1068.0	5.0
1069.0	2.0
1070.0	1.0
1071.0	5.0
1072.0	4.0
1073.0	2.0
1074.0	2.0
1075.0	2.0
1076.0	2.0
1077.0	3.0
1078.0	3.0
1079.0	5.0
1081.0	5.0
1082.0	6.0
1083.0	3.0
1084.0	7.0
1085.0	5.0
1086.0	6.0
1087.0	8.0
1088.0	3.0
1089.0	1.0
1090.0	3.0
1091.0	4.0
1092.0	2.0
1093.0	3.0
1094.0	5.0
1095.0	4.0
1096.0	4.0
1097.0	6.0
1098.0	5.0
1099.0	6.0
1101.0	6.0
1102.0	2.0
1103.0	3.0
1106.0	2.0
1107.0	3.0
1108.0	4.0
1109.0	1.0
1110.0	6.0
1111.0	4.0
1112.0	4.0
1113.0	1.0
1114.0	1.0
1116.0	1.0
1117.0	2.0
1118.0	3.0
1119.0	5.0
1121.0	2.0
1122.0	4.0
1123.0	4.0
1124.0	4.0
1125.0	4.0
1126.0	3.0
1127.0	2.0
1128.0	4.0
1129.0	1.0
1130.0	3.0
1132.0	1.0
1133.0	3.0
1134.0	2.0
1135.0	4.0
1140.0	2.0
1141.0	1.0
1142.0	2.0
1143.0	2.0
1144.0	3.0
1146.0	4.0
1147.0	2.0
1149.0	2.0
1150.0	2.0
1152.0	4.0
1153.0	2.0
1154.0	1.0
1155.0	2.0
1156.0	1.0
1158.0	3.0
1159.0	2.0
1160.0	2.0
1162.0	1.0
1164.0	2.0
1165.0	1.0
1166.0	1.0
1168.0	1.0
1169.0	1.0
1170.0	1.0
1171.0	1.0
1172.0	2.0
1173.0	3.0
1174.0	3.0
1176.0	2.0
1177.0	4.0
1178.0	3.0
1179.0	4.0
1180.0	4.0
1181.0	4.0
1182.0	1.0
1183.0	3.0
1184.0	2.0
1185.0	4.0
1186.0	2.0
1187.0	3.0
1188.0	3.0
1189.0	2.0
1190.0	5.0
1191.0	2.0
1194.0	2.0
1198.0	2.0
1199.0	2.0
1200.0	4.0
1201.0	1.0
1202.0	3.0
1204.0	1.0
1205.0	2.0
1206.0	3.0
1207.0	1.0
1208.0	1.0
1209.0	3.0
1210.0	1.0
1212.0	1.0
1213.0	2.0
1215.0	2.0
1216.0	2.0
1217.0	4.0
1218.0	3.0
1219.0	2.0
1220.0	1.0
1221.0	4.0
1222.0	1.0
1223.0	2.0
1225.0	2.0
1226.0	1.0
1228.0	1.0
1229.0	4.0
1230.0	2.0
1231.0	1.0
1232.0	2.0
1233.0	2.0
1234.0	3.0
1237.0	2.0
1238.0	3.0
1239.0	2.0
1240.0	3.0
1241.0	3.0
1242.0	1.0
1243.0	1.0
1244.0	2.0
1249.0	1.0
1250.0	2.0
1251.0	1.0
1252.0	1.0
1254.0	1.0
1255.0	1.0
1256.0	1.0
1258.0	1.0
1260.0	1.0
1262.0	1.0
1266.0	1.0
1269.0	1.0
1270.0	1.0
1273.0	1.0
1275.0	1.0
1279.0	1.0
1280.0	1.0
1281.0	2.0
1282.0	1.0
1285.0	1.0
1286.0	1.0
1287.0	1.0
1290.0	2.0
1291.0	3.0
1292.0	1.0
1296.0	2.0
1297.0	1.0
1299.0	1.0
1301.0	1.0
1302.0	1.0
1304.0	2.0
1305.0	1.0
1306.0	1.0
1307.0	1.0
1308.0	1.0
1309.0	1.0
1311.0	1.0
1325.0	2.0
1326.0	1.0
1328.0	3.0
1329.0	1.0
1330.0	2.0
1332.0	1.0
1335.0	1.0
1336.0	1.0
1337.0	1.0
1341.0	1.0
1345.0	1.0
1347.0	1.0
1348.0	1.0
1349.0	3.0
1350.0	2.0
1351.0	2.0
1352.0	1.0
1353.0	3.0
1354.0	1.0
1355.0	2.0
1356.0	1.0
1357.0	2.0
1358.0	3.0
1360.0	1.0
1361.0	1.0
1362.0	2.0
1363.0	1.0
1364.0	1.0
1365.0	3.0
1368.0	3.0
1369.0	1.0
1373.0	1.0
1376.0	2.0
1377.0	4.0
1379.0	1.0
1380.0	1.0
1382.0	2.0
1383.0	1.0
1385.0	1.0
1388.0	1.0
1407.0	1.0
1408.0	2.0
1411.0	1.0
1412.0	1.0
1415.0	1.0
1416.0	1.0
1418.0	1.0
1420.0	2.0
1422.0	1.0
1423.0	1.0
1426.0	1.0
1450.0	1.0
1451.0	1.0
1454.0	1.0
1457.0	1.0
1473.0	1.0
1531.0	1.0
1532.0	1.0
1534.0	1.0
1548.0	1.0
1549.0	1.0
1563.0	1.0
1573.0	1.0
1578.0	1.0
1579.0	1.0
1582.0	1.0
1583.0	1.0
1585.0	1.0
1586.0	1.0
1593.0	1.0
1605.0	1.0
1607.0	1.0
1610.0	1.0
1612.0	3.0
1613.0	2.0
1614.0	1.0
1615.0	1.0
1616.0	1.0
1619.0	1.0
1629.0	2.0
1632.0	1.0
1652.0	2.0
1653.0	1.0
1657.0	1.0
1658.0	1.0
1674.0	2.0
1793.0	1.0
1802.0	1.0
1806.0	1.0
1823.0	1.0
1824.0	1.0
1827.0	1.0
1831.0	1.0
1833.0	1.0
1834.0	1.0
1839.0	1.0
1840.0	2.0
1851.0	1.0
1859.0	1.0
1865.0	3.0
1867.0	1.0
1870.0	1.0
1875.0	1.0
1879.0	1.0
1880.0	2.0
1882.0	1.0
1883.0	2.0
1886.0	1.0
1888.0	1.0
1889.0	3.0
1890.0	1.0
1891.0	2.0
1892.0	4.0
1893.0	2.0
1894.0	1.0
1895.0	2.0
1898.0	2.0
1899.0	6.0
1902.0	1.0
1904.0	2.0
1905.0	2.0
1906.0	2.0
1907.0	1.0
1908.0	1.0
1910.0	1.0
1912.0	1.0
1914.0	2.0
1915.0	1.0
1917.0	1.0
1918.0	1.0
1919.0	1.0
1921.0	1.0
1922.0	1.0
1931.0	1.0
1932.0	1.0
1934.0	1.0
1935.0	2.0
1936.0	1.0
1940.0	1.0
1951.0	1.0
1960.0	1.0
1964.0	1.0
1967.0	1.0
1969.0	1.0
1970.0	1.0
1972.0	1.0
1977.0	1.0
1978.0	1.0
1979.0	1.0
1980.0	1.0
1984.0	1.0
1999.0	2.0
2000.0	2.0
2003.0	1.0
2004.0	1.0
2007.0	1.0
2010.0	1.0
2011.0	1.0
2012.0	1.0
2013.0	1.0
2014.0	2.0
2018.0	2.0
2020.0	1.0
2023.0	1.0
2027.0	1.0
2028.0	1.0
2030.0	1.0
2031.0	1.0
2033.0	1.0
2034.0	1.0
2039.0	1.0
2041.0	1.0
