#Position (bp)	insert size
15197.0	315.7640342530923
45590.0	331.68386388583974
75983.0	323.36
106376.0	328.12645011600927
136769.0	324.97812097812096
167162.0	326.9895561357702
197555.0	333.19633225458466
221485.0	315.15384615384613
236681.5	325.1570996978852
258341.0	318.01778242677824
288734.0	327.4416846652268
319127.0	322.26927639383155
349520.0	322.7105549510337
379913.0	311.94031531531533
410306.0	332.3009259259259
440699.0	313.2305295950156
471092.0	324.47908366533864
501485.0	322.2290874524715
531878.0	322.66146993318483
562271.0	325.6616454229432
592664.0	318.34275618374556
623057.0	321.6028880866426
653450.0	319.7772972972973
683843.0	326.91129032258067
714236.0	320.97818181818184
744629.0	324.1383219954649
775022.0	322.2225201072386
805415.0	323.6078431372549
835808.0	324.3719298245614
866201.0	331.4260679079956
896594.0	324.2302955665025
926987.0	315.81173864894794
957380.0	313.66023579849946
987773.0	320.93831168831167
1018166.0	317.49484536082474
1038382.5	316.6683673469388
1053579.0	323.2258469259724
1078952.0	321.60546875
1109345.0	327.14696485623006
1139738.0	318.0916030534351
1170131.0	318.6008230452675
1200524.0	319.1716589861751
1230917.0	336.26417112299464
1261310.0	321.9068062827225
1291703.0	319.00639658848615
1322096.0	322.82967607105536
1348657.5	312.09622411693056
1363854.0	315.06686930091183
1382882.0	316.5541022592152
1413275.0	328.76144578313256
1443668.0	320.6593886462882
1474061.0	323.7029239766082
1504454.0	325.69653767820773
1534847.0	313.9422863485017
1565240.0	323.7052868391451
1595633.0	322.2911392405063
1626026.0	324.3082549634274
1656419.0	324.7948139797069
1686812.0	318.4233409610984
1717205.0	315.11342894393744
1747598.0	326.83847980997626
1777991.0	315.37485714285714
1808384.0	309.16902834008096
1838777.0	334.4200217627856
1869170.0	318.40248565965584
1899563.0	327.3351749539595
1929956.0	322.15492957746477
1960349.0	316.5
1990742.0	313.96936542669584
2021135.0	334.79281183932346
2051528.0	331.30480167014616
2081921.0	329.72290502793294
2112314.0	343.12344398340247
2142707.0	319.42727272727274
2173100.0	321.1053740779768
2203493.0	328.3927738927739
2233886.0	328.0911654135338
2264279.0	326.49936467598474
2294672.0	320.0360046457607
2325065.0	325.57286995515693
2355458.0	323.98114824335903
2385851.0	318.39230769230767
2416244.0	324.1234285714286
2446637.0	316.33458294283037
2477030.0	326.5116525423729
2507423.0	323.97278911564626
2537816.0	323.3386411889597
2568209.0	325.0237358101135
2598602.0	318.18058968058966
2628995.0	331.56677890011224
2659388.0	323.237012987013
2689781.0	319.6355421686747
2720174.0	327.58294930875576
2750567.0	322.46491228070175
2780960.0	331.05925925925925
2811353.0	325.8331374853114
2841746.0	324.5781057810578
2872139.0	319.5326768128917
2889645.5	318.8820512820513
2904842.0	324.8357142857143
2932925.0	326.8785942492013
2963318.0	323.7047387606318
2993711.0	324.22902494331066
3024104.0	323.5764993880049
3054497.0	327.7402885682575
3084890.0	321.178835978836
3115283.0	321.0408163265306
3145676.0	323.16483516483515
3176069.0	320.3709327548807
3206462.0	320.29248197734296
3236855.0	316.1811740890688
3267248.0	320.195067264574
3297641.0	325.94421052631577
3322340.5	312.8376844494892
3337537.0	205.89708737864078
3358427.0	241.26383369000305
3388820.0	220.43843180563223
3410819.5	237.0665322580645
3426016.0	325.315625
3449606.0	328.7755102040816
3479999.0	316.6266944734098
3510392.0	331.77272727272725
3540785.0	321.96723044397464
3571178.0	317.5057339449541
3601571.0	328.711943793911
3631964.0	317.1242312423124
3662357.0	325.9703849950642
3692750.0	316.7632743362832
3723143.0	325.4419778002018
3753536.0	324.4344473007712
3783929.0	330.74945295404814
3814322.0	319.7920353982301
3844715.0	320.4261363636364
3875108.0	327.2653414001729
3905501.0	323.98591549295776
3935894.0	319.9073482428115
3966287.0	320.15063731170335
3987990.0	317.43093922651934
4003186.5	318.401023890785
4027073.0	324.53003533568904
4057466.0	322.09162011173186
4087859.0	320.2849740932642
4118252.0	332.9233296823658
4148645.0	319.5393617021277
4179038.0	325.51807228915663
4209431.0	317.9888475836431
4239824.0	325.7269326683292
4259839.0	324.64599483204137
4275035.5	316.40492476060194
4300610.0	322.170814479638
4331003.0	320.748502994012
4361396.0	316.13205417607224
4391789.0	323.70394736842104
4422182.0	324.939497716895
4452575.0	325.60388127853884
4482968.0	324.2711670480549
4513361.0	329.5630841121495
4543754.0	325.36012526096033
4574147.0	313.96982310093654
4604540.0	324.0477223427332
4634933.0	326.92008412197686
4665326.0	320.2628755364807
4695719.0	317.74697469746974
4726112.0	324.490022172949
4756505.0	325.4453488372093
4786898.0	320.8131868131868
4817291.0	322.70307167235495
4847684.0	310.77142857142854
4878077.0	318.80065359477123
4908470.0	327.65757906215924
4938863.0	317.712962962963
4969256.0	326.3965517241379
4999649.0	327.4177489177489
5030042.0	315.86805555555554
5060435.0	319.9031914893617
5090828.0	330.32608695652175
5121221.0	331.29758149316507
5151614.0	317.4906695938529
5182007.0	326.17212249208023
5212400.0	324.54030501089323
5242793.0	321.981220657277
5273186.0	319.79623477297895
5303579.0	322.52017937219733
5333972.0	321.5594855305466
5352383.0	305.3122362869198
5367579.5	326.8157894736842
5394758.0	326.83584456780335
5425151.0	319.5876851130164
5455544.0	320.60531309297915
5485937.0	320.4044006069803
5516330.0	320.51666666666665
5546723.0	327.19838945827235
5577116.0	318.1402908468777
5607509.0	321.75303951367783
5637902.0	321.59968968192396
5668295.0	327.1858156028369
5698688.0	327.3381679389313
5729081.0	318.7055449330784
5759474.0	326.7516483516483
5789867.0	318.6250968241673
5820260.0	323.0049400141143
5850653.0	323.03192182410424
5881046.0	334.3102661596958
5907241.5	322.7866786678668
5922438.0	321.69209809264305
5941832.0	327.4328678839957
5972225.0	322.0410810810811
6002618.0	324.6082698585419
6033011.0	324.4978021978022
6063404.0	323.6302702702703
6093797.0	317.4497767857143
6124190.0	328.0712008501594
6154583.0	321.02796420581655
6184976.0	321.634009009009
6215369.0	319.90848806366046
6245762.0	324.3731343283582
6276155.0	316.585635359116
6306548.0	319.36911281489597
6336941.0	331.060327198364
6367334.0	312.47731755424064
6397727.0	324.98342541436466
6428120.0	327.9400428265525
6458513.0	326.29744136460556
6488906.0	325.3375870069606
6519299.0	324.45454545454544
6549692.0	316.6074582924436
6580085.0	314.6545842217484
6610478.0	321.27137970353476
6640871.0	324.7907444668008
6660029.5	306.6611570247934
6675226.0	319.1668625146886
6701657.0	324.5955801104972
6732050.0	325.92560175054706
6762443.0	319.78139534883724
6792836.0	329.79723991507433
6823229.0	326.7239527389903
6853622.0	318.53061224489795
6884015.0	327.1963260619977
6914408.0	320.281210592686
6944801.0	322.02569832402236
6975194.0	312.79959100204496
7005587.0	315.03961584633856
7035980.0	322.7876200640342
7066373.0	322.4744947064485
7096766.0	319.2109289617486
7127159.0	318.25951557093424
7157552.0	328.0899241603467
7187945.0	323.63655685441023
7218338.0	330.24602203182377
7248731.0	319.89877300613495
7279124.0	325.327868852459
7309517.0	323.156087408949
7327760.5	315.1166666666667
7342957.0	318.1945355191257
7370303.0	326.4012048192771
7400696.0	326.5551982851018
7431089.0	324.207240948814
7461482.0	318.870699881376
7491875.0	320.0275229357798
7522268.0	318.02521008403363
7552661.0	329.0642201834862
7583054.0	322.39267015706804
7613447.0	322.6330376940133
7643840.0	320.8715596330275
7674233.0	316.8545034642032
7704626.0	324.0979020979021
7735019.0	318.10456062291433
7765412.0	318.2679372197309
7795805.0	321.3318474326317
7826198.0	303.99194847020937
7856591.0	323.300505050505
7886984.0	328.8
7917377.0	321.77156862745096
7947770.0	329.8250539956803
7978163.0	330.4827235772358
8008556.0	324.5262569832402
8038949.0	324.94055944055947
8069342.0	318.4233206590621
8099735.0	332.97425997425995
8130128.0	325.08689248895433
8160521.0	319.00513347022587
8190914.0	324.44025834230354
8221307.0	320.82101167315176
8251700.0	331.1720930232558
8282093.0	327.14494382022474
8312486.0	321.31573498964804
8342879.0	318.24355971896955
8373272.0	321.610599078341
8398726.5	323.7473684210526
8413923.0	321.1492890995261
8434058.0	332.1860465116279
8464451.0	325.20533642691413
8494844.0	325.9437570303712
8525237.0	315.7953281423804
8555630.0	320.0259336099585
8586023.0	315.0439367311072
8616416.0	320.8328387734916
8646809.0	320.8880688806888
8677202.0	318.47513812154693
8707595.0	325.7350332594235
8737988.0	320.61359026369166
8768381.0	314.8896353166987
8798774.0	329.0908221797323
8829167.0	319.8550898203593
8859560.0	319.4269406392694
8889953.0	322.7641509433962
8920346.0	326.3188775510204
8950739.0	320.9535673839185
8981132.0	318.0357142857143
9011525.0	320.9088016967126
9041918.0	331.6299112801014
9072311.0	320.64731182795697
9102704.0	322.5224215246637
9133097.0	326.1338112305854
9163490.0	321.5993413830955
9193883.0	313.9326923076923
9224276.0	329.74300518134714
9254669.0	323.97582811101165
9285062.0	326.0658307210031
9315455.0	322.8630303030303
9332033.5	297.47333333333336
9347230.0	318.54232558139535
9376241.0	320.1554575523705
9406634.0	328.7834928229665
9437027.0	320.69633507853405
9467420.0	325.4639534883721
9497813.0	324.4063926940639
9528206.0	322.78371501272267
9558599.0	327.77032967032966
9588992.0	324.4259471871412
9619385.0	325.24104234527687
9649778.0	325.01666666666665
9680171.0	317.1897106109325
9710564.0	322.1395076201641
9740957.0	322.7898966704937
9771350.0	328.93915040183697
9801743.0	327.47274881516586
9832136.0	321.0720288115246
9862529.0	317.1498501498501
9892922.0	315.5547309833024
9923315.0	315.0879120879121
9953708.0	319.77913429522755
9984101.0	321.7056179775281
1.0014494E7	319.8764940239044
1.0044887E7	315.6754756871036
1.007528E7	317.3354166666667
1.01041125E7	314.3938053097345
1.0119309E7	298.1856540084388
1.0136066E7	316.91954022988506
1.0166459E7	317.9598039215686
1.0196852E7	324.35372848948373
1.0227245E7	317.02748815165876
1.0257638E7	322.14368482039396
1.0288031E7	319.70430733410944
1.0318424E7	317.6542443064182
1.0348817E7	312.5887445887446
1.037921E7	326.7841807909605
1.0409603E7	318.9733629300777
1.0439996E7	323.03674280039723
1.0470389E7	319.2974238875878
1.0500782E7	324.07464454976304
1.0531175E7	322.77
1.0561568E7	315.8534961154273
1.0591961E7	323.3916449086162
1.0622354E7	321.7083333333333
1.0652747E7	336.84022988505745
1.068314E7	328.31629392971246
1.0713533E7	328.3747663551402
1.0743926E7	316.8902821316614
1.0774319E7	331.8910411622276
1.0804712E7	317.8888888888889
1.0835105E7	321.37524752475247
1.0865498E7	325.1828631138976
1.0895891E7	311.28915662650604
1.0926284E7	319.84493041749505
1.0956677E7	323.0022701475596
1.098707E7	324.01861427094104
1.1017463E7	322.91030303030306
1.1047856E7	320.84615384615387
1.1078249E7	322.816430020284
1.1108642E7	316.1248699271592
1.1139035E7	327.0010482180293
1.1169428E7	326.52251184834125
1.1196832E7	319.35771543086173
1.12120285E7	323.30078125
1.1230214E7	318.5476694915254
1.1260607E7	323.2466539196941
1.1291E7	327.33096085409255
1.1321393E7	320.3719298245614
1.1351786E7	328.63829787234044
1.1382179E7	336.7253121452894
1.1412572E7	323.1316326530612
1.1442965E7	325.0316004077472
1.1473358E7	318.53006134969326
1.1503751E7	327.35263157894735
1.1534144E7	332.3424657534247
1.1564537E7	327.1833520809899
1.159493E7	325.4412855377009
1.1625323E7	323.5540838852097
1.1655716E7	322.1036077705828
1.1686109E7	318.8891481913652
1.1716502E7	330.1170731707317
1.1746895E7	318.04756242568374
1.1777288E7	325.96218020022246
1.1807681E7	316.97246696035245
1.1838074E7	326.38377192982455
1.1868467E7	322.4342672413793
1.189886E7	319.93046357615896
1.1929253E7	330.9681818181818
1.1959646E7	323.689880304679
1.1990039E7	313.048128342246
1.2020432E7	320.96541200406915
1.2050825E7	319.9863481228669
1.2081218E7	328.4397299903568
1.2111611E7	328.1983032873807
1.21419565E7	317.98695246971107
