# Position (bp)	A	C	G	T	N
0.0	26.468073487107212	22.453229334164444	36.32307959632289	14.754376432493856	0.0012411499116025452
1.0	22.603507922048514	19.268691453455002	13.446815120607859	44.68098550388862	0.0
2.0	33.453788195681696	19.952644326356506	12.650342644377998	33.94309572869382	1.2910488997681276E-4
3.0	21.18230007799523	23.018325676823125	9.502482655987254	46.29625123428409	6.403549103054878E-4
4.0	41.63663931501962	8.879771673207278	8.980683961062127	40.50265022170124	2.5482900973446815E-4
5.0	46.38834958843379	9.533803465246718	22.840117528751303	21.23024754841974	0.0074818691484491604
6.0	35.28828168444467	13.148981345735807	19.991911430160254	31.57044638794803	3.791517112380567E-4
7.0	41.461585957484345	15.608437606320644	19.334164997038773	23.5956854295039	1.2600965233936921E-4
8.0	17.217019671925083	34.155867010244485	22.480925146125323	26.14618817170511	0.0
9.0	30.387120723775794	19.227112998417304	12.343893831501905	38.041872446305	0.0
10.0	26.832909716408178	15.129944648222748	28.393847355241274	29.6432982801278	0.0
11.0	27.22338736573612	17.823073339087575	17.457458382725285	37.49608091245102	0.0
12.0	25.7016115559257	19.829144651045656	23.703561481245057	30.765682311783582	0.0
13.0	23.48832839056614	26.317217381781166	18.15511784859576	32.039336379056934	0.0
14.0	34.00239779849796	19.731521111187035	20.30624732111243	25.95983376920258	0.0
15.0	33.25055786612949	18.624604160025406	19.461868501123174	28.662969472721926	0.0
16.0	32.11566469177878	18.145149305486754	18.456367527295065	31.282818475439395	0.0
17.0	32.30587382896199	18.268996564007264	18.394739802989896	31.030389804040848	0.0
18.0	31.839595853847634	18.35176122587049	18.974103831586017	30.834539088695855	0.0
19.0	31.136636514475764	18.94250374128779	18.971102712217924	30.94975703201852	0.0
20.0	30.913598605523738	19.065843702452643	19.244584833101086	30.77597285892253	0.0
21.0	30.67454195681702	19.20259614143562	19.129210893468468	30.99352808491546	1.2292336342907017E-4
22.0	30.97356756272379	19.18545915204574	19.051658211020044	30.78931507421042	0.0
23.0	31.245954375159375	19.045820992134324	19.02559286793119	30.682631764775113	0.0
24.0	30.859613166729105	19.214947366874554	18.998856493622565	30.92597081732547	6.12155448305921E-4
25.0	30.87747311998865	19.33710236289788	18.963826608338	30.821597908775466	0.0
26.0	31.216481552032356	19.032617296251793	19.031152008908947	30.719749142806908	0.0
27.0	30.862693596042295	19.158097286698347	19.18846051134597	30.790748605913393	0.0
28.0	31.121313791276705	19.172852210659634	19.04680716325574	30.659026834807918	0.0
29.0	31.068147735523883	19.027753621690128	19.304572250756813	30.59952639202918	0.0
30.0	30.74056121860168	19.25670545559682	19.23945513276067	30.762913749600628	3.644434402002981E-4
31.0	30.93526489383132	19.471619991602616	18.87664337565195	30.716471738914112	0.0
32.0	31.034975986889158	19.372434742765158	18.95653881493298	30.636050455412704	0.0
33.0	30.85408821784456	19.12750783983727	19.186957416667674	30.83120436851473	2.421571357653982E-4
34.0	30.84717065560487	19.16673721383047	19.197092650598037	30.786822596055003	0.002176883911618513
35.0	30.8659769651118	18.982700274616075	19.336330389838842	30.811851139481526	0.0031412309517567334
36.0	31.011378628167385	19.19966975785864	19.19037566250605	30.596041198189944	0.00253475327797915
37.0	30.9290136782111	19.16855000349734	19.240908729115464	30.658633240151374	0.0028943490247249765
38.0	31.02369093685188	19.212567681074365	19.0957941025125	30.665175564074225	0.0027717154870205386
39.0	30.863081082057427	19.282080305374766	19.256190883310957	30.59551691542588	0.0031308138309721783
40.0	30.84049509406354	19.11438039839525	19.20547173761844	30.83219218467596	0.007460585246813007
41.0	31.082213705851725	19.16447911919298	18.983021905938063	30.762108270673078	0.008176998344157835
42.0	30.94662104753355	19.203059221951023	19.169289526467146	30.67177658642458	0.00925361762369503
43.0	30.77798820462136	19.47414371819829	19.146174067700333	30.592086696393295	0.009607313086721612
44.0	31.147794779477948	19.16903690369037	19.13819381938194	30.533453345334532	0.01152115211521152
45.0	30.768335887896647	19.174456285784874	19.387216629367643	30.656318886258365	0.013672310692466556
46.0	30.860052525402658	19.23374283649161	19.17069317469431	30.7235248356933	0.011986627718117667
47.0	31.040377805145702	19.283804311885717	19.13656860536997	30.527987962372833	0.01126131522577739
48.0	30.689369466880905	19.2088582587602	19.16264167299251	30.92380489416881	0.015325707197574708
49.0	30.80903639185782	19.469745655511794	19.03580545213673	30.670094148030337	0.015318352463322717
50.0	30.98812243579776	19.20397593387797	19.110677846488763	30.682152554334174	0.015071229501333685
51.0	30.80152329481255	19.233928582104276	19.260950923362966	30.687096832048976	0.016500367671236152
52.0	30.840636731201094	19.33690366207687	19.125839148762235	30.681083432630864	0.015537025328936754
53.0	30.895789131639813	19.19130015100254	19.315901141120477	30.588049773496184	0.008959802740982854
54.0	30.858826915108434	19.120096771920856	19.15472640796338	30.857991027341892	0.008358877665437116
55.0	30.854338777619816	19.31951790431377	19.11146284313269	30.70608611784535	0.008594357088375058
56.0	31.008406770277787	19.085611608644918	19.18201624083977	30.717403183739115	0.006562196498411948
57.0	30.747955805322064	19.367015237241077	19.103559808795044	30.777771947065613	0.0036972015762005168
58.0	30.687053482005744	19.330592622974272	19.32761186199792	30.65188050248476	0.0028615305373000505
59.0	30.985620017545866	19.139894915512834	19.185189953083878	30.687387954380746	0.0019071594766754396
60.0	30.76296070318607	19.422107079527905	19.166611054969778	30.64653364348771	0.0017875188285316605
61.0	30.719789750578997	19.190739875909	19.363009063789637	30.72467428495182	0.0017870247705460195
62.0	31.11622998735103	19.209403592688847	19.027887288379862	30.645645395274386	8.337363058811759E-4
63.0	30.66802897038895	19.298032519047243	19.19621698735582	30.83772152320799	0.0
64.0	30.813738224183684	19.25584817426482	19.059649055970322	30.87064549271813	1.1905286304277688E-4
65.0	30.847302673399568	19.407204774931134	19.08293990624412	30.662552645425173	0.0
66.0	30.79497509566004	19.260427390608356	19.189731199752444	30.75474729682284	1.1901715632308397E-4
67.0	30.901179289903514	19.406226165219575	18.889104389347718	30.803490155529197	0.0
68.0	30.983458911402916	19.255740244350772	19.288101433291335	30.472699410954977	0.0
69.0	30.714160804845058	19.276262804704682	19.29791377441831	30.710829886427575	8.32729604370165E-4
70.0	30.788510171600407	19.354113485132167	19.20661278926195	30.65076355400548	0.0
71.0	31.001696298358183	19.150685061868497	19.20552331874945	30.64185741101571	2.3791000816031328E-4
72.0	30.963610777709444	19.195490215437612	19.26293714113061	30.57796186572233	0.0
73.0	30.744198770174958	19.341437016068603	19.194904670718508	30.71945954303793	0.0
74.0	31.154993505659355	19.051731110508463	19.153309259074234	30.63996612475795	0.0
75.0	30.814913315698327	19.20173844367899	19.254667250271183	30.728680990351492	0.0
76.0	30.825736085588716	19.343217189107538	19.021367445124383	30.80967928017936	0.0
77.0	30.9269165390897	19.23111236408146	19.139042833743126	30.70292826308571	0.0
78.0	30.753702011838826	19.26640210129618	19.073331239650546	30.906564647214452	0.0
79.0	30.54974335793687	19.536676321721494	19.154716801579703	30.758744565314366	1.1895344756829415E-4
80.0	30.915774446823697	19.271710682845587	19.159172019985725	30.653342850344988	0.0
81.0	30.687230151846656	19.41086400188455	19.131036895061264	30.770749977097484	1.1897411004391334E-4
82.0	30.565643056362024	19.619977535148927	19.013616936213147	30.800643484717238	1.189875586608664E-4
83.0	30.959300941662622	19.46654193683529	18.89240385805555	30.68139621240252	3.5705104401725273E-4
84.0	30.651480106328144	19.36762610396397	19.08930635528504	30.891230308996825	3.571254260208728E-4
85.0	30.785083870783392	19.45142590451744	18.99971783127739	30.763415217823535	3.5717559823936245E-4
86.0	30.82385247248625	19.33428757195491	19.082668660882486	30.758834050600054	3.572440762978082E-4
87.0	30.482861794970447	19.43560711184589	19.15855623858773	30.92202197111095	9.528834849807696E-4
88.0	30.434383771187857	19.769215006981213	18.9496971631983	30.846346658787986	3.5739984465020085E-4
89.0	30.558614344688195	19.830249120498813	19.04322664912431	30.56790988568868	0.0
90.0	30.559326943364017	19.68700196324079	19.236183707843068	30.516176174338643	0.0013112112134782976
91.0	30.493707185910772	19.689264357811016	19.174034614948937	30.642516887158607	4.769541706661261E-4
92.0	30.763184886577772	19.791522553252392	19.255420652147986	30.18915631037855	7.155976432984281E-4
93.0	30.43380736084912	19.674945742760432	19.318560092204496	30.572328867476315	3.5793670963100304E-4
94.0	30.25390538738745	19.899898896214037	19.29399238200281	30.551606499767832	5.968346278676412E-4
95.0	30.608389311837588	19.698820719510373	19.1453052694432	30.547484699208837	0.0
96.0	30.477157602981936	19.77014240657555	19.28163528624677	30.470825766988437	2.3893720730192104E-4
97.0	30.475797776980997	19.86004541651727	19.317437552288755	30.346360702760844	3.585514521333811E-4
98.0	30.437262221031915	19.772330000741285	19.444251816744902	30.345916837441084	2.3912404081369128E-4
99.0	30.33804487969171	19.595575659429112	19.524890503790207	30.540651738663467	8.372184255031086E-4
100.0	30.410084520323533	19.861258865778662	19.405569509978378	30.32260843862972	4.786652897061833E-4
101.0	30.375401694420102	19.857114121923537	19.424409610973022	30.34199700195878	0.0010775707245585552
102.0	30.38115853315237	19.718686099734427	19.35704129267355	30.542634916033478	4.7915840617539354E-4
103.0	30.313661517882508	19.969987067110786	19.46226029507124	30.253611680112957	4.794398225113777E-4
104.0	30.4604407135362	19.938360065957127	19.300374756408335	30.30070454204767	1.1992205066706642E-4
105.0	30.171901719017193	19.854198541985422	19.501275012750128	30.47238472384724	2.4000240002400024E-4
106.0	30.138027509440985	19.888929581354578	19.509248863779636	30.463673969296533	1.200761282653202E-4
107.0	30.349220616297124	19.82309455945474	19.51090848790429	30.31605535234488	7.20983998961783E-4
108.0	30.04468344019201	19.879802026867782	19.606963690496233	30.467949612086176	6.012303578042105E-4
109.0	30.20344024333898	20.006401124287695	19.39877560449715	30.390901740335746	4.8128754042815335E-4
110.0	30.333690949657978	19.83409974003581	19.505261294715588	30.326586786979874	3.612286107508859E-4
111.0	30.098729994613414	19.88229042018994	19.463293482229684	30.55544509236129	2.4101060567170257E-4
112.0	30.230508106674066	19.874827405321643	19.477603390995533	30.417061097008762	0.0
113.0	30.440906166989905	19.808373029330582	19.5301892735723	30.22053153010721	0.0
114.0	30.409266297322702	19.790063471430607	19.598344475666064	30.20220494966017	1.2080592045654973E-4
115.0	30.148368598437347	20.17094616574377	19.439200800070623	30.241484435748255	0.0
116.0	30.40988985178782	19.804643707217384	19.585025267016796	30.19995689957844	4.8427439956027883E-4
117.0	30.283300710827238	19.78026772674662	19.67773407910604	30.25857628515504	1.2119816505978099E-4
118.0	30.25667780898706	19.797860917148455	19.685143505402305	30.259832440532165	4.853279300157125E-4
119.0	30.443607406048784	19.61864411926542	19.69589674385046	30.241730264444477	1.2146639085698182E-4
120.0	30.216109924080005	19.781275499718475	19.944230481580615	30.058262486425484	1.2160819541950571E-4
121.0	30.135445127920395	19.92336464984439	19.924095206089916	30.016607978648274	4.870374970168953E-4
122.0	30.260307257904252	19.76620992096052	19.97883502413368	29.99416012474656	4.8767225498431527E-4
123.0	30.160532259049017	19.700543246047733	20.1138985533785	30.02404931941647	9.766221082829762E-4
124.0	30.22614511864643	19.697397515960706	20.16347574816374	29.911270341265094	0.0017112759640289794
125.0	30.272103014798585	19.71394298444251	20.111142392009498	29.901587573595112	0.0012240351542896313
126.0	30.1456817602416	19.632474065067754	20.304625144627693	29.914032318161315	0.003186711901633558
127.0	30.053570442370354	19.82315004019317	20.282272663119848	29.838184127685423	0.002822726631198493
128.0	30.151479400472898	19.56930495951865	20.314289646900363	29.962713897368587	0.0022120957395036058
129.0	29.93626261917684	19.831321772241317	20.331227624536492	29.899588088407768	0.0015998956375768718
130.0	30.12751546342203	19.751155674358017	20.415660727775993	29.705421656308424	2.4647813554079154E-4
131.0	29.955483370132267	19.539678053560653	20.61748157070764	29.887233588272395	1.2341732705221416E-4
132.0	29.86326461751048	19.744005853554835	20.62982569112363	29.762533046753042	3.7079105800284524E-4
133.0	29.804847371431258	19.822773088645643	20.7485224900901	29.623857049832996	0.0
134.0	29.79719575643652	19.672978777222834	20.812233723335137	29.71659979268238	9.919503231278178E-4
135.0	29.838228938465893	19.785348454816866	20.875868715319694	29.5000571278123	4.967635852421474E-4
136.0	29.769291628517973	19.739087814975516	20.957440985629553	29.53380637713467	3.7319374228732933E-4
137.0	30.028633944057898	19.55705855379892	20.938789648916444	29.47514404194661	3.738112801291892E-4
138.0	29.699224659134593	19.492858177025347	21.142392123774954	29.66515059985322	3.7444021188323456E-4
139.0	29.722308705095067	19.756480901455788	21.025465975970683	29.49574441747846	0.0
140.0	29.75139312059012	19.651268842206544	21.28317431045542	29.314038446119305	1.2528062860808208E-4
141.0	29.779602392924176	19.59222362416276	21.194955525005806	29.433218457907255	0.0
142.0	29.694727570152256	19.689442556939728	21.347175034604255	29.268654838303764	0.0
143.0	29.670816428260444	19.611945760744053	21.44381416303326	29.271783093454818	0.0016405545074235093
144.0	29.37575616448064	19.591810390649126	21.49861042912176	29.533696461023677	1.2655472479409548E-4
145.0	29.548370215500924	19.587644579705874	21.584895882288684	29.279089322504515	0.0
146.0	29.779766616449198	19.382835839950975	21.63866404514465	29.198733498455177	0.0
147.0	29.605123555624147	19.452021322427772	21.841084897471017	29.101641621173247	1.2860330381887512E-4
148.0	29.464631442713713	19.59850311544676	21.64470912214888	29.292025060084086	1.312596065624553E-4
149.0	28.627475830603455	19.652770698618852	23.178651032210247	28.54110243856744	0.0
