#Position (bp)	insert size
15197.0	280.1826319816373
45590.0	281.8879934713863
75983.0	281.07347318383796
106376.0	280.4796677291606
136769.0	279.9615030203747
167162.0	278.6025030353974
197555.0	286.1148595172141
221485.0	278.04758025093696
236681.5	282.08270255116344
258341.0	276.43691756272403
288734.0	277.7039498670718
319127.0	277.8635199414563
349520.0	281.19708947179305
379913.0	279.9039015952335
410306.0	281.16088389222716
440699.0	277.2322592661576
471092.0	275.86330119115144
501485.0	277.3260128739114
531878.0	280.37561708521145
562271.0	279.6379054483782
592664.0	282.6055705300988
623057.0	279.98172721340006
653450.0	281.67151639344263
683843.0	279.43602209944754
714236.0	281.68125268125266
744629.0	280.95185185185187
775022.0	278.8167517006803
805415.0	278.0691862866584
835808.0	278.04760901622075
866201.0	280.1537152580828
896594.0	280.94523286028385
926987.0	279.42878147399375
957380.0	279.6468744237507
987773.0	279.0657692307692
1018166.0	275.6716583471991
1038382.5	269.6607843137255
1053579.0	273.9501018329939
1078952.0	280.0060994205551
1109345.0	281.59101993975037
1139738.0	280.4855147823503
1170131.0	275.02374924653407
1200524.0	277.21365931437686
1230917.0	277.6650779337885
1261310.0	279.85795454545456
1291703.0	279.8681349710575
1322096.0	281.149523678034
1348657.5	275.8352264951416
1363854.0	271.7237163814181
1382882.0	282.403743315508
1413275.0	281.39450156459543
1443668.0	280.3364215402432
1474061.0	280.7052610197034
1504454.0	277.4992625368732
1534847.0	279.4727005459891
1565240.0	275.48461377433534
1595633.0	278.7237846086767
1626026.0	279.36900610287705
1656419.0	280.19497851164897
1686812.0	276.6139284879645
1717205.0	280.9186400937866
1747598.0	277.6283460803059
1777991.0	277.4162087912088
1808384.0	275.64049498613184
1838777.0	279.7661680598328
1869170.0	274.9481397970688
1899563.0	281.3646840148699
1929956.0	280.6984971098266
1960349.0	276.6277027027027
1990742.0	279.0393559928444
2021135.0	279.2690779014308
2051528.0	277.674936921783
2081921.0	282.9106943514177
2112314.0	289.6766050054407
2142707.0	278.74942102825383
2173100.0	279.71180013383895
2203493.0	280.05176738882557
2233886.0	284.03464246017046
2264279.0	283.0731021555764
2294672.0	281.19348964261326
2325065.0	276.71978513876456
2355458.0	276.40902153637444
2385851.0	279.2780498664292
2416244.0	279.7152744630072
2446637.0	276.07397260273973
2477030.0	279.3933347950011
2507423.0	277.99164677804293
2537816.0	279.88669527896997
2568209.0	277.79616069661586
2598602.0	277.98936907788305
2628995.0	281.77150045745657
2659388.0	284.09571096556095
2689781.0	277.21588247817755
2720174.0	274.28824013157896
2750567.0	281.28367177786987
2780960.0	283.0580004055972
2811353.0	275.9747915839619
2841746.0	278.4103214890017
2872139.0	273.3612914246669
2889645.5	294.9270166453265
2904842.0	280.1700486332383
2932925.0	278.630615640599
2963318.0	280.4302864002744
2993711.0	280.05280051356124
3024104.0	280.7455214331414
3054497.0	281.2824735860783
3084890.0	277.7666096156838
3115283.0	280.0035965342488
3145676.0	277.40622543625216
3176069.0	277.9169841269841
3206462.0	278.0747265236539
3236855.0	279.12169233069216
3267248.0	281.1468531468532
3297641.0	286.82416
3322340.5	274.8333614153328
3337537.0	236.47539015606242
3358427.0	274.66920152091257
3388820.0	207.11012667716062
3410819.5	206.53550295857988
3426016.0	275.6570111915734
3449606.0	278.83571816699873
3479999.0	279.24577167019027
3510392.0	280.83816634832436
3540785.0	273.1633601983881
3571178.0	278.9192944949225
3601571.0	277.34341372912803
3631964.0	276.8734869191722
3662357.0	279.534373299474
3692750.0	277.39751069622713
3723143.0	278.4540965618142
3753536.0	282.0343678400333
3783929.0	280.0040854224698
3814322.0	281.1599232647367
3844715.0	275.2025038064625
3875108.0	278.13559562686356
3905501.0	278.1702711426727
3935894.0	280.3241827704533
3966287.0	279.5527478353066
3987990.0	274.90924560408394
4003186.5	278.57274146003124
4027073.0	281.0137997821087
4057466.0	278.21332034579325
4087859.0	275.12301544443244
4118252.0	280.47677624602335
4148645.0	278.67606885063856
4179038.0	279.53179317931796
4209431.0	279.8681963713981
4239824.0	281.43305747647656
4259839.0	276.6727879799666
4275035.5	277.88375623509
4300610.0	284.4319229997995
4331003.0	279.96279876638397
4361396.0	279.7130567769069
4391789.0	281.99127853033957
4422182.0	276.04899193548385
4452575.0	281.5307612095933
4482968.0	285.6732326548479
4513361.0	283.0156794425087
4543754.0	278.69458611220085
4574147.0	277.37739547038325
4604540.0	278.9687292082502
4634933.0	277.1081487852075
4665326.0	277.1358996171842
4695719.0	277.87846291331545
4726112.0	279.4764342077202
4756505.0	277.0105736782902
4786898.0	291.77833200319236
4817291.0	274.87400910777535
4847684.0	274.7944526083762
4878077.0	280.6532082060236
4908470.0	281.3485876943289
4938863.0	282.3367178276269
4969256.0	277.13309352517985
4999649.0	281.67763157894734
5030042.0	276.0422504378284
5060435.0	279.9490909090909
5090828.0	278.81354393609297
5121221.0	280.80975203167327
5151614.0	277.3773546688272
5182007.0	276.85296442687746
5212400.0	280.79570097013504
5242793.0	281.5708598726115
5273186.0	278.48922495274104
5303579.0	284.08977556109727
5333972.0	277.13670929830624
5352383.0	279.4858490566038
5367579.5	274.82059548644037
5394758.0	280.93854853911404
5425151.0	281.2883064516129
5455544.0	279.2679801377543
5485937.0	276.0658059888829
5516330.0	282.246645480226
5546723.0	280.4053591790194
5577116.0	279.4493494423792
5607509.0	279.40259488768396
5637902.0	274.1861584754263
5668295.0	278.125
5698688.0	279.55992544268406
5729081.0	276.0022659926791
5759474.0	280.0158757549612
5789867.0	278.75521557719054
5820260.0	274.4145836924668
5850653.0	276.6371504660453
5881046.0	280.134910010412
5907241.5	272.34047005795236
5922438.0	279.14439569206223
5941832.0	283.77093180283595
5972225.0	280.42368072630984
6002618.0	278.31053203040176
6033011.0	280.5497656982193
6063404.0	276.7466714645556
6093797.0	279.8037856071964
6124190.0	280.44253308128543
6154583.0	279.673835125448
6184976.0	281.9712274891327
6215369.0	282.05175558595533
6245762.0	277.90130954640347
6276155.0	281.24560327198367
6306548.0	279.1584485248607
6336941.0	278.3799492880827
6367334.0	277.7170667170667
6397727.0	282.7303102625298
6428120.0	281.9826510721248
6458513.0	278.7928814842863
6488906.0	280.24060751398883
6519299.0	277.05405405405406
6549692.0	277.7554310930075
6580085.0	278.65680577566474
6610478.0	283.3011426465168
6640871.0	281.25803212851406
6660029.5	264.9021500658183
6675226.0	272.7212518195051
6701657.0	280.2726933134105
6732050.0	280.75991766467064
6762443.0	280.29605983217806
6792836.0	280.30278816729003
6823229.0	279.35879752431475
6853622.0	276.5499108734403
6884015.0	276.51712196998847
6914408.0	279.7910447761194
6944801.0	278.59627068929393
6975194.0	278.3005689621346
7005587.0	277.1162376237624
7035980.0	276.7947832757959
7066373.0	278.4006303299963
7096766.0	281.2407371103705
7127159.0	282.3087091757387
7157552.0	278.7840607881251
7187945.0	278.7042483660131
7218338.0	282.8546255506608
7248731.0	278.016580495632
7279124.0	280.9740336967294
7309517.0	282.40860215053766
7327760.5	268.52197802197804
7342957.0	274.63338301043217
7370303.0	278.8666376116801
7400696.0	286.7559087204564
7431089.0	279.98527796088774
7461482.0	280.75015641293015
7491875.0	275.03469048608224
7522268.0	277.26052060737527
7552661.0	277.40922746781115
7583054.0	278.9147564469914
7613447.0	278.3566229985444
7643840.0	281.7935768570728
7674233.0	282.4305421103582
7704626.0	279.74981254686327
7735019.0	276.81180538404544
7765412.0	275.52817791256
7795805.0	278.8836457296916
7826198.0	267.2069986072423
7856591.0	281.73854166666666
7886984.0	276.3184972481455
7917377.0	279.55328892589506
7947770.0	280.9846299361551
7978163.0	282.195584897875
8008556.0	279.5570196454241
8038949.0	280.0513494148555
8069342.0	276.4776750330251
8099735.0	280.26559454191033
8130128.0	279.14140159045724
8160521.0	274.8275167785235
8190914.0	281.3210884353741
8221307.0	281.71435007884656
8251700.0	279.3421461897356
8282093.0	281.5954381752701
8312486.0	277.93738008023723
8342879.0	276.61592208342154
8373272.0	281.2288329519451
8398726.5	278.9386006663494
8413923.0	272.02408299370137
8434058.0	283.5884016973126
8464451.0	280.9439851178173
8494844.0	277.5636642980603
8525237.0	282.9091076696165
8555630.0	282.33620847861994
8586023.0	275.69943446440453
8616416.0	277.87420901246406
8646809.0	278.9211132035991
8677202.0	279.53719008264466
8707595.0	281.62384513858336
8737988.0	277.7251077807432
8768381.0	276.27614571092835
8798774.0	281.74786243587306
8829167.0	283.0
8859560.0	280.6454486204649
8889953.0	279.15541242468316
8920346.0	276.52537128712873
8950739.0	277.06313077088254
8981132.0	278.73247737318457
9011525.0	282.059207753898
9041918.0	282.2185061315496
9072311.0	277.5361855257897
9102704.0	280.4482395108581
9133097.0	279.89322381930185
9163490.0	281.0891542288557
9193883.0	281.7425687044307
9224276.0	279.4535752401281
9254669.0	278.9989274222381
9285062.0	280.9479969183359
9315455.0	280.9989484752892
9332033.5	266.14217443249703
9347230.0	276.1749744189446
9376241.0	277.88224157516095
9406634.0	282.40763863385973
9437027.0	277.74384159650765
9467420.0	281.1219699884571
9497813.0	278.20512315270935
9528206.0	283.202657807309
9558599.0	282.5848232848233
9588992.0	282.36467413864676
9619385.0	277.727139261745
9649778.0	277.84125636672326
9680171.0	275.5960809102402
9710564.0	281.33090668431504
9740957.0	279.36135535063266
9771350.0	277.864674493063
9801743.0	281.05175363558595
9832136.0	279.9800685812259
9862529.0	276.40658114891244
9892922.0	276.3128083318107
9923315.0	278.2142992603831
9953708.0	278.52637283236993
9984101.0	281.2875816993464
1.0014494E7	279.0300900900901
1.0044887E7	277.7813318368874
1.007528E7	276.5200954303542
1.01041125E7	277.68325181312196
1.0119309E7	265.99256718124644
1.0136066E7	279.64269899841855
1.0166459E7	279.0085535554704
1.0196852E7	278.33061908753444
1.0227245E7	275.3941025040955
1.0257638E7	280.7753926701571
1.0288031E7	277.919174661585
1.0318424E7	280.3140484429066
1.0348817E7	273.7389007851535
1.037921E7	282.9878941862203
1.0409603E7	277.8756204793646
1.0439996E7	276.39084456033606
1.0470389E7	277.2645142180095
1.0500782E7	282.22262663026993
1.0531175E7	280.7567800258287
1.0561568E7	279.9847305828806
1.0591961E7	281.14577777777777
1.0622354E7	277.7361907636583
1.0652747E7	277.2351083032491
1.068314E7	280.33419988445985
1.0713533E7	277.6202461623565
1.0743926E7	278.2777545619167
1.0774319E7	282.2144048521607
1.0804712E7	279.0282749285607
1.0835105E7	277.69716864997946
1.0865498E7	277.113264863301
1.0895891E7	277.9633082706767
1.0926284E7	280.03291425342564
1.0956677E7	282.8621431645388
1.098707E7	276.0980870980871
1.1017463E7	278.7451984635083
1.1047856E7	278.7446047927976
1.1078249E7	282.54175475687106
1.1108642E7	279.0591209646052
1.1139035E7	279.92348842995773
1.1169428E7	277.7538255033557
1.1196832E7	278.02012893040387
1.12120285E7	282.4795667159035
1.1230214E7	276.47924590706134
1.1260607E7	281.5034217993657
1.1291E7	278.3481989708405
1.1321393E7	281.7459418648547
1.1351786E7	281.30520474550326
1.1382179E7	272.4966112138016
1.1412572E7	275.2358180058083
1.1442965E7	284.707914825231
1.1473358E7	281.2622843415593
1.1503751E7	279.3300110741971
1.1534144E7	281.5453748355984
1.1564537E7	279.000622923588
1.159493E7	281.2265144863916
1.1625323E7	279.92723718505647
1.1655716E7	274.608501552795
1.1686109E7	277.5053097345133
1.1716502E7	280.05627610463836
1.1746895E7	279.6316935132782
1.1777288E7	280.0221151740749
1.1807681E7	278.1231759656652
1.1838074E7	280.04462432544625
1.1868467E7	281.15976331360946
1.189886E7	279.58481764206954
1.1929253E7	278.60899014778323
1.1959646E7	281.15143331948485
1.1990039E7	278.5492742551566
1.2020432E7	276.7324829634807
1.2050825E7	278.041437264561
1.2081218E7	278.97912243453646
1.2111611E7	281.2089523809524
1.21419565E7	279.1987749744786
