#Insert size (bp)	insert size
129.0	2.0
135.0	1.0
139.0	1.0
140.0	3.0
141.0	1.0
144.0	1.0
145.0	2.0
146.0	1.0
147.0	5.0
148.0	13.0
149.0	42.0
150.0	7993.0
151.0	15793.0
152.0	15817.0
153.0	16182.0
154.0	15937.0
155.0	16029.0
156.0	16236.0
157.0	15760.0
158.0	15926.0
159.0	15877.0
160.0	15766.0
161.0	15649.0
162.0	15771.0
163.0	15863.0
164.0	15737.0
165.0	15768.0
166.0	16145.0
167.0	16040.0
168.0	16029.0
169.0	15553.0
170.0	15666.0
171.0	15720.0
172.0	15314.0
173.0	15580.0
174.0	15966.0
175.0	15680.0
176.0	15498.0
177.0	16120.0
178.0	15902.0
179.0	15566.0
180.0	15938.0
181.0	15411.0
182.0	15496.0
183.0	15715.0
184.0	15592.0
185.0	15463.0
186.0	15693.0
187.0	15632.0
188.0	16077.0
189.0	15588.0
190.0	15710.0
191.0	15064.0
192.0	15198.0
193.0	15155.0
194.0	15224.0
195.0	15421.0
196.0	15374.0
197.0	15434.0
198.0	15444.0
199.0	15304.0
200.0	15495.0
201.0	15312.0
202.0	15077.0
203.0	14991.0
204.0	14844.0
205.0	14938.0
206.0	15227.0
207.0	15100.0
208.0	15079.0
209.0	15048.0
210.0	15176.0
211.0	14907.0
212.0	15025.0
213.0	14527.0
214.0	14617.0
215.0	14491.0
216.0	14667.0
217.0	14577.0
218.0	14580.0
219.0	14610.0
220.0	14717.0
221.0	14139.0
222.0	14329.0
223.0	13992.0
224.0	13841.0
225.0	13807.0
226.0	13891.0
227.0	14013.0
228.0	13913.0
229.0	14116.0
230.0	13830.0
231.0	13761.0
232.0	13370.0
233.0	13361.0
234.0	13064.0
235.0	13007.0
236.0	13256.0
237.0	12906.0
238.0	12919.0
239.0	13023.0
240.0	12991.0
241.0	13074.0
242.0	12713.0
243.0	12459.0
244.0	12352.0
245.0	12488.0
246.0	11724.0
247.0	11978.0
248.0	11883.0
249.0	11965.0
250.0	12156.0
251.0	11932.0
252.0	11675.0
253.0	11530.0
254.0	11479.0
255.0	11061.0
256.0	10896.0
257.0	10716.0
258.0	10485.0
259.0	10598.0
260.0	10476.0
261.0	10188.0
262.0	10179.0
263.0	9520.0
264.0	8964.0
265.0	8010.0
266.0	7543.0
267.0	7326.0
268.0	7338.0
269.0	7100.0
270.0	7173.0
271.0	6093.0
272.0	6268.0
273.0	6031.0
274.0	6195.0
275.0	6116.0
276.0	6042.0
277.0	6149.0
278.0	6128.0
279.0	5878.0
280.0	5975.0
281.0	6116.0
282.0	5988.0
283.0	5927.0
284.0	5954.0
285.0	5870.0
286.0	5885.0
287.0	5905.0
288.0	5752.0
289.0	5782.0
290.0	5938.0
291.0	5734.0
292.0	5813.0
293.0	5668.0
294.0	5680.0
295.0	5629.0
296.0	5762.0
297.0	5660.0
298.0	5594.0
299.0	5567.0
300.0	5446.0
301.0	5421.0
302.0	5401.0
303.0	5460.0
304.0	5561.0
305.0	5490.0
306.0	5434.0
307.0	5405.0
308.0	5420.0
309.0	5266.0
310.0	5453.0
311.0	5325.0
312.0	5327.0
313.0	5321.0
314.0	5225.0
315.0	5326.0
316.0	5211.0
317.0	5235.0
318.0	5114.0
319.0	5113.0
320.0	5058.0
321.0	5074.0
322.0	4998.0
323.0	5039.0
324.0	4916.0
325.0	4981.0
326.0	4910.0
327.0	4964.0
328.0	5086.0
329.0	4968.0
330.0	5101.0
331.0	4895.0
332.0	4860.0
333.0	4828.0
334.0	4750.0
335.0	4815.0
336.0	4781.0
337.0	4814.0
338.0	4728.0
339.0	4812.0
340.0	4702.0
341.0	4540.0
342.0	4630.0
343.0	4617.0
344.0	4516.0
345.0	4617.0
346.0	4408.0
347.0	4616.0
348.0	4485.0
349.0	4649.0
350.0	4430.0
351.0	4444.0
352.0	4305.0
353.0	4262.0
354.0	4381.0
355.0	4380.0
356.0	4377.0
357.0	4312.0
358.0	4208.0
359.0	4235.0
360.0	4250.0
361.0	4137.0
362.0	4074.0
363.0	4068.0
364.0	4182.0
365.0	4189.0
366.0	4080.0
367.0	4136.0
368.0	4212.0
369.0	4002.0
370.0	3865.0
371.0	4094.0
372.0	3952.0
373.0	3953.0
374.0	3802.0
375.0	3901.0
376.0	3867.0
377.0	3753.0
378.0	3816.0
379.0	3712.0
380.0	3719.0
381.0	3845.0
382.0	3674.0
383.0	3719.0
384.0	3720.0
385.0	3659.0
386.0	3691.0
387.0	3614.0
388.0	3567.0
389.0	3560.0
390.0	3545.0
391.0	3641.0
392.0	3475.0
393.0	3508.0
394.0	3532.0
395.0	3460.0
396.0	3547.0
397.0	3373.0
398.0	3352.0
399.0	3301.0
400.0	3299.0
401.0	3372.0
402.0	3319.0
403.0	3376.0
404.0	3296.0
405.0	3376.0
406.0	3176.0
407.0	3183.0
408.0	3056.0
409.0	3166.0
410.0	3170.0
411.0	3172.0
412.0	3041.0
413.0	3011.0
414.0	3073.0
415.0	3049.0
416.0	3075.0
417.0	3038.0
418.0	2928.0
419.0	3005.0
420.0	2926.0
421.0	2923.0
422.0	2871.0
423.0	2960.0
424.0	2796.0
425.0	2814.0
426.0	2929.0
427.0	2818.0
428.0	2874.0
429.0	2741.0
430.0	2769.0
431.0	2695.0
432.0	2581.0
433.0	2773.0
434.0	2672.0
435.0	2596.0
436.0	2666.0
437.0	2615.0
438.0	2539.0
439.0	2609.0
440.0	2515.0
441.0	2479.0
442.0	2471.0
443.0	2486.0
444.0	2475.0
445.0	2421.0
446.0	2413.0
447.0	2468.0
448.0	2482.0
449.0	2357.0
450.0	2348.0
451.0	2338.0
452.0	2264.0
453.0	2245.0
454.0	2370.0
455.0	2337.0
456.0	2260.0
457.0	2188.0
458.0	2248.0
459.0	2228.0
460.0	2043.0
461.0	2202.0
462.0	2235.0
463.0	2116.0
464.0	2053.0
465.0	2090.0
466.0	2061.0
467.0	1976.0
468.0	1991.0
469.0	2052.0
470.0	1950.0
471.0	2057.0
472.0	1947.0
473.0	2006.0
474.0	1868.0
475.0	1967.0
476.0	2032.0
477.0	1840.0
478.0	1871.0
479.0	1897.0
480.0	1799.0
481.0	1814.0
482.0	1849.0
483.0	1722.0
484.0	1827.0
485.0	1727.0
486.0	1767.0
487.0	1750.0
488.0	1656.0
489.0	1704.0
490.0	1673.0
491.0	1652.0
492.0	1673.0
493.0	1648.0
494.0	1594.0
495.0	1641.0
496.0	1591.0
497.0	1490.0
498.0	1571.0
499.0	1511.0
500.0	1454.0
501.0	1476.0
502.0	1453.0
503.0	1510.0
504.0	1527.0
505.0	1427.0
506.0	1424.0
507.0	1382.0
508.0	1415.0
509.0	1400.0
510.0	1417.0
511.0	1324.0
512.0	1395.0
513.0	1386.0
514.0	1326.0
515.0	1294.0
516.0	1289.0
517.0	1318.0
518.0	1281.0
519.0	1238.0
520.0	1248.0
521.0	1169.0
522.0	1207.0
523.0	1210.0
524.0	1245.0
525.0	1170.0
526.0	1192.0
527.0	1164.0
528.0	1179.0
529.0	1109.0
530.0	1138.0
531.0	1078.0
532.0	1086.0
533.0	1100.0
534.0	1050.0
535.0	1007.0
536.0	1017.0
537.0	1096.0
538.0	1064.0
539.0	1010.0
540.0	971.0
541.0	978.0
542.0	961.0
543.0	950.0
544.0	965.0
545.0	915.0
546.0	905.0
547.0	872.0
548.0	918.0
549.0	859.0
550.0	865.0
551.0	882.0
552.0	869.0
553.0	786.0
554.0	857.0
555.0	841.0
556.0	809.0
557.0	808.0
558.0	820.0
559.0	755.0
560.0	751.0
561.0	834.0
562.0	767.0
563.0	726.0
564.0	732.0
565.0	662.0
566.0	705.0
567.0	725.0
568.0	673.0
569.0	695.0
570.0	684.0
571.0	670.0
572.0	641.0
573.0	609.0
574.0	589.0
575.0	613.0
576.0	625.0
577.0	592.0
578.0	595.0
579.0	603.0
580.0	585.0
581.0	604.0
582.0	534.0
583.0	581.0
584.0	579.0
585.0	542.0
586.0	489.0
587.0	544.0
588.0	522.0
589.0	517.0
590.0	516.0
591.0	498.0
592.0	522.0
593.0	471.0
594.0	501.0
595.0	482.0
596.0	440.0
597.0	471.0
598.0	412.0
599.0	457.0
600.0	445.0
601.0	426.0
602.0	407.0
603.0	399.0
604.0	412.0
605.0	397.0
606.0	406.0
607.0	387.0
608.0	382.0
609.0	374.0
610.0	338.0
611.0	329.0
612.0	342.0
613.0	346.0
614.0	372.0
615.0	340.0
616.0	311.0
617.0	355.0
618.0	334.0
619.0	327.0
620.0	304.0
621.0	275.0
622.0	283.0
623.0	297.0
624.0	293.0
625.0	305.0
626.0	256.0
627.0	268.0
628.0	295.0
629.0	264.0
630.0	240.0
631.0	270.0
632.0	251.0
633.0	229.0
634.0	241.0
635.0	255.0
636.0	232.0
637.0	213.0
638.0	225.0
639.0	249.0
640.0	220.0
641.0	228.0
642.0	225.0
643.0	211.0
644.0	216.0
645.0	202.0
646.0	199.0
647.0	192.0
648.0	231.0
649.0	190.0
650.0	179.0
651.0	179.0
652.0	158.0
