# Position (bp)	A	C	G	T	N
0.0	26.979735348112587	22.169499135709465	34.13603239522518	16.71339849334843	0.001334627604341067
1.0	23.62868745178756	19.749254192425667	12.381616757272537	44.24028165203689	1.599464773387831E-4
2.0	32.73768231316983	20.104030140857592	13.219537317540903	33.9385032752724	2.4695315927176657E-4
3.0	21.494425405040303	22.636165897664835	10.270117462133566	45.59886797227672	4.2326288456774613E-4
4.0	40.7629325726394	9.63534567022854	9.847550906870405	39.75394920284507	2.2164741658853597E-4
5.0	45.1634841320332	10.260155772283404	22.67380556788412	21.89401767019229	0.00853685760697984
6.0	35.16478999220284	13.740651158373767	20.624243118353483	30.470161854242157	1.5387682775445567E-4
7.0	40.22171958789634	15.227723735579088	19.970934666108032	24.57960009746879	2.191294774726132E-5
8.0	19.046688755180682	31.863402601409835	22.764521318650196	26.3253436197454	4.370501388289766E-5
9.0	30.069459989829596	19.53535240367922	13.171917561735736	37.22327004475545	0.0
10.0	28.059543778897027	15.024487395378214	27.649699248038562	29.266269577686195	0.0
11.0	27.65620380146117	18.29906294313991	18.031722879159645	36.01301037623927	0.0
12.0	25.485227172375343	20.391164354741797	23.25339429588598	30.87021417699688	0.0
13.0	24.067663874120072	26.079904312317133	18.36085167739618	31.491580136166615	0.0
14.0	33.04122172613756	20.34347307402582	20.035649125529538	26.57963452102684	2.1553280247604083E-5
15.0	32.99599308528131	18.699272328456452	19.271519717423143	29.033214868839092	0.0
16.0	32.03803076289049	18.3192025516972	18.386493691589788	31.25627299382252	0.0
17.0	32.10218065279275	18.22066837878868	18.4600712767719	31.21707969164667	0.0
18.0	31.73849707908137	18.255773533565446	19.025927188038068	30.979802199315127	0.0
19.0	31.194229910819065	18.870699168617598	18.97683036845919	30.958240552104144	0.0
20.0	30.9648395199494	18.881266164865927	19.176596734710394	30.97729758047428	0.0
21.0	30.67738610665861	19.018390302765443	19.21747209485867	31.08668772832711	6.37673901643902E-5
22.0	30.877956600634054	19.165334140663404	19.03727586353944	30.919412179411427	2.121575167726429E-5
23.0	31.101227534309466	19.052468367189633	19.08344895466458	30.762855143836326	0.0
24.0	30.731230893572125	19.18500940103885	19.078972953414134	31.004300637106375	4.8611486852072284E-4
25.0	30.890447760627282	19.25086117549374	19.058764560980336	30.799926502898643	0.0
26.0	31.08943319521769	19.03955405430162	19.18310251238229	30.68776283613176	1.4740196663703885E-4
27.0	30.870663878080702	19.08094360469503	19.231028714574943	30.81736380264932	0.0
28.0	31.08926606201301	19.043443345502208	19.263129231607078	30.604098425654414	6.29352232920744E-5
29.0	31.14316454084624	19.00992719609479	19.39744130959919	30.449466953459776	0.0
30.0	30.829919628549895	19.22787380981997	19.33842244505233	30.603554155347172	2.299612306270729E-4
31.0	30.868294250925445	19.401495947041763	19.051878074158648	30.67833172787415	0.0
32.0	30.963019494552935	19.29004581976448	19.163898710519373	30.582952613452164	8.336171104913631E-5
33.0	30.707292195099416	19.20452412649676	19.305483826264418	30.782158847977414	5.410041619866338E-4
34.0	30.777384777250145	19.277777039054982	19.265872059490825	30.677324774491016	0.0016413497130338957
35.0	30.98694060198049	19.020507802774542	19.320373524012496	30.668277513867725	0.003900557364750248
36.0	31.03797769484682	19.11517103939925	19.24118381971863	30.602600534098567	0.0030669119367320932
37.0	30.89911910732897	19.320539982756816	19.21743279454428	30.560631104588282	0.002277010781646051
38.0	31.032834830757345	19.242582689879065	19.199941932470026	30.522117669879062	0.0025228770145017867
39.0	30.927764979124454	19.21696620060562	19.204053919207958	30.6479300166744	0.003284884387564296
40.0	30.840904282492815	19.174277177755187	19.251887362027773	30.72393169890964	0.008999478814587
41.0	31.00398531924214	19.134399549908885	19.232506378903132	30.61968373179651	0.009425020149331918
42.0	30.79372969020825	19.1803978323583	19.394219278674093	30.621761690063177	0.009891508696181692
43.0	30.832763661821026	19.289379401227198	19.143063048223034	30.72353086521435	0.011263023514392784
44.0	31.09435364530779	19.184490878294405	19.17348277468408	30.534051459489355	0.01362124222436943
45.0	30.862505842246897	19.2489312260874	19.288636914610972	30.58372297067639	0.016203046378341544
46.0	30.871724734251316	19.320297339348723	19.106987425379543	30.68644244022761	0.014548060792811778
47.0	31.121246973974692	19.24754360361548	19.160661845560746	30.457877748269603	0.012669828579478121
48.0	30.767773663449198	19.152711458372025	19.231169421793744	30.82999823710723	0.018347219277796808
49.0	30.891435526517935	19.304026922314062	19.054876141479575	30.73366259442121	0.01599881526721816
50.0	30.967958179581796	19.09350143501435	19.230545305453052	30.69143091430914	0.016564165641656414
51.0	30.87328423643796	19.237942913436243	19.203397647766554	30.666955158565024	0.01842004379421758
52.0	30.982101478406125	19.290751703502067	19.127389986829897	30.583946972258406	0.015809859003499672
53.0	31.060671191275674	19.1344249382431	19.28270700331854	30.514152299027035	0.00804456813564984
54.0	30.780421976011123	19.190239467274004	19.21618178939008	30.80448204762667	0.008674719698119756
55.0	30.88573438092139	19.286396932579702	19.15642669586617	30.66230010301496	0.009141887617773384
56.0	31.029849354956617	19.112778130752016	19.179522969628135	30.671144396990535	0.006705147672700482
57.0	30.790641522018596	19.263806489173028	19.168581219083716	30.774518616846823	0.0024521528778364003
58.0	30.801335064774825	19.333374597040493	19.175448993053195	30.687492173684255	0.0023491714472305618
59.0	31.029859328875727	19.10928435954696	19.15398432050342	30.70532005090364	0.001551940170256005
60.0	30.84300014187626	19.230499924979103	19.26550967769593	30.659561285950065	0.0014289694986460513
61.0	30.769255886396067	19.148684764756396	19.308538253819503	30.772255817826206	0.0012652772018272235
62.0	31.083715039508935	19.173013475390867	19.107076844736373	30.63574581428883	4.488260749996531E-4
63.0	30.70281072891464	19.2419341613645	19.166384170073965	30.888870939646896	0.0
64.0	30.830791882447826	19.260741135001258	19.104308077888206	30.80415890466271	0.0
65.0	30.977008986732553	19.18766690330628	19.190317375722408	30.644986345989405	2.0388249354813848E-5
66.0	30.752652621271277	19.214794751301596	19.184667773632658	30.847803319348817	8.153444565341908E-5
67.0	30.94526010605311	19.3970310918326	18.92916892459363	30.728539877520667	0.0
68.0	31.029421533678903	19.23537756745092	19.24542342792472	30.489777470945455	0.0
69.0	30.85873104454932	19.273858037689735	19.222248641560416	30.6446325311159	5.29745084627796E-4
70.0	30.927639325160623	19.289654554269486	19.121678053868184	30.66100769603709	2.0370664613303675E-5
71.0	31.055042816103718	19.24570570948603	19.144773815802044	30.554273961547292	2.0369706091621714E-4
72.0	30.864176155812718	19.192989910540657	19.20144311472261	30.741390818924014	0.0
73.0	30.844191886735228	19.379103465849408	19.011707500096247	30.76499714731912	0.0
74.0	31.047002666654716	19.06206923524596	19.07154134924051	30.81934600858357	4.0740275245373585E-5
75.0	30.857351573914197	19.282618456080254	19.078418255139432	30.78161171486612	0.0
76.0	30.979499325050064	19.267574924331665	19.018881283975382	30.734024096945095	2.0369697793126572E-5
77.0	30.890617998126046	19.371796960932087	19.08709821974172	30.650486821200147	0.0
78.0	30.6319139652473	19.412086078752747	19.028756065793104	30.92720314942537	4.074078148152222E-5
79.0	30.519772321805068	19.560630462123505	18.98275709640634	30.936819749058575	2.0370606518512605E-5
80.0	30.789650295281483	19.29952703619536	19.020361444261212	30.890420476109565	4.0748152376900855E-5
81.0	30.57653685835522	19.445103294030577	18.97892306212639	30.99937565511384	6.113037397117581E-5
82.0	30.634868520940316	19.639473737305188	18.854383902265152	30.87125345972051	2.037976884043395E-5
83.0	30.9329300172544	19.491397769463685	18.698062268714093	30.87736534586766	2.445987001617409E-4
84.0	30.624350365630228	19.508685782279056	18.86356750549781	31.002988572959474	4.077736334384166E-4
85.0	30.622541924174516	19.683694099231317	18.793780413048506	30.899840815182877	1.4274836277824204E-4
86.0	30.757158758225938	19.572103223758834	18.829603941230737	30.84095050188358	1.8357490090524864E-4
87.0	30.37149562216076	19.765346919048586	18.956328511049104	30.906053693687742	7.75254053813648E-4
88.0	30.432787095344345	19.98909006977988	18.790160981673317	30.787655738437586	3.0611476487426946E-4
89.0	30.494030766919327	20.014726346953466	18.886631828873888	30.604406921587202	2.041356661140714E-4
90.0	30.45598870999064	19.956717002176603	19.075190424974263	30.511184946599734	9.189162587529326E-4
91.0	30.47352410802631	20.045702748701473	19.005431056952155	30.474545444146393	7.966421736647256E-4
92.0	30.605710801307573	20.008075789816125	19.165430878738707	30.220230793485175	5.517366524175568E-4
93.0	30.442461956121775	19.91297539515753	19.17885733443451	30.465378230969886	3.2708331629774395E-4
94.0	30.359514539001438	20.143191442627096	19.144303613143002	30.352540464968264	4.499402602045428E-4
95.0	30.67288536779535	19.910741888234835	19.20375200787786	30.212518436876167	1.0229921579467156E-4
96.0	30.4894267215007	19.92642397468153	19.2770250754971	30.306837653550346	2.865747703256738E-4
97.0	30.475164932927072	20.034307523366266	19.266586577550115	30.223162739146087	7.78227010457323E-4
98.0	30.465643577705137	19.943432187675313	19.32821010246052	30.262365808191515	3.4832396751653617E-4
99.0	30.34432682574233	19.870490506750787	19.41648158770078	30.367922087666138	7.789921399693078E-4
100.0	30.299043771242662	20.103652809851365	19.36811904895224	30.228404963832478	7.794061212505694E-4
101.0	30.372241342760464	20.04138409119686	19.399136487261043	30.186519818744	7.182600376327217E-4
102.0	30.171834247014708	20.045966749362737	19.520098594632245	30.260929987872792	0.001170421117518083
103.0	30.12334954187215	20.212772514876775	19.486038781322797	30.176791284619505	0.0010478773087716372
104.0	30.282464037929152	20.038920145852888	19.3963368186019	30.28203227719861	2.4672041745094634E-4
105.0	30.023917513895306	20.05674365877269	19.543458379925337	30.375736427968164	1.4401943850935765E-4
106.0	30.004929088250442	20.215109199688193	19.54064356515147	30.23905048547607	2.676614338170044E-4
107.0	30.224877318664873	20.07146177468833	19.575750058105704	30.127066049290118	8.447992509721372E-4
108.0	29.944744431395552	20.099602312505866	19.725464681906715	30.229404953513768	7.836206780999673E-4
109.0	30.054167178343032	20.171200893257947	19.5313491641702	30.242684231871436	5.985323573816067E-4
110.0	30.197836956171464	20.077914362369746	19.62366524298093	30.10035621063278	2.2722784507853407E-4
111.0	30.141458534105265	20.05720617275859	19.551328108249262	30.249779749618583	2.2743526830435224E-4
112.0	30.325016143185916	20.015398115800455	19.468785701276552	30.190510290246202	2.8974949086875174E-4
113.0	30.49688179840464	19.872682067750958	19.63754273282917	29.992851963120277	4.143789495493629E-5
114.0	30.41693876484162	19.943185071290415	19.70296421746501	29.93678747963931	1.244667636401052E-4
115.0	30.245431755314417	20.208401365716334	19.57151439461358	29.9745693913688	8.309298686881529E-5
116.0	30.495910323585306	19.927038050686395	19.709504505769655	29.866610910172753	9.36209785888822E-4
117.0	30.253186633486045	19.881304896016765	19.850445502540325	30.01483376246852	2.2920548834625532E-4
118.0	30.312916328595325	19.883498946553008	19.860501747954043	29.94283255368239	2.50423215233745E-4
119.0	30.40479237453656	19.78863023269861	19.967558423366963	29.83889356709159	1.2540230627381468E-4
120.0	30.137549269419328	19.864847861727615	20.192637227383905	29.804840027609924	1.2561385922831638E-4
121.0	30.206967428008134	19.895153002370016	20.213175611904614	29.683844040353197	8.599173640386753E-4
122.0	30.260565594011556	19.774504563112835	20.298140462178022	29.666074949695652	7.144310019348472E-4
123.0	30.121170820394056	19.762420393295173	20.413673816665057	29.701261307462563	0.001473662183154736
124.0	30.112090543040594	19.757128720639187	20.50425137571802	29.62463123670786	0.0018981238943428316
125.0	30.16046681254559	19.72676438694933	20.602439372771354	29.50855453936153	0.0017748883721991628
126.0	30.025771177180122	19.701148335203968	20.726173939145813	29.543117292091548	0.003789256378546289
127.0	30.04911565730976	19.812851933864057	20.734807050479546	29.400341067403975	0.0028842909426689913
128.0	30.064825792633954	19.583274903005655	20.878855870441903	29.47066372602763	0.0023797078908563973
129.0	29.851602511089954	19.751321970802437	20.92391182873568	29.471929048149093	0.0012346412228397558
130.0	29.944547174358615	19.700810677654857	21.03698916750379	29.317418372374256	2.3460810848278938E-4
131.0	29.901642875321354	19.57293746312596	21.269362275985873	29.25586506895726	1.9231660955219506E-4
132.0	29.762366880425922	19.604181034270496	21.33336787624673	29.299463293051588	6.209160052662242E-4
133.0	29.731882094457536	19.656859369237573	21.431496843785002	29.179718784386843	4.29081330435318E-5
134.0	29.756466588887665	19.571953209630752	21.591283592177472	29.079544186664446	7.524226396663028E-4
135.0	29.66027526502794	19.53386530990741	21.733142198006004	29.07230795907751	4.092679811349001E-4
136.0	29.614743072834738	19.59407424546693	21.766610605853923	29.02394614017851	6.259356659005789E-4
137.0	29.73585522680236	19.39614535370233	21.88779519171686	28.97977166094633	4.3256683211627053E-4
138.0	29.476619012618997	19.394858547524393	22.095721799835662	29.03180358761132	9.97052409626411E-4
139.0	29.51122936012589	19.55831994487634	22.11243784034124	28.81777390436949	2.38950287044463E-4
140.0	29.55480317017941	19.37787406375196	22.341665215119317	28.725439818846894	2.17732102421181E-4
141.0	29.512899423782084	19.36013619696176	22.42685961236249	28.700017461148942	8.730574471800244E-5
142.0	29.407044268052285	19.40581002867637	22.52810739458195	28.65897265765876	6.565103063364624E-5
143.0	29.408788825873966	19.295120537987465	22.73328446262708	28.56063332923639	0.002172844275104033
144.0	29.154619338177586	19.275299940226613	22.84371625362851	28.726276404041695	8.806392560359566E-5
145.0	29.20535584468616	19.33671528049995	22.92147910618663	28.536449768627264	0.0
146.0	29.33633855360821	19.169249046527252	23.004457866774736	28.48993232702866	2.220606114438936E-5
147.0	29.119454050063297	19.206447940278565	23.254141198050842	28.41986737612851	8.943547878612803E-5
148.0	29.014804484794276	19.262522054610724	23.26833162847511	28.45425074441427	9.108770561910947E-5
149.0	28.737895532339675	19.287127761379075	24.265691831177687	27.709237300492894	4.7574610667226776E-5
