# Position (bp)	A	C	G	T	N
0.0	25.368578784434888	23.24296377619367	35.43223625166089	15.954933639588443	0.001287548122111064
1.0	23.31232860726997	20.38934454696751	12.425538801785956	43.87270121888536	8.68250912010758E-5
2.0	32.40419234956881	20.734070237467847	13.362262036165253	33.49925380104679	2.215757512951955E-4
3.0	21.30476971547356	23.16842195011043	10.277154113074358	45.24941738664415	2.3683469750119095E-4
4.0	40.57417464856258	9.80560299970473	10.058266240965551	39.561669930801685	2.8617996544966115E-4
5.0	44.99848432063631	10.262297153254202	23.239713111807873	21.49203174933529	0.0074736649663241
6.0	34.93217145713981	13.988767320027149	20.941950900998037	30.137010098654688	1.0022318031870638E-4
7.0	39.51875272336235	15.680220960462442	20.392687197431943	24.40828914879186	4.99699514025566E-5
8.0	18.185553744973056	33.3061330560467	23.530433155692425	24.977863427357896	1.6615929924641772E-5
9.0	29.573703553688986	20.194438968569546	12.906160931256483	37.325696546484984	0.0
10.0	27.20647506677715	15.093736184609357	28.459175272469285	29.240613476144212	0.0
11.0	27.104551508650765	18.42731384114103	18.68864100461666	35.77949364559155	0.0
12.0	24.885481887699633	20.84403562042053	23.60903787641127	30.661444615468564	0.0
13.0	23.38506298972236	26.792720163704985	18.801010731826125	31.02120611474653	0.0
14.0	32.52134964660671	20.913963002379173	20.491110050195612	26.073577300818503	0.0
15.0	32.486272556972764	19.289277906234638	19.682833204493754	28.54161633229884	0.0
16.0	31.547745677159924	18.971086843627035	18.747884292347685	30.733283186865357	0.0
17.0	31.55374089857571	18.708376523553937	18.994915940752094	30.74293393273919	3.270437906730054E-5
18.0	31.24229715934585	18.775484278857363	19.54722155639345	30.434997005403336	0.0
19.0	30.704295072301953	19.396305465625595	19.51824897018963	30.381150491882824	0.0
20.0	30.52972202692621	19.450055473475146	19.655422935180216	30.364799564418433	0.0
21.0	30.240656888932104	19.62395196455781	19.720830659196263	30.414511706500807	4.878081301029812E-5
22.0	30.381022902945038	19.73974368967354	19.450127960299827	30.42905673123141	4.87158501890175E-5
23.0	30.676146737510418	19.59349068724297	19.58684138228995	30.14352119295667	0.0
24.0	30.326432805083765	19.747836347101185	19.518299235605138	30.407059092201134	3.72520008778515E-4
25.0	30.468471595828984	19.77771907686141	19.548375710955536	30.205417440351397	1.617600267356972E-5
26.0	30.646354452837947	19.59970202779103	19.719624371490116	30.034254525844695	6.46220362112811E-5
27.0	30.362920265779124	19.68641432634603	19.75612011145826	30.194545296416592	0.0
28.0	30.572826918700713	19.728548966973715	19.629578415426835	30.0689490007536	9.669814513618E-5
29.0	30.629750194539252	19.602602270338245	19.85609085731524	29.911556677807265	0.0
30.0	30.30746157152457	19.77190145316906	19.809930741670822	30.110529353223907	1.7688041163609397E-4
31.0	30.37755948437983	19.985309206979878	19.580083615123712	30.05704769351658	0.0
32.0	30.521769435982094	19.768193398840662	19.68178700929274	30.02812178984618	1.2836603832560624E-4
33.0	30.228564274996515	19.70187728445259	19.81576430372073	30.253457524950555	3.366118796102804E-4
34.0	30.310113565691132	19.871626126706033	19.68854140046205	30.12838988560167	0.0013290215391158259
35.0	30.433558554055136	19.62533134063729	19.842687279542805	30.094647729975716	0.0037750957890566052
36.0	30.395928258049587	19.666182491017395	19.81130733657953	30.12389708073886	0.002684833614628252
37.0	30.369949674173043	19.78706007213491	19.769336899469852	30.071513800044613	0.002139554177583316
38.0	30.563096902147052	19.70199441452899	19.775761174371922	29.95680241515945	0.00234509379258459
39.0	30.30650516527114	19.75111697693361	19.808436264172418	30.130944923433482	0.0029966701893481126
40.0	30.320837942158548	19.683358776437533	19.765525270696312	30.221550110173816	0.008727900533787566
41.0	30.53283929138942	19.663232212604182	19.73699475641412	30.057862617699794	0.00907112189248429
42.0	30.22336269180223	19.80109563108834	19.783380044807394	30.18247689976604	0.009684732535994127
43.0	30.25457063760333	19.983168148008424	19.70801376995505	30.042932981991733	0.011314462441467124
44.0	30.526135091065814	19.76464475344931	19.77266418556553	29.92302615573515	0.013529814184199844
45.0	30.242530779139393	19.807116705470047	19.81897116319843	30.115876927559427	0.015504424632706211
46.0	30.33515078851546	19.81717606160951	19.692237912178538	30.141939126352785	0.013496111343711542
47.0	30.535638182123925	19.754406779956508	19.75976374819143	29.93732188674957	0.012869402978569434
48.0	30.261913914536052	19.74563332938944	19.787368875546186	30.18709087087592	0.01799300965239438
49.0	30.26916150830235	20.017893867709482	19.66150450322672	30.035388827540093	0.01605129322135208
50.0	30.41426300839133	19.735470227862216	19.79991057774183	30.03412348308872	0.016232702915906057
51.0	30.1954497678616	19.82543090804928	19.835013406801266	30.125921307444987	0.01818460984287074
52.0	30.318716580244633	19.934575393577305	19.65186320890025	30.07864513093535	0.016199686342463264
53.0	30.404477030528337	19.749903877230768	19.891521071343156	29.945583612908163	0.00851440798957925
54.0	30.249890973489112	19.76214062698849	19.805056493258988	30.173706626632914	0.009205279630500392
55.0	30.247694719753742	19.960508867749372	19.735654674969137	30.046687981545762	0.009453755981986412
56.0	30.421552177284955	19.6887997309275	19.836619227703867	30.046008621173808	0.007020242909870178
57.0	30.220543755192203	19.914997643992432	19.827349116165998	30.03430246090825	0.0028070237411129315
58.0	30.181009127541238	19.949073547155287	19.76260384781147	30.10494891118027	0.0023645663117400086
59.0	30.43418243348971	19.758104864297405	19.828700815462025	29.977436084269506	0.0015758024813531354
60.0	30.153942513404573	19.88839352875283	19.90951822923025	30.046664951695956	0.0014807769163891916
61.0	30.21517350118482	19.904064615830897	19.842803798926564	30.03644624898758	0.0015118350701326115
62.0	30.455168691757038	19.81304944650539	19.701237441813124	30.03000913294057	5.352869838829812E-4
63.0	30.133224751034838	19.91663045245545	19.807885511361714	30.14221206632859	4.72188194067459E-5
64.0	30.245989540428752	19.901777277380056	19.69030416470953	30.16191328170425	1.573577741428132E-5
65.0	30.43271144337309	19.79612770061182	19.787459312853283	29.98368581106061	1.573210119516773E-5
66.0	30.204722863792195	19.83785564140814	19.87374930556298	30.083562085972403	1.1010326427866319E-4
67.0	30.2960655900121	20.037003284375665	19.63737410351956	30.029541296089967	1.5726002709590268E-5
68.0	30.35972940182734	19.846486607516294	20.003676195423907	29.79010779523246	0.0
69.0	30.136748750505067	19.920997646437346	19.902650234177123	30.039147434899704	4.55933980759586E-4
70.0	30.231928971762223	19.94472514348873	19.783107260605966	30.04022290408833	1.5720054749806683E-5
71.0	30.43350870731753	19.834519390873666	19.85306750428689	29.878590022718292	3.143748036139899E-4
72.0	30.193056115927032	19.894985293948917	19.931952784090527	29.980005806033528	0.0
73.0	30.181678101245847	20.03427230371617	19.72383180889741	30.060217786140576	0.0
74.0	30.448450664203126	19.78360629560395	19.809098770294572	29.95882855320619	1.5716692164380255E-5
75.0	30.17042631804688	19.85798147356205	19.83197046658403	30.139621741807044	0.0
76.0	30.22443978069809	19.954725720948808	19.694987216609434	30.125831564782253	1.5716961414702556E-5
77.0	30.32557447963582	19.845597276340733	19.86513416561844	29.963694078405013	0.0
78.0	30.13334192623518	19.932613834991134	19.795405102926196	30.138623417124606	1.5718722885203023E-5
79.0	30.049621480193377	20.17937050548012	19.78825904783224	29.982717526666473	3.143982778519932E-5
80.0	30.328005837140203	19.882672349944166	19.85728185913104	29.93203995378459	0.0
81.0	30.066216980937753	20.01473619892548	19.843694402178418	30.075320970670845	3.1447287506354315E-5
82.0	30.05850050008492	20.160168707893796	19.71276568977122	30.068549376309186	1.5725940883043032E-5
83.0	30.37150809211142	19.998442841672386	19.65605675606171	29.973772105946534	2.202042079451251E-4
84.0	30.06953468396329	20.009816661265408	19.77830706642293	30.141932560795652	4.0902755272522476E-4
85.0	30.17281735226136	20.04048407804074	19.69971791119907	30.08679183350797	1.8882499086165722E-4
86.0	30.31601800690699	19.90300873746097	19.792078837036613	29.988705548163374	1.8887043205055684E-4
87.0	29.948016416730148	20.070128009121174	19.86922473945628	30.111733453110155	8.973815822348674E-4
88.0	30.014726046866656	20.253991631145517	19.654130812839675	30.07678930288365	3.622062644990774E-4
89.0	30.127534239324945	20.163317295332767	19.742445799287236	29.9665136377613	1.8902829375500927E-4
90.0	30.022403591129574	20.106175184800477	19.874402486864795	29.995884218594004	0.0011345186111475277
91.0	30.059626503253234	20.20977015887948	19.74414843905043	29.985777092054512	6.778067623362013E-4
92.0	30.260274869058346	20.165116970337763	19.860775691804783	29.7132490166071	5.834521920062319E-4
93.0	30.001610620186575	20.150246727767172	19.780908329840504	30.06707657292205	1.5774928369994003E-4
94.0	29.945622651883653	20.382020755431025	19.78897687700171	29.883079863810437	2.9985187317465174E-4
95.0	30.232915032952167	20.110658402336952	19.851995492068966	29.80433634167313	9.473096878519848E-5
96.0	29.96573232736479	20.277177357241197	19.851113959993352	29.90559725327876	3.7910212189776E-4
97.0	30.007764410741594	20.306170328066504	19.91278194585647	29.77276178968008	5.215256553483483E-4
98.0	30.11657388982048	20.16480836264481	19.895625059789086	29.82278713188701	2.0555585861868045E-4
99.0	29.912996952346237	20.19505680178607	20.012172263313236	29.879156984544043	6.169980104187233E-4
100.0	29.927416531226907	20.345768676282415	19.91092633195794	29.81523948935782	6.489711749164093E-4
101.0	29.991241712886563	20.218228640390752	19.99455180693124	29.7953443289695	6.335108219486159E-4
102.0	29.885404846878945	20.163358710879802	19.9925040094833	29.957844958193608	8.874745643450755E-4
103.0	29.880354382428294	20.439057931898034	19.89961553807226	29.779973092105305	9.990554961055865E-4
104.0	30.152417863477694	20.263775003229192	19.87582764905617	29.707836669847726	1.4281438921618067E-4
105.0	29.81023200570368	20.291424315899956	19.9963955037482	29.90178938626703	1.5878838113657546E-4
106.0	29.864047327845693	20.30329749465026	19.91022823822123	29.92215681043295	2.701288498723959E-4
107.0	30.060308217974608	20.199047172453007	20.076751577113885	29.66320928384329	6.837486152102901E-4
108.0	29.761513765088388	20.2447717360586	20.186992863489735	29.8059260023067	7.95633056580331E-4
109.0	29.858489664617636	20.3967258018282	19.994282893270057	29.750023887632576	4.7775265152721593E-4
110.0	29.94783191331542	20.25563191248665	20.08252987488393	29.71378316806214	2.23131251858763E-4
111.0	29.80440272519272	20.276373028299588	20.01643588791439	29.90245338805157	3.3497054173350124E-4
112.0	29.859420170465974	20.284279185129982	20.016421415083435	29.839559932896663	3.192964239439111E-4
113.0	30.063745889546222	20.153291822523954	20.13285440424766	29.650043966815005	6.391686716588936E-5
114.0	29.94423963951774	20.225194252794694	20.211951107202143	29.61848704738791	1.279530975125758E-4
115.0	29.707655162355184	20.580130067300647	20.000236945920776	29.711897775125834	8.004929755940899E-5
116.0	30.082329634902344	20.304237097040183	20.068279219119336	29.54446491026052	6.891386776198047E-4
117.0	29.837744250748326	20.22849731905335	20.163426888654804	29.77012298247173	2.0855907179020367E-4
118.0	29.903596722779994	20.329417878633272	20.125414675094024	29.641281653378275	2.890701144380405E-4
119.0	30.00101767687039	20.19090203308688	20.201705806497667	29.606294098326234	8.038521883026967E-5
120.0	29.756090809129326	20.296634829565498	20.319151059276752	29.6280589239592	6.437806922445028E-5
121.0	29.76089692254891	20.402345430551506	20.277484607910594	29.558241797196633	0.0010312417923626876
122.0	29.930463713977172	20.237811387986472	20.31168078611623	29.51918910469128	8.550072288441368E-4
123.0	29.78449990607678	20.258746771843448	20.348599720217013	29.606829147114134	0.0013244547486306027
124.0	29.78994133222759	20.27889549917255	20.368893611880594	29.56023186360135	0.0020376931179179043
125.0	29.856350073546224	20.261676879800664	20.44306498947165	29.437288809639316	0.0016192475421441558
126.0	29.7195903172559	20.274418888948517	20.509381226392502	29.492507616576873	0.004101950826202613
127.0	29.657715667182043	20.447285901023196	20.460646490174852	29.431251245960166	0.0031006956597403727
128.0	29.75850326313993	20.24595053681293	20.531546395104073	29.46133402686909	0.0026657780739753416
129.0	29.556034874231475	20.40613902621557	20.52816237748429	29.50836161881383	0.0013021032548349535
130.0	29.73707375883034	20.350783462143323	20.528144055527132	29.383509767626983	4.889558722214879E-4
131.0	29.747221783359816	20.20699688850182	20.649092729957736	29.396476420902268	2.12177278359615E-4
132.0	29.54373277983639	20.357259196386646	20.70082480262548	29.397464054325862	7.191668256188798E-4
133.0	29.566459019742393	20.452250810595622	20.62481339276828	29.35632945539498	1.4732149872452322E-4
134.0	29.65117241734323	20.324540032489413	20.760535575318208	29.262817523037103	9.344518120414116E-4
135.0	29.49074670036359	20.331858436140475	20.84371584771232	29.332956563544272	7.224522393392321E-4
136.0	29.48293396590082	20.48430619529337	20.77266513787419	29.25948620994978	6.084909818347352E-4
137.0	29.65015324070528	20.229222726572623	20.84172430180965	29.27840553890403	4.941920084210318E-4
138.0	29.453733685064105	20.165998398003413	21.0131522797758	29.366257542568917	8.580945877664095E-4
139.0	29.45932167077519	20.488340968482525	20.905023064145833	29.147099392714694	2.14903881759223E-4
140.0	29.667165598327937	20.192935333057175	21.107591849498316	29.032224404300607	8.281481596808781E-5
141.0	29.513427385892115	20.30866390041494	21.008	29.169809128630703	9.95850622406639E-5
142.0	29.473462884700925	20.31737545532667	21.08691869643081	29.122193060171153	4.9903370440370625E-5
143.0	29.452889819130927	20.252866470426365	21.20682782832031	29.085030978727662	0.002384903394734867
144.0	29.291971299754277	20.304438811458088	21.211393468407937	29.192112800802615	8.361957708228216E-5
145.0	29.365820213229547	20.375072174763858	21.18738959841047	29.071718013596122	0.0
146.0	29.53589941207822	20.189259927386967	21.230267088031123	29.04457357250369	0.0
147.0	29.32096565506811	20.255034573020147	21.351928635529905	29.071969311268507	1.0182511333135113E-4
148.0	29.312825307172318	20.34496097611441	21.23050232980745	29.111521085561908	1.9030134390809068E-4
149.0	28.709301679621984	20.63328775132308	22.244165765069344	28.413118137025783	1.2666695981020223E-4
