#Position (bp)	insert size
15197.0	268.74670406732116
45590.0	270.8842431988315
75983.0	275.2730517549078
106376.0	271.6656534954407
136769.0	270.5161155295103
167162.0	266.8915215989684
197555.0	275.19137419242185
221485.0	266.5237569060773
236681.5	272.84767687434004
258341.0	267.6442427478199
288734.0	268.0791175351845
319127.0	269.65753945617035
349520.0	267.8254538577912
379913.0	269.65735707591375
410306.0	269.1756046267087
440699.0	270.28961937716264
471092.0	263.6021468144044
501485.0	265.2038902396666
531878.0	269.68123587038434
562271.0	266.8959037955656
592664.0	269.3261811023622
623057.0	271.5627369219105
653450.0	271.7733096085409
683843.0	271.3063509544787
714236.0	270.74015748031496
744629.0	270.21332850416513
775022.0	271.3048449612403
805415.0	270.60597388660346
835808.0	269.83660130718954
866201.0	271.43530701754383
896594.0	272.30555555555554
926987.0	269.88548730866114
957380.0	272.210933186085
987773.0	268.0483533219113
1018166.0	266.92539682539683
1038382.5	259.2525879917184
1053579.0	262.54178163184866
1078952.0	272.37592233009707
1109345.0	273.44947267497605
1139738.0	270.5961421319797
1170131.0	264.05798836811493
1200524.0	267.56274056966896
1230917.0	269.8032032400589
1261310.0	275.53633415983217
1291703.0	271.7372549019608
1322096.0	265.8882701634633
1348657.5	262.19389135897933
1363854.0	263.0122010736945
1382882.0	268.3442172194535
1413275.0	271.8807577268195
1443668.0	269.32477807796215
1474061.0	269.04007976071784
1504454.0	269.78335750543874
1534847.0	271.00895467836256
1565240.0	267.1853902482586
1595633.0	268.08542624690483
1626026.0	267.8685821149269
1656419.0	270.7778181158105
1686812.0	268.5076893502499
1717205.0	273.2339113680154
1747598.0	270.44861033389293
1777991.0	268.9743918053777
1808384.0	263.32290184921766
1838777.0	270.9385216773276
1869170.0	265.1678403755869
1899563.0	271.32588699080156
1929956.0	268.78018691588784
1960349.0	268.4893841024741
1990742.0	265.77888481034785
2021135.0	268.3498488411152
2051528.0	270.578257910854
2081921.0	272.9211580480699
2112314.0	279.40288783236485
2142707.0	266.98026315789474
2173100.0	267.03479196556674
2203493.0	266.3705849373949
2233886.0	273.01927829955514
2264279.0	271.81672460409425
2294672.0	273.2570402570403
2325065.0	266.1642857142857
2355458.0	265.6788963007884
2385851.0	268.1279133786016
2416244.0	270.9464419475655
2446637.0	267.38639023574655
2477030.0	269.95677694770546
2507423.0	269.7598959301245
2537816.0	267.9945393693852
2568209.0	269.34640522875816
2598602.0	269.3750700803588
2628995.0	271.88783857480456
2659388.0	271.9508224811515
2689781.0	267.0857838872455
2720174.0	267.68683083511775
2750567.0	271.2997516849947
2780960.0	272.5172612197929
2811353.0	272.02697947214074
2841746.0	271.29604338220526
2872139.0	265.14065968918493
2889645.5	283.15135135135137
2904842.0	272.85513686455744
2932925.0	268.7336664104535
2963318.0	272.43461237274863
2993711.0	269.48723025143534
3024104.0	267.90999792143003
3054497.0	269.6621928166352
3084890.0	269.2513844604799
3115283.0	265.76460391749004
3145676.0	271.7742556917688
3176069.0	267.25457047375664
3206462.0	269.6814774181752
3236855.0	267.7518095238095
3267248.0	268.8264940239044
3297641.0	274.12118108892304
3322340.5	265.3666887563508
3337537.0	210.00453317901236
3358427.0	221.1187610393867
3388820.0	213.70221263446345
3410819.5	216.76998652593758
3426016.0	266.7277006937562
3449606.0	269.2617755209245
3479999.0	269.8690566037736
3510392.0	271.623414071511
3540785.0	264.25402298850577
3571178.0	266.0711477987421
3601571.0	272.69787077826726
3631964.0	268.09597581711694
3662357.0	269.1135833482864
3692750.0	267.5308325709058
3723143.0	268.3064685314685
3753536.0	274.6699793737109
3783929.0	268.5355919985583
3814322.0	269.1813812744749
3844715.0	268.13384671800515
3875108.0	269.61351436690876
3905501.0	269.358934169279
3935894.0	271.0643665368206
3966287.0	268.4492932862191
3987990.0	266.6344770337576
4003186.5	265.6155119413573
4027073.0	267.75313659657184
4057466.0	270.9678821084451
4087859.0	268.9261992619926
4118252.0	269.8592064714946
4148645.0	268.1416781292985
4179038.0	269.36066176470587
4209431.0	270.04551949377424
4239824.0	270.4282296650718
4259839.0	263.5232371794872
4275035.5	263.7948930869836
4300610.0	272.4502082544491
4331003.0	269.6233117483811
4361396.0	270.5212355212355
4391789.0	274.2955095956773
4422182.0	265.3370462838487
4452575.0	270.57463094587206
4482968.0	271.500189107413
4513361.0	272.6320921985816
4543754.0	268.0541343456016
4574147.0	265.1426510369702
4604540.0	268.8051711580481
4634933.0	271.0319129311935
4665326.0	268.63803680981596
4695719.0	269.4319029850746
4726112.0	270.6099416239165
4756505.0	269.3621662279052
4786898.0	276.95586776859506
4817291.0	265.7094565059012
4847684.0	267.7582124395531
4878077.0	269.0752251456825
4908470.0	274.6146179401993
4938863.0	273.46670407781517
4969256.0	266.3062568605928
4999649.0	267.9481584918834
5030042.0	267.98125
5060435.0	272.38181495293907
5090828.0	266.0689771766695
5121221.0	267.591946076737
5151614.0	268.092624956309
5182007.0	268.616019508535
5212400.0	269.2340545625588
5242793.0	274.37217890849405
5273186.0	268.69023696682467
5303579.0	272.66265520534864
5333972.0	268.0670069147185
5352383.0	273.9548051948052
5367579.5	266.9194716242661
5394758.0	271.21176358618067
5425151.0	270.9801484051267
5455544.0	268.606623034092
5485937.0	268.95552731893264
5516330.0	272.3234014990284
5546723.0	270.2573131094258
5577116.0	266.79345603271986
5607509.0	267.9379334874622
5637902.0	268.7787209960385
5668295.0	271.1373640944047
5698688.0	270.54477547120644
5729081.0	264.8501614451523
5759474.0	267.76842615012106
5789867.0	270.88556830232335
5820260.0	269.11657165323373
5850653.0	268.43273804181996
5881046.0	272.87655848481967
5907241.5	268.44961711437946
5922438.0	271.4730088495575
5941832.0	272.8595238095238
5972225.0	267.42262460332273
6002618.0	271.70515463917525
6033011.0	271.11738797395634
6063404.0	268.92124060150377
6093797.0	274.54202586206895
6124190.0	265.221058145626
6154583.0	271.59939383134247
6184976.0	272.1660516605166
6215369.0	273.65699156697394
6245762.0	268.3814414733487
6276155.0	272.7252244000733
6306548.0	269.78656198648895
6336941.0	266.51450912250215
6367334.0	266.91487502184935
6397727.0	269.99884459849795
6428120.0	271.90124539554466
6458513.0	267.30073477956614
6488906.0	272.8087149187592
6519299.0	266.59424678274036
6549692.0	270.25921002658566
6580085.0	271.97211079274115
6610478.0	269.7786561264822
6640871.0	271.2619164619165
6660029.5	260.7765205091938
6675226.0	263.7627051611627
6701657.0	269.7197936464838
6732050.0	272.22879475055487
6762443.0	271.92591853035145
6792836.0	268.6351943076081
6823229.0	267.0793520043932
6853622.0	267.2052830869095
6884015.0	269.8530159883721
6914408.0	271.29248037963134
6944801.0	270.7898523640441
6975194.0	267.7732416040554
7005587.0	270.2050878815911
7035980.0	270.0482075554387
7066373.0	268.2435059349733
7096766.0	268.45549311095
7127159.0	268.8821794044436
7157552.0	268.5742021276596
7187945.0	270.557527301092
7218338.0	272.0356216324087
7248731.0	267.87224168955396
7279124.0	272.59082254379285
7309517.0	272.7130826315351
7327760.5	260.42693852332405
7342957.0	265.58416982063517
7370303.0	271.6933540614069
7400696.0	272.89684978870537
7431089.0	270.2941417451864
7461482.0	267.72031558185404
7491875.0	267.6664162283997
7522268.0	271.2445967316816
7552661.0	265.58353594998266
7583054.0	268.1676204541259
7613447.0	271.0223074241896
7643840.0	276.0231017191977
7674233.0	274.9515983384504
7704626.0	267.72704174228676
7735019.0	271.0143710339679
7765412.0	265.958608958609
7795805.0	271.90945553279664
7826198.0	256.7574434299325
7856591.0	270.5134524929445
7886984.0	269.32907899275614
7917377.0	268.69347146850845
7947770.0	273.6043533930858
7978163.0	271.5075351640991
8008556.0	265.3660797034291
8038949.0	270.63898369359123
8069342.0	269.0320796460177
8099735.0	270.5262757044935
8130128.0	267.1674427629026
8160521.0	269.89580467675376
8190914.0	269.9774516821761
8221307.0	275.28857457751656
8251700.0	267.6984298863021
8282093.0	266.39567381317
8312486.0	266.574688057041
8342879.0	267.8178714859438
8373272.0	270.90264178828744
8398726.5	271.64973544973543
8413923.0	267.69608540925265
8434058.0	269.8682768071257
8464451.0	271.54354711005544
8494844.0	268.65053128689493
8525237.0	272.15947096381876
8555630.0	268.99594694178336
8586023.0	264.012246820537
8616416.0	266.0696170212766
8646809.0	269.01906185759674
8677202.0	269.6891699323121
8707595.0	269.1212912856876
8737988.0	267.25963597430405
8768381.0	264.4397394136808
8798774.0	269.18255643982457
8829167.0	267.8595416831292
8859560.0	270.2967825443787
8889953.0	269.28736052679716
8920346.0	265.1584532374101
8950739.0	270.9935967800951
8981132.0	265.2434937611408
9011525.0	272.94538038659334
9041918.0	268.843324751747
9072311.0	269.7745879851143
9102704.0	269.3448157078884
9133097.0	272.19920820586646
9163490.0	273.1608481082069
9193883.0	266.98124767916823
9224276.0	268.5552199358127
9254669.0	266.33944433944436
9285062.0	271.41141412317137
9315455.0	272.5960038986355
9332033.5	254.80935251798562
9347230.0	269.0578994614004
9376241.0	268.9936192839419
9406634.0	268.9043674698795
9437027.0	266.67568905760027
9467420.0	270.086836935167
9497813.0	266.28112072207597
9528206.0	272.7950865438303
9558599.0	270.89838504808563
9588992.0	272.15742556605454
9619385.0	267.3258181818182
9649778.0	269.75172790105495
9680171.0	268.19484083424805
9710564.0	271.69908871117724
9740957.0	268.17595082597006
9771350.0	269.65711743772243
9801743.0	272.8
9832136.0	270.7927557879014
9862529.0	268.97087378640776
9892922.0	265.6682855755221
9923315.0	268.11316155988857
9953708.0	266.2256129828894
9984101.0	272.32497105364723
1.0014494E7	268.0854717345167
1.0044887E7	269.7120091064314
1.007528E7	266.8149866190901
1.01041125E7	266.81060233054325
1.0119309E7	253.26287262872629
1.0136066E7	267.2510523150932
1.0166459E7	269.5514087083791
1.0196852E7	270.6324740422485
1.0227245E7	265.2768195929631
1.0257638E7	268.28462418924073
1.0288031E7	270.927684441198
1.0318424E7	271.4194816800715
1.0348817E7	266.2190060076461
1.037921E7	270.7919075144509
1.0409603E7	270.59414826781546
1.0439996E7	267.700176056338
1.0470389E7	266.35546437896306
1.0500782E7	268.1160596338932
1.0531175E7	270.1991677700019
1.0561568E7	267.1516087984003
1.0591961E7	271.1502287282708
1.0622354E7	269.7643805309734
1.0652747E7	272.95977887914603
1.068314E7	272.8931985294118
1.0713533E7	267.614405360134
1.0743926E7	268.3707036170596
1.0774319E7	270.3095681310499
1.0804712E7	270.5614932726928
1.0835105E7	265.97727272727275
1.0865498E7	269.67768001436525
1.0895891E7	268.5162601626016
1.0926284E7	266.80626429702625
1.0956677E7	267.8317590447336
1.098707E7	270.30942872026395
1.1017463E7	268.39930934205745
1.1047856E7	268.6223828052622
1.1078249E7	271.7484241750093
1.1108642E7	266.91367486889874
1.1139035E7	270.97350993377484
1.1169428E7	269.4719557195572
1.1196832E7	267.3442524417731
1.12120285E7	280.5090180360721
1.1230214E7	269.2462328200033
1.1260607E7	268.88089814513506
1.1291E7	270.38994565217394
1.1321393E7	272.57032181168057
1.1351786E7	272.3618618618619
1.1382179E7	270.88104158860995
1.1412572E7	265.8389532841588
1.1442965E7	267.0381426202322
1.1473358E7	272.4836540257799
1.1503751E7	270.12671976828386
1.1534144E7	268.57747764190543
1.1564537E7	273.2590106007067
1.159493E7	270.0534080298786
1.1625323E7	267.9256832646949
1.1655716E7	264.4978239035822
1.1686109E7	269.74048815506103
1.1716502E7	268.9106009705114
1.1746895E7	269.3573137074517
1.1777288E7	267.7765095729013
1.1807681E7	270.5122403560831
1.1838074E7	271.9816263416409
1.1868467E7	269.71132521359755
1.189886E7	268.88658514974304
1.1929253E7	270.4147582697201
1.1959646E7	272.82388524023503
1.1990039E7	267.03428154631655
1.2020432E7	264.88688016528926
1.2050825E7	266.8187707140705
1.2081218E7	266.61676756558427
1.2111611E7	269.2242491247466
1.21419565E7	267.11538994320546
