# Position (bp)	A	C	G	T	N
0.0	26.6250415440276	22.535418602982592	34.66505823586122	16.17293531337186	0.0015463037567346682
1.0	23.124522965225346	19.67332579270358	12.124951713714257	45.076981285257425	2.1824309940120045E-4
2.0	32.45751435509135	20.515807481938793	13.364569554130531	33.66181586685001	2.9274198931062383E-4
3.0	21.160470861793343	22.974567650050865	10.22539359589207	45.639257859807195	3.1003245652279224E-4
4.0	40.70988923731805	9.657272576696355	9.833935998170505	39.79843941526374	4.6277255134027613E-4
5.0	45.2221086077545	10.319360289133467	22.982191699849	21.468509216973693	0.007830186289343809
6.0	35.03424100850814	13.905463836102127	20.731788009814288	30.328315908443308	1.912371321314717E-4
7.0	40.730890386075025	15.20067720288219	19.771339191191636	24.29707415874773	1.9061103416779032E-5
8.0	18.770809422512215	32.44258219573415	22.72026415601382	26.066287210369044	5.701537077380691E-5
9.0	30.005864266676674	19.703102071977714	13.049358020114395	37.24167564123121	0.0
10.0	27.781527188584654	14.98519770422631	28.038289361251636	29.1949857459374	0.0
11.0	27.587203129555434	18.237441289719605	18.057986691393534	36.11736888933143	0.0
12.0	25.35234400265948	20.448829997605042	23.156808108469633	31.04201789126585	0.0
13.0	23.997488712815166	26.244790439841253	18.281194719540085	31.476526127803496	0.0
14.0	33.21354655504712	20.30569411038561	20.140152403238627	26.340606931328658	0.0
15.0	33.13250592140677	18.7601675650215	19.288680093815785	28.818646419755943	0.0
16.0	32.087139428790664	18.392000287839902	18.320226737306754	31.200577618620706	5.592744197388077E-5
17.0	32.10243009763025	18.211223292865807	18.512060458355826	31.174193145161137	9.300598698139397E-5
18.0	31.70954341905714	18.303291116404132	19.0729549146805	30.91421054985823	0.0
19.0	31.1845593494634	18.89063477546775	19.04333811538335	30.881467759685506	0.0
20.0	30.93417002984585	18.990767174484084	19.264238598226548	30.81082419744352	0.0
21.0	30.73488119904727	19.162754584996602	19.225864277276912	30.876499938679213	0.0
22.0	30.851594028778358	19.221986157060385	19.014662296761884	30.911739113150794	1.8404248583977115E-5
23.0	31.152852357991883	19.105920271067497	19.12110977807524	30.620117592865377	0.0
24.0	30.74635762062801	19.2570057459498	19.061270641402253	30.934687820012417	6.781720075156122E-4
25.0	30.905966071635007	19.325310478342242	19.074754785397896	30.69396866462486	0.0
26.0	31.120764152896296	19.101102469375142	19.26002717017283	30.51796017061496	1.4603694077435357E-4
27.0	30.83089757575625	19.23895055102411	19.272398949764003	30.657752923455632	0.0
28.0	31.048799981382658	19.238732508061453	19.20082512643066	30.511424212144618	2.1817198060887434E-4
29.0	31.054537272836967	19.12610445847853	19.38599411923207	30.43336414945243	0.0
30.0	30.768070221575993	19.29082931342196	19.380066093537245	30.56067213570221	3.62235762595028E-4
31.0	30.853109890062207	19.499747610252374	19.054051904060078	30.593090595625338	0.0
32.0	30.952248605393624	19.3588329883288	19.181644435380683	30.507039355782993	2.346151139056378E-4
33.0	30.698345253067128	19.211245642356822	19.396873900511974	30.693120855273552	4.14348790524888E-4
34.0	30.776195812928357	19.343050991811158	19.284048010910787	30.594673079247066	0.002032105102633896
35.0	30.84465883284832	19.079011977300347	19.458871556007743	30.61302312604792	0.004434507795667217
36.0	30.902935690514244	19.190415198582393	19.31100500769484	30.59247115892238	0.0031729442861457963
37.0	30.82872858950745	19.310371368785834	19.348158012970252	30.5099675475197	0.0027744812167621626
38.0	30.9400752022979	19.228784954106004	19.299557488427734	30.528865147485384	0.002717207682976229
39.0	30.7561127971462	19.264784357609322	19.362030664276006	30.613662222353938	0.003409958614528459
40.0	30.751835321263695	19.20121397786381	19.33748334970872	30.700444542716575	0.009022808447203197
41.0	30.913140430806934	19.18301992312871	19.257326460750406	30.63707347655568	0.00943970875826865
42.0	30.70799224767311	19.30684491183276	19.392220845248424	30.58271253875185	0.010229456493854676
43.0	30.654290242245867	19.532799100378906	19.29021203577302	30.511414262505827	0.011284359096384065
44.0	30.99317360460447	19.266841513090228	19.292919358921694	30.43346740908347	0.01359811430013914
45.0	30.761330829962493	19.281931943994437	19.38289319512655	30.557049668572922	0.016794362343599177
46.0	30.779869226296334	19.396930046025567	19.211697418294783	30.597365037080188	0.014138272303124559
47.0	30.935926952077303	19.351125669310072	19.270501362825133	30.429064681934015	0.013381333853482537
48.0	30.715538798363106	19.297229522054533	19.318981646865748	30.649504299139462	0.01874573357714577
49.0	30.78314992245043	19.493512445919382	19.14110275520946	30.565572939176334	0.016661937244394753
50.0	30.812939809829142	19.245795656364862	19.3668680420452	30.557801559923593	0.016594931837200188
51.0	30.63514710692017	19.386039281433913	19.376725032432283	30.582648612547352	0.019439966666278573
52.0	30.779271278924735	19.45088215199539	19.221028377070184	30.532478126875052	0.0163400651346372
53.0	30.800079050074558	19.289063647639576	19.44358822520253	30.458567932512935	0.00870114457039772
54.0	30.677080179732375	19.215251483101863	19.315949628749294	30.782477924206557	0.009240784209911191
55.0	30.679415229817835	19.441142523044753	19.28104379725612	30.588882584065903	0.009515865815386574
56.0	30.923368144768414	19.17113828347921	19.28736194265772	30.611082977048287	0.007048652046367826
57.0	30.627525627810204	19.45345607418978	19.356840160740774	30.559226960266617	0.0029511769926241654
58.0	30.57754548654606	19.540231903039285	19.31113789443838	30.56867948345437	0.002405232521903856
59.0	30.900681007420715	19.27435246389222	19.275387749587203	30.54794688808913	0.0016318910107371409
60.0	30.61315010025017	19.444341162060116	19.42396140403554	30.51684609739911	0.0017012362550633702
61.0	30.659967724190835	19.354266447567937	19.40871390752206	30.575474241583343	0.0015776791358245003
62.0	30.85423652308486	19.270085706115218	19.230905367215797	30.644281773222236	4.906303618889549E-4
63.0	30.58076314056304	19.400634782730545	19.304909406835474	30.713622605551897	7.00643190448832E-5
64.0	30.680176474018023	19.33184374797	19.23049918152181	30.75744557763514	3.5018855027017926E-5
65.0	30.871332356304364	19.319286310269884	19.254594460340275	30.554769369879324	1.750320614978649E-5
66.0	30.7058395361126	19.321351208535866	19.37151585776826	30.601048435919783	2.449616634996623E-4
67.0	30.7659060064121	19.508966842265544	19.15633477447203	30.568757393510275	3.4983340058880456E-5
68.0	30.90800068618229	19.26699853128311	19.493505137711225	30.33149564482337	0.0
69.0	30.6725289433741	19.372261563975425	19.432174549411343	30.522650325299367	3.846179397695299E-4
70.0	30.72850645514261	19.393255048924843	19.24835081856033	30.62988767737222	0.0
71.0	30.851202345005756	19.30760321487538	19.330725402265763	30.510259312797405	2.097250556951101E-4
72.0	30.74493571529805	19.352027400271815	19.399228873670786	30.503808010759347	0.0
73.0	30.65863630239784	19.506659264668443	19.19839993821184	30.636304494721884	0.0
74.0	30.98124691158699	19.202345481498877	19.29572301539541	30.52068459151872	0.0
75.0	30.658109108344405	19.36944650436871	19.334115211467047	30.638329175819834	0.0
76.0	30.673727108360154	19.366629173214335	19.18584281721968	30.773800901205835	0.0
77.0	30.69267273129212	19.402333520613816	19.314221403974482	30.590772344119582	0.0
78.0	30.560346394554777	19.472389386965254	19.184478800217004	30.78276794053658	1.7477726385494325E-5
79.0	30.317647797095283	19.689877330801302	19.19963403930861	30.792823352822918	1.747997188521322E-5
80.0	30.656302372036965	19.39841892174925	19.202418786082397	30.742824954448455	3.496568293048787E-5
81.0	30.42060394143077	19.556645870324978	19.19930528864061	30.823409926216645	3.497338700116147E-5
82.0	30.448361846284733	19.74734693820437	19.037362554327597	30.76691117000585	1.7491177450094172E-5
83.0	30.756995045750045	19.628085689365115	18.92145549792268	30.693323791685295	1.3997527686672342E-4
84.0	30.424293213657432	19.723577654127617	18.988975275976905	30.862838809114873	3.1504712317344865E-4
85.0	30.494903257583307	19.720104209327747	18.996788238962868	30.78806421841166	1.4007571442553986E-4
86.0	30.62184982873578	19.64452712070296	19.053987421648042	30.679477983505038	1.5764540818337313E-4
87.0	30.239294160814552	19.796968902079918	19.189740015129033	30.773155836197848	8.410857786588151E-4
88.0	30.263268381796742	20.076793258265056	18.96945642202599	30.69020145301694	2.804848952748287E-4
89.0	30.390242234134817	20.037357181128836	19.079996106434642	30.492264169640187	1.4030866151675417E-4
90.0	30.2618363109819	19.95192408926348	19.25084191627022	30.534292207764864	0.0011054757195418628
91.0	30.359719934969853	20.124336794350945	19.111997921282626	30.403278193482237	6.671559143371806E-4
92.0	30.55816523998713	20.085158082463998	19.252251043132052	30.103705384936458	7.202494803663505E-4
93.0	30.272464821758653	20.05463850766774	19.250230443583686	30.422437716952704	2.2851003721549622E-4
94.0	30.243263741629367	20.30006233563023	19.206216255387528	30.250017940841655	4.397265112168957E-4
95.0	30.510169041358555	20.044885962514535	19.247333762914042	30.197417622677357	1.9361053551090034E-4
96.0	30.359779593848312	20.182455260274317	19.247016691100068	30.210572315858652	1.7613891865147341E-4
97.0	30.296075685722062	20.21723756703514	19.341885205099675	30.144131719554444	6.698225886739346E-4
98.0	30.37797248854365	20.06559536739774	19.35340298019314	30.20278219335568	2.469705097806496E-4
99.0	30.206552875043297	20.01438430818151	19.466304740431028	30.312016617159554	7.414591846138039E-4
100.0	30.1818440734288	20.202849525941797	19.430476439847002	30.184140909854644	6.890509277540703E-4
101.0	30.233341149450165	20.220135095036554	19.402166090007007	30.14357959052743	7.780749788416657E-4
102.0	30.137895978376143	20.114490900621163	19.4898068266934	30.256921347328237	8.84946981056471E-4
103.0	30.110314216241512	20.35223949975961	19.471578748215666	30.064592063087716	0.0012754726954954203
104.0	30.298113091785584	20.226274360366116	19.388477963314426	30.08697499413505	1.5959039882881926E-4
105.0	29.935796978512197	20.304491762023353	19.502482051784508	30.25706945893277	1.597487471704503E-4
106.0	29.910899266028572	20.399707747602527	19.48929746418451	30.199704620388157	3.909017962292902E-4
107.0	30.115537748681515	20.237151844098303	19.568878218520442	30.077507217885234	9.249708145026174E-4
108.0	29.873616267211016	20.28347523478248	19.674181379915687	30.16794357491928	7.835431715370108E-4
109.0	29.898795288987827	20.41283491755978	19.469466444370394	30.218279322007064	6.240270749301401E-4
110.0	30.10279863844329	20.257359851641798	19.548324320966522	30.09130298421115	2.142047372448665E-4
111.0	29.994618339077523	20.285948324258744	19.510567340735633	30.20843703590771	4.289600203898996E-4
112.0	30.090758659495027	20.29361263920641	19.483546145137257	30.131670927913873	4.1162824743367683E-4
113.0	30.360323788682454	20.098430612422295	19.624827383496743	29.91641821539851	0.0
114.0	30.29702241624424	20.14408647701653	19.681796315177277	29.876951189741085	1.4360182087108864E-4
115.0	30.032367917304402	20.524402331611945	19.462749746538513	29.980444046185635	3.5958359500531195E-5
116.0	30.303952676167146	20.2163353603329	19.61158550653586	29.867315969326103	8.104876379922744E-4
117.0	30.14457280485387	20.1598674380921	19.74299531237624	29.952311849578894	2.525950988972961E-4
118.0	30.143569640999985	20.197478747058824	19.743934457400673	29.91489063280029	1.2652174023062383E-4
119.0	30.211226150301872	20.074134579013478	19.818967638595826	29.89549055989153	1.8107219728757468E-4
120.0	30.013935105436612	20.18812573738875	20.01962379206109	29.778260945279765	5.4419833780059706E-5
121.0	29.98762254768318	20.29616826064988	20.0201747020142	29.69503484225564	9.996473970999321E-4
122.0	30.17139485287288	20.118160642380115	20.102243194562572	29.60725427667584	9.470335085952398E-4
123.0	29.99315867548016	20.088457285882875	20.22451734355146	29.69198711006138	0.0018795850241234702
124.0	30.006544305165395	20.109393573854376	20.22897936815913	29.652979944511458	0.0021028083096401693
125.0	30.02786015503109	20.141948451842058	20.31632865271735	29.51171894682934	0.0021437935801627635
126.0	29.90171876942183	20.11426393363974	20.423507664445122	29.556176584908545	0.00433304758475744
127.0	29.887711351851564	20.212802948002455	20.412267767077637	29.48381441051449	0.003403522553856145
128.0	29.96007282680994	20.014449588302877	20.503261573312763	29.519321669441794	0.0028943421326250245
129.0	29.729847562975063	20.158579582139847	20.58011603429117	29.529757225817953	0.0016995947759629267
130.0	29.891593803784026	20.126168751121153	20.644105969606873	29.337631643301982	4.998321859716358E-4
131.0	29.79767519131149	19.96229147469349	20.84213232935575	29.39771548596709	1.855186721760765E-4
132.0	29.69957306567404	20.104194806843964	20.935362295505932	29.260386432922154	4.833990539136824E-4
133.0	29.649965184153192	20.145471918229248	20.985971365852595	29.218367935210665	2.2359655430256598E-4
134.0	29.71966484300697	19.977523738170596	21.149833715625242	29.15168918370049	0.0012885194967005497
135.0	29.631226715148195	20.027059370032113	21.213569138019256	29.127508438039136	6.363387613029672E-4
136.0	29.52301490057902	20.129212382959665	21.27282938428097	29.07411798161269	8.253505676536108E-4
137.0	29.66779726025337	19.870119614795986	21.318695781331666	29.14284210170078	5.452419181986711E-4
138.0	29.47468639259328	19.853435038546515	21.572518485518014	29.09858741921891	7.726641232825185E-4
139.0	29.467159431667962	20.098869101299552	21.48471399593401	28.948955223091144	3.0224800733555916E-4
140.0	29.608876447921045	19.84356042623402	21.747225447241412	28.800167248621932	1.7042998158788098E-4
141.0	29.495177337282602	19.933375104427736	21.731070099491152	28.840206577048683	1.7088174982911824E-4
142.0	29.419888871626625	19.921333570943343	21.923388288263588	28.735294072848795	9.519631765411903E-5
143.0	29.395981922106458	19.832319381976387	22.044594251064836	28.7248889230979	0.002215521754418199
144.0	29.183868947219473	19.807580991629283	22.174573919621416	28.83391865955091	5.74819789205919E-5
145.0	29.21131205663529	19.870681987120125	22.233466709362382	28.684539246882203	0.0
146.0	29.414716035791855	19.663758484988225	22.306594837632858	28.614930641587062	0.0
147.0	29.174538260858913	19.713454197192696	22.546450104709304	28.565460187027718	9.725021137333441E-5
148.0	29.080178870815654	19.813729652772036	22.517427479644365	28.588565072549045	9.892421890425994E-5
149.0	29.210447412034885	19.908130450970507	23.050994889637924	27.830365468318064	6.177903861931263E-5
