#Position (bp)	Coverage	Std
15197.0	57.60862698647715	28.384804056153385
45590.0	55.07639917086171	16.21789454008328
75983.0	54.521929391636235	18.904351195609358
106376.0	56.984766229065904	18.264906716412767
136769.0	51.65436120159247	17.750268256092035
167162.0	65.80419833514296	26.13107322440176
197555.0	52.19905899384727	22.634682648951827
221485.0	68.35730234155837	24.514039076987984
236681.5	84.58556397957605	29.251191670460873
258341.0	55.55598328562498	18.38081628396385
288734.0	56.2927318790511	17.690126580176393
319127.0	57.04599743361958	15.300656559095982
349520.0	57.15770078636528	16.576979096789294
379913.0	52.16230711018984	16.39828630182717
410306.0	58.155496331392094	15.579232958933542
440699.0	60.64146349488369	26.51486379696401
471092.0	55.62093245155135	20.352821850697193
501485.0	60.83265883591616	24.274345285545493
531878.0	55.1114072319284	16.55562853669977
562271.0	54.14022965814497	16.846091745379365
592664.0	52.13368209785148	14.322723001221169
623057.0	55.49517981114072	18.456022919962365
653450.0	56.90955154147336	18.27370171176738
683843.0	57.64472082387392	18.45554959609591
714236.0	45.993715658210775	25.42330339684832
744629.0	59.151778370019414	15.611315051429255
775022.0	51.36926265916494	15.750984362053012
805415.0	54.8793143157964	19.36960898875328
835808.0	54.283552133715	16.181919106576014
866201.0	57.04366136939427	15.866157032067012
896594.0	54.802882242621656	16.192932666385797
926987.0	57.30227354983055	17.07716851432983
957380.0	57.97838318033758	18.16790612092492
987773.0	57.59069522587438	16.32433442189208
1018166.0	54.0269469943737	17.66828035830303
1038382.5	72.47918326693227	25.183199278416037
1053579.0	66.88930378813934	27.55695718068532
1078952.0	52.317869246208005	16.887537567136107
1109345.0	59.709604185174214	19.779081257922346
1139738.0	49.74283552133715	24.00503421137376
1170131.0	54.06916066199454	16.727992986314263
1200524.0	50.410193136577504	23.84883822172565
1230917.0	54.58230513605106	17.520403286070522
1261310.0	58.430526766031655	18.244765020766415
1291703.0	57.29161320040799	18.238775901965894
1322096.0	53.66956207021354	20.039359323274855
1348657.5	60.33686757589089	22.535173660608212
1363854.0	76.42790030014355	24.653059168660644
1382882.0	55.26644293093805	20.166088080709315
1413275.0	52.27654394103906	15.957404723363224
1443668.0	58.870693909781856	19.12403773098101
1474061.0	56.748889546935146	17.770891737977006
1504454.0	56.32872700950877	17.507275304273
1534847.0	53.974665218964894	18.449894620902043
1565240.0	56.58319349850294	18.17198859091115
1595633.0	56.94054552035008	20.301420284819734
1626026.0	58.97657355312079	18.17682498146303
1656419.0	56.385516401803045	17.68206847868376
1686812.0	52.40173724212812	20.385428361159587
1717205.0	53.33849899647945	17.058239910479738
1747598.0	53.114664560918634	14.780265774837176
1777991.0	55.45224229263317	18.48378339010884
1808384.0	55.5702299871681	18.228616687982253
1838777.0	57.00664626723259	17.555283276391624
1869170.0	57.26233014180897	23.100144050435212
1899563.0	68.88329549567335	33.37320288612051
1929956.0	53.22080742276182	17.285870988582236
1960349.0	52.98229855558846	18.5089017133599
1990742.0	55.20307307603724	16.722307675104265
2021135.0	59.507156253084595	25.542854252206332
2051528.0	60.3709406771296	17.78746579459647
2081921.0	55.10844602375547	16.0372647427293
2112314.0	57.98091665844109	21.87344365347783
2142707.0	53.07978810910407	16.05676375930929
2173100.0	54.37028263086895	17.27757864357972
2203493.0	53.12871384858356	15.855171729403663
2233886.0	60.929523245484155	26.25090773561999
2264279.0	51.372717402033366	15.717380854807956
2294672.0	53.56203731122298	17.64604536770417
2325065.0	53.17606027703748	16.333450169700505
2355458.0	66.14075609515349	29.255970703449112
2385851.0	56.340308623696245	16.463069944480026
2416244.0	54.51021616819662	17.674466517824467
2446637.0	64.90208271641497	32.546056799260136
2477030.0	55.29812785838845	16.375016058706926
2507423.0	53.950843944329286	19.166251878453906
2537816.0	55.97703418550324	19.293055535762882
2568209.0	59.86371861941895	26.57796420889227
2598602.0	53.43414602046524	18.24277127107794
2628995.0	57.576382719705194	16.537189300110388
2659388.0	58.91060441549041	19.19555294302487
2689781.0	56.002862501233835	19.689279304755768
2720174.0	53.84410884085151	16.57465768772332
2750567.0	57.587207580692926	16.999496780705694
2780960.0	56.63327081893857	17.353295756778184
2811353.0	55.996117527062154	19.280680619432342
2841746.0	53.51715855624651	18.138683657660817
2872139.0	57.49554173658408	28.82285351607301
2889645.5	106.02510822510823	37.628164822095535
2904842.0	59.51701392930586	23.11491521668902
2932925.0	52.62866449511401	18.430997659587867
2963318.0	54.56937452702925	18.396900770261382
2993711.0	56.7980785049189	19.35065884909999
3024104.0	51.62975027144408	17.65529587902514
3054497.0	54.277004573421515	16.779295682384312
3084890.0	57.16924949823973	16.58352373990981
3115283.0	55.97496133978218	17.795392044606803
3145676.0	55.66804856381404	18.388457252195362
3176069.0	51.13664330602441	15.516557736126515
3206462.0	61.195768762544006	20.947212397720584
3236855.0	57.78531240746224	19.724426623511658
3267248.0	56.271213766327776	18.20379121706332
3297641.0	58.062580199388016	14.588048999969322
3322340.5	68.10943912448701	20.508310837983185
3337537.0	13.322736453850883	36.557162088139805
3358427.0	82.5597341493107	143.91390375318866
3388820.0	34.83769288981016	101.05768034162148
3410819.5	56.475745994414225	145.0613116559694
3426016.0	64.50473580747007	20.88800780253821
3449606.0	54.49442305794097	19.13401556840042
3479999.0	55.77287533313592	19.093272505774515
3510392.0	59.41782647320107	19.19082841461085
3540785.0	55.17026946994374	20.59969454927211
3571178.0	52.6107985391373	20.377175864665944
3601571.0	54.67137169743033	16.255873203706315
3631964.0	53.94436218866186	19.142710327122288
3662357.0	55.539992761491135	17.0130397983335
3692750.0	55.80041456914421	18.873739524229613
3723143.0	56.38048234790906	17.245751680960687
3753536.0	55.17283585036028	17.14558386187333
3783929.0	56.26637712631198	17.728862681339983
3814322.0	55.43220478399631	16.596003592481765
3844715.0	52.75658868818478	18.198701650110785
3875108.0	68.38245648669101	33.61706066874066
3905501.0	63.377554042049155	24.975006095902017
3935894.0	59.14417793570888	16.918800583394397
3966287.0	53.833580100681075	18.224681403869944
3987990.0	74.26727119034811	25.946936730663676
4003186.5	64.51064441887226	22.010938540190036
4027073.0	53.46076399170862	18.38695329105963
4057466.0	53.195900371796135	17.158357700243332
4087859.0	56.34616523541605	19.66682225495522
4118252.0	54.09712762807225	16.255651571328134
4148645.0	54.74750764978778	19.991204923007558
4179038.0	58.30411607936038	16.340263507546883
4209431.0	49.71085447306945	18.172883913561833
4239824.0	52.83502780245451	16.360673424891
4259839.0	66.9294386219778	21.872115502315797
4275035.5	59.45731354788977	23.626506178019554
4300610.0	54.01273319514362	15.358801104312368
4331003.0	55.932912183726515	20.83416541621324
4361396.0	54.863981837923205	19.575034679238332
4391789.0	59.51775079788109	16.5384894494878
4422182.0	51.93373474155233	19.716239558450123
4452575.0	55.442996742671006	14.816405693325231
4482968.0	53.746586385022866	18.232579093861386
4513361.0	57.58566117198039	17.842012588835075
4543754.0	56.77340177014444	18.847528461892214
4574147.0	56.2307768236107	16.026022048119206
4604540.0	55.4961668805317	16.87724048355114
4634933.0	54.257954134175634	16.349911714403806
4665326.0	55.20537623794953	18.54307744292166
4695719.0	53.74119040568552	19.92363848249957
4726112.0	57.61155529233705	17.553970342170363
4756505.0	54.133616293225415	17.88478758480444
4786898.0	62.02951337479025	18.539113072624602
4817291.0	70.4406606784457	31.267802154680567
4847684.0	58.80887046359359	22.994099715407586
4878077.0	56.66722600598822	18.759887334845832
4908470.0	52.64011450004935	16.36711760642275
4938863.0	54.68433520876518	17.291937082915027
4969256.0	56.90402395288389	18.49687379380938
4999649.0	57.501529957556016	17.38751374383594
5030042.0	56.07458954364492	18.47233759642012
5060435.0	56.07880103971309	18.67359689873501
5090828.0	62.90965024841246	26.55238628172566
5121221.0	57.16865725660514	17.462763614398142
5151614.0	56.962063633073406	20.20182198928853
5182007.0	54.539005692100154	17.088394504160977
5212400.0	54.56131346033626	17.185529214188612
5242793.0	53.56740038824729	17.897337168468496
5273186.0	57.17606027703748	17.312486039525137
5303579.0	54.03494225644063	15.50048583218573
5333972.0	55.64018030467542	20.56766848570303
5352383.0	84.41126147145746	27.28144105387482
5367579.5	123.37710732765815	37.43344954338399
5394758.0	107.6879873655118	29.93124806012295
5425151.0	113.72273220807423	34.74743396866837
5455544.0	110.65814496759123	37.05426902565165
5485937.0	105.27170730102326	31.012693979067752
5516330.0	110.38229197512585	30.156583649237824
5546723.0	107.11732964827428	27.245147495540593
5577116.0	164.00398117987694	164.03778104562014
5607509.0	112.058533214885	31.626396163554272
5637902.0	104.9227124666864	35.92161996491106
5668295.0	117.41035764814266	28.56988296696987
5698688.0	115.99631494094035	32.31989673055043
5729081.0	110.49235021221992	33.53651382228753
5759474.0	105.73368867831408	35.708130843881605
5789867.0	114.10920277695521	28.98808918581594
5820260.0	107.69973349126444	33.541481199800394
5850653.0	120.37199355114664	27.742502854761764
5881046.0	105.27322080742276	37.71407730568759
5907241.5	111.96672424765887	47.603324536792364
5922438.0	75.29088743299583	28.651093691932513
5941832.0	57.99901293060902	20.404670400311844
5972225.0	55.684466818017306	18.497747165952678
6002618.0	57.24587898529266	18.313779829286304
6033011.0	56.99884841904386	19.852449005528907
6063404.0	54.85522982265653	18.165109701735812
6093797.0	55.523080972592375	16.53041732096276
6124190.0	56.05958608890205	16.31510770563845
6154583.0	55.35972098838548	17.123457949862075
6184976.0	55.33761063402757	15.881905506426262
6215369.0	53.550389892409434	16.3797563149795
6245762.0	58.46708123581088	16.63535505100953
6276155.0	56.98901062744711	20.098706021688496
6306548.0	53.62876320205311	17.23352852185888
6336941.0	58.37377027605041	17.26893174707281
6367334.0	59.04649096831507	15.537585918839065
6397727.0	74.05001151580956	32.37303392388144
6428120.0	58.15174546770638	16.424179138767485
6458513.0	56.679992103444874	18.876067538197066
6488906.0	56.475899055703614	16.048689201859588
6519299.0	55.473332675287075	15.786879940575702
6549692.0	60.134636264929426	16.447404830365592
6580085.0	59.348270983450135	17.671092094292167
6610478.0	58.24525384134505	16.266808375232888
6640871.0	57.142861843187575	17.741458578213905
6660029.5	75.18071680969207	26.220959994993716
6675226.0	59.756019404512884	25.14440116005562
6701657.0	54.9910176685421	20.07382075906514
6732050.0	57.789359391965256	18.549666289057505
6762443.0	55.56976935478564	17.628315573331147
6792836.0	58.26374494126937	16.088206505894842
6823229.0	55.44668180173066	19.653730129883577
6853622.0	54.76303754153917	16.926943107207155
6884015.0	54.703648866515316	18.018905246171943
6914408.0	56.04629355443688	16.689264119997674
6944801.0	53.4206889744349	15.861112890198433
6975194.0	56.060375744414834	18.522665368839476
7005587.0	54.83993024709637	18.740527828186824
7035980.0	59.3875892475241	18.56460404667968
7066373.0	59.244365478893165	17.27790904269682
7096766.0	55.718323298127856	18.206621452615796
7127159.0	54.232849669331756	15.613251810123845
7157552.0	56.847135853650514	19.899584227810045
7187945.0	55.36666337643536	18.5492237352724
7218338.0	54.20445497318462	14.791268618627772
7248731.0	57.959924982726285	19.172212121514555
7279124.0	53.221629980587636	15.54691218427107
7309517.0	57.55940512618037	20.60494555037246
7327760.5	74.65392189038398	28.316556485292704
7342957.0	69.29848964977982	29.01677035526665
7370303.0	52.483598196953245	18.214665160636148
7400696.0	59.14720494850788	17.879089183363085
7431089.0	53.18616128713849	15.648327944952237
7461482.0	52.69502846050077	19.20292883648366
7491875.0	56.971111769157375	20.001235443696345
7522268.0	56.52854275655579	17.737639661392702
7552661.0	57.02266969367947	24.263141379715897
7583054.0	53.628039351166386	17.69577799027992
7613447.0	55.474582963182314	17.340721491729123
7643840.0	57.37215806271181	16.51979108572125
7674233.0	57.50998585200539	16.882604676724178
7704626.0	55.80347448425624	18.846927055309514
7735019.0	59.8749712104761	19.286047640712752
7765412.0	54.26759451189419	18.428908901919215
7795805.0	2757.9014904747805	2495.0769459628154
7826198.0	93.11209818050209	238.44269837699952
7856591.0	53.19494620471819	14.54610424880703
7886984.0	57.92432468002501	19.12042612563523
7917377.0	60.98733260948244	28.060139597154993
7947770.0	58.85039318264074	17.76366304580938
7978163.0	60.5611489487711	26.398700526061493
8008556.0	52.13397821866877	17.41225021092782
8038949.0	53.787089132366006	19.623640256949326
8069342.0	51.964333892672656	18.968534052779965
8099735.0	53.49113282663771	17.257430448043777
8130128.0	51.236567630704435	16.16097297028952
8160521.0	55.85253183298786	18.327775290157287
8190914.0	55.77442174184845	19.39956541324102
8221307.0	55.10693251735597	14.824058358467399
8251700.0	54.98358174579673	18.50468642983222
8282093.0	56.030961076563685	15.09244154734308
8312486.0	59.16362320271115	19.96357193133431
8342879.0	51.834797486263284	19.72924851078342
8373272.0	53.60105945447965	16.93643388521711
8398726.5	89.43492883603041	45.222345561863456
8413923.0	82.41115723397793	35.84097061531918
8434058.0	57.24058171289442	17.36366866299739
8464451.0	54.24729378475307	17.979954985992737
8494844.0	55.43658079162965	19.08248541542346
8525237.0	62.971013062218276	26.793602732172097
8555630.0	57.39124140427072	17.95871234050564
8586023.0	65.10341196986148	34.69427273754306
8616416.0	62.64929424538545	24.880951702890357
8646809.0	53.290527424077915	17.225759176087927
8677202.0	56.731911953410325	18.0634663479577
8707595.0	54.453163557398085	17.97044499625992
8737988.0	57.97390846576514	19.32762365526714
8768381.0	59.36804527358273	25.145265452795293
8798774.0	64.58987266804857	28.436091364212352
8829167.0	52.149672621985324	16.701753611065218
8859560.0	58.43246800250058	17.39311498230118
8889953.0	55.264797815286414	18.045314337131334
8920346.0	54.1673082617708	15.700430060872154
8950739.0	55.31359194551377	17.273672409103472
8981132.0	56.344684631329585	19.967348235511587
9011525.0	56.9911163754812	18.425394077436383
9041918.0	57.13881485868457	17.035734997456473
9072311.0	58.31566479123482	17.98972880599034
9102704.0	57.21863587010167	16.29489210466463
9133097.0	53.40098048892837	15.512999188294005
9163490.0	54.43200737011812	17.220979531320573
9193883.0	56.89418616128714	18.744228429860478
9224276.0	59.284835323923275	17.396795813881145
9254669.0	57.14858684565525	16.471317903957736
9285062.0	59.126904221366765	14.531633120051856
9315455.0	57.208403250748525	17.372263670196105
9332033.5	79.57235890014472	36.43537982564576
9347230.0	68.79861739476637	27.338729510328672
9376241.0	55.303161912282434	16.828461538636805
9406634.0	59.47076629487053	17.780881326013432
9437027.0	68.38492416016847	23.769165959694597
9467420.0	56.45951370381338	17.994204604132218
9497813.0	55.583028986937784	16.49077754642907
9528206.0	52.117856085282796	14.394642689674278
9558599.0	54.47741256210312	16.5792495749237
9588992.0	56.179613726845	14.693226192024126
9619385.0	56.344947849833844	16.653173888856756
9649778.0	56.55456848616458	16.614156744275775
9680171.0	57.63231665186063	18.402471906332313
9710564.0	55.45263712038956	15.492937926298188
9740957.0	53.53857796203073	18.115356929434615
9771350.0	59.06534399368275	16.050212395325207
9801743.0	55.172177804099626	15.612532139487636
9832136.0	55.72302832889152	19.702429635886762
9862529.0	62.23699536077386	22.28304002893831
9892922.0	61.64123317869246	19.753308643924118
9923315.0	58.15342348567104	16.371450168325254
9953708.0	55.14434244727404	16.330165339129003
9984101.0	56.85193959135327	17.724475810023403
1.0014494E7	57.49346889086303	16.70520074049828
1.0044887E7	57.38235777975191	17.763999221590975
1.007528E7	55.45477577073668	17.6760041103986
1.01041125E7	63.456842182458196	22.120832236435017
1.0119309E7	81.08170458186478	30.17101210041004
1.0136066E7	62.04376007633336	20.60658621380785
1.0166459E7	56.086138255519366	16.817047361521634
1.0196852E7	60.207251669792385	18.513930885262287
1.0227245E7	62.75629256736749	28.402407860656663
1.0257638E7	54.186786431086105	16.64930790818656
1.0288031E7	56.77899516335999	17.558249902465118
1.0318424E7	58.271509887145065	17.23685785117407
1.0348817E7	55.238541769486396	19.213811844367605
1.037921E7	57.052479189287006	17.9640255857904
1.0409603E7	58.20001316092522	17.087815906069046
1.0439996E7	56.48780969302142	18.211544399708778
1.0470389E7	53.784950482018886	19.284512164853517
1.0500782E7	54.234363175731254	15.0902602473115
1.0531175E7	56.82041917546803	19.373112151083305
1.0561568E7	54.727338531898795	19.586277046546456
1.0591961E7	53.906030993978874	18.51676080450568
1.0622354E7	55.17359260356003	16.44824500051239
1.0652747E7	60.98272628565788	27.037888457368112
1.068314E7	110.84812292304149	29.71446553527728
1.0713533E7	107.85263053992696	32.625146602481585
1.0743926E7	115.93597209883855	32.76624365499721
1.0774319E7	104.71315763498174	31.649907508240258
1.0804712E7	102.44000263218504	30.589574599229277
1.0835105E7	62.42753265554568	30.60397141704936
1.0865498E7	57.202513736715694	16.85076782437085
1.0895891E7	52.982463067153624	18.137051046662272
1.0926284E7	56.39844701082486	16.462203549083043
1.0956677E7	56.72954298687198	17.53985548546768
1.098707E7	56.92646333037212	19.139668685280107
1.1017463E7	52.79409732504195	18.165944688034045
1.1047856E7	56.20544204257559	15.202016518272423
1.1078249E7	56.4538874082848	18.084266647039385
1.1108642E7	52.15954331589511	17.557798288012506
1.1139035E7	58.80633698549008	19.553114462848356
1.1169428E7	55.463363274438194	17.603332277574644
1.1196832E7	75.31103829612942	40.500778329052665
1.12120285E7	96.13750418200067	34.11547312962963
1.1230214E7	57.28305859901951	18.0259603973811
1.1260607E7	63.926364623433024	25.456374698668302
1.1291E7	57.04178593755141	15.923488838568773
1.1321393E7	56.09331095976047	15.853044528643826
1.1351786E7	54.2821373342546	14.913686894574134
1.1382179E7	52.87454348040667	17.819172721005522
1.1412572E7	55.72174513868325	19.576794429550347
1.1442965E7	57.96400486954233	18.44758505961242
1.1473358E7	54.871944197677095	18.794438231372137
1.1503751E7	55.18083111242721	17.12718328653708
1.1534144E7	56.39719672292962	17.0743196739191
1.1564537E7	59.03760734379627	15.44035513973202
1.159493E7	55.755667423419865	18.976725541111993
1.1625323E7	53.40983121113414	16.69555880886833
1.1655716E7	57.804395749021154	23.887356433635688
1.1686109E7	55.895666765373605	19.156561347515865
1.1716502E7	55.210541901095645	18.4183177565259
1.1746895E7	54.80933109597605	16.99611417981105
1.1777288E7	53.671075576613035	17.76452801414736
1.1807681E7	56.29816076070148	18.157840439160434
1.1838074E7	56.83413944000263	19.427714411554803
1.1868467E7	56.31503964728721	18.130242381444415
1.189886E7	54.802224196361	18.776487339764067
1.1929253E7	56.17457967295101	17.103334997654212
1.1959646E7	57.08459184680683	14.052945464027035
1.1990039E7	52.68285460467871	18.150581860828
1.2020432E7	62.37577731714539	32.60690235622993
1.2050825E7	73.30839338005462	38.65401479199833
1.2081218E7	57.18599677557332	16.697664393062034
1.2111611E7	57.48530911723094	17.077089520089462
1.21419565E7	65.06234734966004	28.279255964554174
