#Insert size (bp)	insert size
145.0	1.0
146.0	2.0
147.0	6.0
148.0	3.0
149.0	23.0
150.0	6373.0
151.0	12624.0
152.0	12593.0
153.0	12737.0
154.0	13032.0
155.0	12726.0
156.0	13017.0
157.0	12693.0
158.0	12593.0
159.0	12639.0
160.0	12678.0
161.0	12759.0
162.0	12502.0
163.0	12805.0
164.0	12708.0
165.0	12912.0
166.0	12861.0
167.0	13010.0
168.0	12775.0
169.0	12907.0
170.0	12488.0
171.0	12771.0
172.0	12636.0
173.0	12535.0
174.0	12661.0
175.0	12564.0
176.0	12740.0
177.0	12690.0
178.0	12674.0
179.0	12591.0
180.0	12719.0
181.0	12287.0
182.0	12341.0
183.0	12504.0
184.0	12578.0
185.0	12695.0
186.0	12668.0
187.0	12723.0
188.0	12571.0
189.0	12585.0
190.0	12577.0
191.0	12370.0
192.0	12554.0
193.0	12393.0
194.0	12178.0
195.0	12546.0
196.0	12599.0
197.0	12607.0
198.0	12468.0
199.0	12419.0
200.0	12554.0
201.0	12383.0
202.0	12217.0
203.0	12274.0
204.0	12238.0
205.0	12278.0
206.0	12331.0
207.0	12299.0
208.0	12337.0
209.0	12206.0
210.0	12293.0
211.0	12175.0
212.0	12302.0
213.0	12206.0
214.0	12109.0
215.0	12042.0
216.0	12183.0
217.0	12108.0
218.0	12067.0
219.0	12078.0
220.0	12049.0
221.0	12066.0
222.0	11911.0
223.0	11783.0
224.0	11873.0
225.0	11903.0
226.0	11748.0
227.0	11869.0
228.0	11674.0
229.0	11986.0
230.0	11625.0
231.0	11655.0
232.0	11483.0
233.0	11483.0
234.0	11277.0
235.0	11355.0
236.0	11492.0
237.0	11182.0
238.0	11476.0
239.0	11533.0
240.0	11448.0
241.0	11358.0
242.0	11044.0
243.0	11218.0
244.0	11127.0
245.0	11119.0
246.0	10964.0
247.0	10972.0
248.0	11076.0
249.0	11112.0
250.0	11124.0
251.0	10914.0
252.0	10773.0
253.0	10795.0
254.0	10514.0
255.0	10645.0
256.0	10519.0
257.0	10498.0
258.0	10590.0
259.0	10527.0
260.0	10605.0
261.0	10492.0
262.0	10644.0
263.0	10504.0
264.0	10269.0
265.0	10135.0
266.0	10064.0
267.0	9909.0
268.0	9992.0
269.0	9909.0
270.0	9921.0
271.0	9681.0
272.0	9640.0
273.0	9803.0
274.0	9462.0
275.0	9498.0
276.0	9694.0
277.0	9542.0
278.0	9525.0
279.0	9380.0
280.0	9314.0
281.0	9476.0
282.0	9278.0
283.0	9324.0
284.0	9274.0
285.0	9228.0
286.0	9408.0
287.0	9047.0
288.0	9076.0
289.0	8889.0
290.0	8971.0
291.0	9031.0
292.0	8933.0
293.0	8869.0
294.0	8933.0
295.0	8987.0
296.0	8881.0
297.0	8738.0
298.0	8702.0
299.0	8506.0
300.0	8638.0
301.0	8561.0
302.0	8366.0
303.0	8405.0
304.0	8389.0
305.0	8370.0
306.0	8260.0
307.0	8263.0
308.0	8382.0
309.0	8165.0
310.0	8267.0
311.0	8188.0
312.0	7929.0
313.0	8060.0
314.0	7920.0
315.0	7925.0
316.0	7900.0
317.0	7702.0
318.0	7850.0
319.0	7887.0
320.0	7587.0
321.0	7684.0
322.0	7541.0
323.0	7525.0
324.0	7414.0
325.0	7534.0
326.0	7457.0
327.0	7470.0
328.0	7374.0
329.0	7466.0
330.0	7435.0
331.0	7153.0
332.0	7059.0
333.0	7156.0
334.0	6933.0
335.0	7189.0
336.0	7026.0
337.0	7067.0
338.0	6794.0
339.0	6841.0
340.0	6911.0
341.0	7004.0
342.0	6870.0
343.0	6720.0
344.0	6810.0
345.0	6823.0
346.0	6599.0
347.0	6643.0
348.0	6567.0
349.0	6468.0
350.0	6639.0
351.0	6475.0
352.0	6429.0
353.0	6472.0
354.0	6373.0
355.0	6395.0
356.0	6445.0
357.0	6119.0
358.0	6040.0
359.0	6083.0
360.0	6019.0
361.0	6133.0
362.0	5825.0
363.0	5828.0
364.0	6040.0
365.0	5733.0
366.0	5906.0
367.0	5794.0
368.0	5572.0
369.0	5460.0
370.0	5643.0
371.0	5719.0
372.0	5403.0
373.0	5615.0
374.0	5488.0
375.0	5406.0
376.0	5380.0
377.0	5304.0
378.0	5339.0
379.0	5221.0
380.0	5247.0
381.0	5144.0
382.0	5103.0
383.0	5048.0
384.0	5104.0
385.0	4920.0
386.0	5019.0
387.0	4801.0
388.0	4804.0
389.0	4846.0
390.0	4881.0
391.0	4746.0
392.0	4671.0
393.0	4748.0
394.0	4510.0
395.0	4778.0
396.0	4627.0
397.0	4706.0
398.0	4688.0
399.0	4529.0
400.0	4472.0
401.0	4547.0
402.0	4388.0
403.0	4400.0
404.0	4368.0
405.0	4375.0
406.0	4303.0
407.0	4266.0
408.0	4217.0
409.0	4172.0
410.0	4117.0
411.0	4259.0
412.0	3945.0
413.0	3970.0
414.0	3881.0
415.0	3882.0
416.0	3933.0
417.0	3994.0
418.0	3884.0
419.0	3879.0
420.0	3930.0
421.0	3908.0
422.0	3700.0
423.0	3748.0
424.0	3721.0
425.0	3621.0
426.0	3615.0
427.0	3630.0
428.0	3613.0
429.0	3627.0
430.0	3515.0
431.0	3449.0
432.0	3390.0
433.0	3384.0
434.0	3387.0
435.0	3360.0
436.0	3370.0
437.0	3353.0
438.0	3214.0
439.0	3265.0
440.0	3170.0
441.0	3197.0
442.0	3194.0
443.0	3183.0
444.0	3097.0
445.0	3073.0
446.0	3057.0
447.0	2991.0
448.0	3074.0
449.0	2936.0
450.0	2844.0
451.0	2939.0
452.0	2959.0
453.0	2870.0
454.0	2908.0
455.0	2823.0
456.0	2782.0
457.0	2799.0
458.0	2713.0
459.0	2764.0
460.0	2709.0
461.0	2576.0
462.0	2661.0
463.0	2556.0
464.0	2534.0
465.0	2526.0
466.0	2544.0
467.0	2527.0
468.0	2480.0
469.0	2478.0
470.0	2499.0
471.0	2333.0
472.0	2368.0
473.0	2413.0
474.0	2364.0
475.0	2328.0
476.0	2377.0
477.0	2267.0
478.0	2280.0
479.0	2321.0
480.0	2156.0
481.0	2201.0
482.0	2181.0
483.0	2113.0
484.0	2153.0
485.0	2045.0
486.0	2084.0
487.0	2063.0
488.0	2004.0
489.0	1984.0
490.0	1935.0
491.0	1972.0
492.0	1964.0
493.0	1892.0
494.0	1837.0
495.0	1820.0
496.0	1859.0
497.0	1815.0
498.0	1791.0
499.0	1718.0
500.0	1775.0
501.0	1754.0
502.0	1726.0
503.0	1674.0
504.0	1681.0
505.0	1726.0
506.0	1632.0
507.0	1658.0
508.0	1651.0
509.0	1620.0
510.0	1676.0
511.0	1535.0
512.0	1579.0
513.0	1571.0
514.0	1557.0
515.0	1572.0
516.0	1459.0
517.0	1591.0
518.0	1432.0
519.0	1380.0
520.0	1435.0
521.0	1431.0
522.0	1395.0
523.0	1392.0
524.0	1330.0
525.0	1318.0
526.0	1342.0
527.0	1275.0
528.0	1249.0
529.0	1326.0
530.0	1317.0
531.0	1294.0
532.0	1199.0
533.0	1203.0
534.0	1123.0
535.0	1251.0
536.0	1168.0
537.0	1183.0
538.0	1140.0
539.0	1173.0
540.0	1086.0
541.0	1110.0
542.0	1049.0
543.0	1055.0
544.0	999.0
545.0	1062.0
546.0	1034.0
547.0	1007.0
548.0	981.0
549.0	998.0
550.0	950.0
551.0	999.0
552.0	929.0
553.0	932.0
554.0	925.0
555.0	886.0
556.0	898.0
557.0	873.0
558.0	867.0
559.0	856.0
560.0	869.0
561.0	803.0
562.0	796.0
563.0	786.0
564.0	841.0
565.0	757.0
566.0	787.0
567.0	734.0
568.0	735.0
569.0	772.0
570.0	747.0
571.0	754.0
572.0	717.0
573.0	688.0
574.0	715.0
575.0	666.0
576.0	637.0
577.0	652.0
578.0	628.0
579.0	653.0
580.0	671.0
581.0	657.0
582.0	590.0
583.0	620.0
584.0	642.0
585.0	559.0
586.0	586.0
587.0	571.0
588.0	581.0
589.0	528.0
590.0	553.0
591.0	500.0
592.0	512.0
593.0	518.0
594.0	560.0
595.0	475.0
596.0	513.0
597.0	474.0
598.0	477.0
599.0	463.0
600.0	502.0
601.0	446.0
602.0	386.0
603.0	471.0
604.0	440.0
605.0	426.0
606.0	406.0
607.0	402.0
608.0	405.0
609.0	386.0
610.0	423.0
611.0	403.0
612.0	391.0
613.0	389.0
614.0	371.0
615.0	353.0
616.0	360.0
617.0	358.0
618.0	350.0
619.0	345.0
620.0	343.0
621.0	314.0
622.0	328.0
623.0	298.0
624.0	316.0
625.0	282.0
626.0	293.0
627.0	280.0
628.0	295.0
629.0	249.0
630.0	255.0
631.0	320.0
632.0	250.0
633.0	269.0
634.0	270.0
635.0	275.0
636.0	293.0
637.0	240.0
638.0	231.0
639.0	241.0
640.0	236.0
641.0	248.0
642.0	220.0
643.0	195.0
644.0	196.0
645.0	219.0
646.0	202.0
647.0	203.0
648.0	209.0
649.0	183.0
650.0	201.0
651.0	190.0
652.0	200.0
653.0	180.0
654.0	170.0
655.0	161.0
656.0	168.0
657.0	184.0
658.0	170.0
659.0	147.0
660.0	194.0
661.0	170.0
662.0	182.0
663.0	147.0
664.0	144.0
665.0	146.0
666.0	122.0
667.0	144.0
668.0	127.0
669.0	140.0
670.0	130.0
671.0	133.0
672.0	130.0
673.0	122.0
674.0	119.0
675.0	130.0
676.0	124.0
677.0	99.0
678.0	110.0
679.0	94.0
680.0	100.0
681.0	120.0
682.0	90.0
683.0	112.0
684.0	97.0
685.0	85.0
686.0	82.0
687.0	89.0
688.0	86.0
689.0	93.0
690.0	75.0
691.0	84.0
692.0	81.0
693.0	72.0
694.0	72.0
695.0	87.0
696.0	49.0
697.0	71.0
698.0	78.0
699.0	62.0
700.0	56.0
701.0	61.0
702.0	72.0
