# Position (bp)	A	C	G	T	N
0.0	25.56010452441207	23.18693968171686	35.42292189946314	15.828756492856954	0.0012774015509715154
1.0	22.861820819900206	20.118439353508023	12.519631389816713	44.4999311559439	1.7728083115556965E-4
2.0	32.198418317344405	21.016461433345803	13.60493255588911	33.17985920674719	3.2848667348888403E-4
3.0	20.91597780161415	23.67669923189381	10.32916891451182	45.077847200739974	3.0685124024476757E-4
4.0	40.531804515755674	9.886480065108481	10.044823158097255	39.53660596084635	2.863001922410357E-4
5.0	44.8544655979798	10.398710203321587	23.4539493372881	21.285084398267475	0.007790463143033854
6.0	34.79765704669596	13.98808063520943	20.98916822657061	30.225018314386837	7.577713716627986E-5
7.0	40.28600708593817	15.44276910845355	20.078178847386305	24.192988276762716	5.668145926794762E-5
8.0	18.501158288929744	32.948870894521804	23.097287975060592	25.45264513677009	3.770471776510564E-5
9.0	29.8913772622524	19.977047479428254	13.01160289617983	37.11997236213952	0.0
10.0	27.447943471286735	15.176145093369295	28.62889320475881	28.74701823058516	0.0
11.0	27.253399973221025	18.42158955334998	18.433103761770653	35.89190671165834	0.0
12.0	24.983855006820313	20.79632405327801	23.63048421872557	30.589336721176107	0.0
13.0	23.54490167530686	26.75029583320635	18.665042022431532	31.039760469055256	0.0
14.0	32.718211845719225	20.68670890212092	20.579290436899818	26.015770143529593	1.8671730439961986E-5
15.0	32.75472087942579	19.119160762381842	19.658098461019787	28.46801989717258	0.0
16.0	31.692491349352085	18.790622660414115	18.699981748902143	30.81686699419317	3.7247138488585614E-5
17.0	31.633808040943368	18.539154774794916	18.93109965734817	30.8958817234563	5.58034572473903E-5
18.0	31.301065263952697	18.64540771205322	19.424364327109014	30.629162696885064	0.0
19.0	30.81846750700088	19.246572126438753	19.417629424602	30.517330941958363	0.0
20.0	30.547917041691797	19.3685191718407	19.609412758387293	30.474151028080215	0.0
21.0	30.381132742169726	19.460767228680755	19.61260770414016	30.545455286230126	3.703877923146755E-5
22.0	30.586291443497572	19.576762059178794	19.309171900591295	30.527756096306558	1.8500425787299494E-5
23.0	30.8367375077488	19.403535412716796	19.502768128869086	30.256958950665314	0.0
24.0	30.459713235017144	19.566672895442974	19.37161125640819	30.601430205822894	5.724073087919547E-4
25.0	30.60962496211324	19.67106451329048	19.379112777380435	30.340197747215843	0.0
26.0	30.688880066733827	19.42006371856785	19.586953580842703	30.30402891111138	7.372274424068707E-5
27.0	30.398392222742114	19.598873274293847	19.583865732774058	30.418868770189977	0.0
28.0	30.744033683482343	19.580557116849928	19.508178473885092	30.16699154877233	2.3917701030576943E-4
29.0	30.698749600173535	19.40402878015243	19.748982510579317	30.14823910909472	0.0
30.0	30.40126506851781	19.67062885323133	19.659405760183628	30.268443160452392	2.571576148410803E-4
31.0	30.5328998712976	19.852326297651274	19.36515872683742	30.2496151042137	0.0
32.0	30.580136433424926	19.711462362873732	19.50561820833967	30.202562900034717	2.200953269543594E-4
33.0	30.306142104376683	19.5790447554065	19.728286259243287	30.38617865690711	3.482240664250236E-4
34.0	30.444673735119455	19.706178284854474	19.62151288624582	30.225492361433894	0.0021427323463578496
35.0	30.43559183906529	19.421613215939814	19.820560605359063	30.318025068588238	0.0042092710475905674
36.0	30.525702240024376	19.59091787796559	19.66850002185541	30.211606120466673	0.0032737396879485964
37.0	30.48291683832015	19.645206417348437	19.699489736797183	30.16935299035292	0.003034017181310308
38.0	30.665312755045747	19.54462391871562	19.670900106457054	30.11627711567871	0.0028861041028709795
39.0	30.41720870914235	19.575543773725578	19.68913080545291	30.314648126653736	0.003468585025424728
40.0	30.48570930205402	19.400511023272653	19.647191780422013	30.45753806765767	0.009049826593645269
41.0	30.59789324264984	19.503972509012183	19.5882770865155	30.30013742576164	0.009719736060840806
42.0	30.355183488077923	19.69326305122064	19.69816603055522	30.243125804252653	0.010261625893563426
43.0	30.3339812687754	19.890859009369255	19.636597482707046	30.127303829498853	0.011258409649440814
44.0	30.65352994592201	19.585632104689775	19.6690461176977	30.07813531351633	0.01365651817418543
45.0	30.480044932662885	19.626899464258805	19.692183594918795	30.18511063175819	0.015761376401324686
46.0	30.448105763257022	19.71163248468883	19.528180461195184	30.29783665238261	0.014244638476351263
47.0	30.612552551121812	19.72821711789545	19.521785928019305	30.123860532382256	0.013583870581173265
48.0	30.360857807776505	19.586764796500685	19.627118021732212	30.406627817295867	0.018631556694736394
49.0	30.436281237150414	19.887208024299806	19.433503592114445	30.22572749425238	0.017279652182950637
50.0	30.52515219038638	19.616648781859354	19.66076746529536	30.180721315953708	0.01671024650519725
51.0	30.28799696707688	19.720990682258815	19.719864956483434	30.252391350213653	0.018756043967217414
52.0	30.5196577870437	19.753098296377157	19.588177701849848	30.12251244164886	0.016553773080442986
53.0	30.4703779644717	19.62838634755312	19.816588339895848	30.07604652428735	0.008600823791983452
54.0	30.353945122942257	19.57483921149783	19.664176234646728	30.398187356335182	0.00885207457800274
55.0	30.309291063282668	19.838948495616464	19.642933890179958	30.199850028607	0.008976522313911705
56.0	30.51204142162017	19.48369821391018	19.746154794451012	30.251270857656692	0.006834712361946061
57.0	30.28030719480568	19.858480725833186	19.677236297966562	30.181782723817385	0.0021930575771861114
58.0	30.202122533943637	19.865709474610426	19.740283225589128	30.189746612521862	0.0021381533349484243
59.0	30.51225493037762	19.61857688606509	19.674572613650856	30.19307384841915	0.0015217214872871039
60.0	30.24018192905875	19.804237175013807	19.81408997526476	30.140060091214472	0.0014308294482087737
61.0	30.232908510691853	19.729725373991627	19.829229519212994	30.206488756755917	0.0016478393476149697
62.0	30.603510238103947	19.624683120100606	19.558781515541373	30.212481981161552	5.431450925211456E-4
63.0	30.19779012745477	19.75482908432803	19.671634393727743	30.37569208986113	5.4304628329167864E-5
64.0	30.34582652060614	19.676000751466283	19.61113429781159	30.36694793562149	9.049449449594386E-5
65.0	30.471652549174166	19.772451680861973	19.608304049692705	30.147573624401776	1.809586938256713E-5
66.0	30.301589429687365	19.671677928753123	19.766341333585192	30.260264655865416	1.2665210891140522E-4
67.0	30.465001255498684	19.96539599586373	19.440836343032633	30.128748314845783	1.8090759167854026E-5
68.0	30.510890202218704	19.665729182645137	19.94579861482937	29.877563911471793	1.8088834992200095E-5
69.0	30.23658355141749	19.790917751299595	19.817035397549827	30.154902602341295	5.606973917985165E-4
70.0	30.368628914861212	19.76894024273591	19.67129534930702	30.19111740735898	1.8085736882550682E-5
71.0	30.514642386358766	19.647568536126673	19.721498883539628	30.116037007853652	2.531861212772372E-4
72.0	30.34716817078358	19.768461720972084	19.803291744669522	30.08107836357481	0.0
73.0	30.281140112535613	19.914119937321477	19.652013045667978	30.15272690447493	0.0
74.0	30.599163092146664	19.55458346293229	19.723773391104327	30.12246197024167	1.8083575050453174E-5
75.0	30.276120104740823	19.727279631960418	19.79701040174761	30.199589861551146	0.0
76.0	30.42841474518541	19.698036368371035	19.552244608987117	30.32128619363612	1.808382031554458E-5
77.0	30.5110781091875	19.6761129649576	19.76036793688708	30.052440988967827	0.0
78.0	30.394104759662184	19.712652970281095	19.596744061047406	30.29649820900932	0.0
79.0	30.199476007426906	19.93217323803609	19.703925748306318	30.164406920058756	1.8086171927873792E-5
80.0	30.52531736235814	19.7251757014674	19.733333140400557	30.01615570832616	1.808744774536346E-5
81.0	30.26047018132878	19.81243035556649	19.751486953879105	30.175576330299126	3.6178926498892924E-5
82.0	30.23173393121632	19.974606978955958	19.64282968276996	30.15079322435465	3.618270311205621E-5
83.0	30.584284650364303	19.810162403622833	19.487964298560957	30.11748008404255	1.085634093542576E-4
84.0	30.216839832339293	19.847819060782978	19.686253262351514	30.24868972091897	3.9812360724599444E-4
85.0	30.394274120421567	19.798826806441163	19.639191397787183	30.16754478207595	1.628932741367109E-4
86.0	30.437987440145914	19.692346569717472	19.688038306613652	30.181428562119	1.9912140395795424E-4
87.0	30.069317908592915	19.835285324866817	19.85313713959612	30.24135436250554	9.0526443860569E-4
88.0	30.155906642533836	20.09162989850993	19.520391726870468	30.23185442797863	2.173041071381683E-4
89.0	30.31616601613794	19.94539181148855	19.657335881111727	30.081051954755804	5.4336505981543695E-5
90.0	30.241358764207764	19.799502061338522	19.828723303460517	30.12943760250306	9.782684901349775E-4
91.0	30.26092339003984	19.966883553179475	19.64307587935437	30.12855545174704	5.617256792713077E-4
92.0	30.52291576269091	19.968103929208773	19.720391916762097	29.787972147215648	6.162441225716809E-4
93.0	30.206642533382087	19.834068107061277	19.70657880686187	30.252547383795186	1.631688995726244E-4
94.0	30.097669812307913	20.15285651149915	19.742333916253536	30.00666824924998	4.715106894193545E-4
95.0	30.403843390960976	19.870689717724673	19.751490757953732	29.973867292429464	1.0884093115593423E-4
96.0	30.180395071612377	20.15471663259146	19.730045225336422	29.934462003948937	3.8106651080441504E-4
97.0	30.228643713654712	20.11435906772365	19.76824327721628	29.888227543360223	5.263980451391769E-4
98.0	30.266042836824266	19.960938911486288	19.81778270943994	29.95483607035136	3.994718981506449E-4
99.0	30.10836672491272	19.924746339035636	19.907490491119596	30.058615390763215	7.810541688312161E-4
100.0	30.128720537013624	20.133631981114473	19.82844287598031	29.908495962458616	7.08643432974051E-4
101.0	30.209395009384103	20.06678391114868	19.819534384898184	29.903450532371746	8.361621972888349E-4
102.0	30.141006120430475	19.95932806012886	19.81972398144213	30.079050786825462	8.910511730688694E-4
103.0	30.14004834798909	20.187468527234675	19.816562897502845	29.854901455679066	0.0010187715943193296
104.0	30.419116753094627	20.058973158676782	19.708013520764187	29.81362356043393	2.7300703047704886E-4
105.0	30.100164719687005	20.08709785616763	19.790962960103457	30.02142849078819	3.45973253718211E-4
106.0	30.15534483251757	20.067267331166267	19.752518744729368	30.024668696005918	2.003955808766505E-4
107.0	30.388421625335944	20.020268170496873	19.829871309876086	29.760199473793094	0.0012394204980100921
108.0	30.094918357447398	19.991739093962792	19.919925743025644	29.992541477772143	8.753277920221166E-4
109.0	30.12355401010918	20.16223659451671	19.772600921660334	29.941079350112147	5.291236016312333E-4
110.0	30.217226845347454	20.04494159673561	19.873375618134077	29.8640908281025	3.6511168036078875E-4
111.0	30.07533712101285	20.059321315634115	19.782131709541094	30.082789731179965	4.201226319696518E-4
112.0	30.167941866811134	20.022305493138923	19.789380874520088	30.019987944359823	3.8382117004045476E-4
113.0	30.350860701099585	19.852161756648112	19.970269947994353	29.826689305594062	1.8288663881425082E-5
114.0	30.193590041796913	19.96706244318784	20.069857340739738	29.769362069542936	1.2810473257313543E-4
115.0	29.89870117597763	20.435848290204632	19.739590563316984	29.92576840342549	9.156707526337438E-5
116.0	30.344894825716267	20.06127667934498	19.815205985014007	29.777962753836572	6.59756088174202E-4
117.0	30.12075084134946	20.010820625212055	19.930546258172782	29.937588834581984	2.9344068371679304E-4
118.0	30.13910775317321	20.067221159560415	19.876235688478214	29.91723351139801	2.0188739015031802E-4
119.0	30.228976984384854	19.938595149141676	19.893265174291734	29.939015755472337	1.4693670940014742E-4
120.0	30.07635164917577	20.106062951050614	20.05178339497761	29.765618193227866	1.8381156814427883E-4
121.0	29.990087982948683	20.232214938447257	20.03796663101431	29.738994588862848	7.358587268981752E-4
122.0	30.192024710670395	19.985966206950394	20.084913469937266	29.736377535914876	7.180765270725898E-4
123.0	30.08049835933132	19.957721868051394	20.151218679776782	29.808994690078922	0.001566402761586497
124.0	30.115978245271542	20.022690994836516	20.054250328412586	29.805438829674408	0.001641601804950407
125.0	30.09676760672333	20.062413204733257	20.136871127791064	29.702175692635922	0.0017723681164268615
126.0	30.04348361986398	20.105745895333666	20.136292163505505	29.71044983583922	0.00402848545762948
127.0	29.95473611605134	20.23725296630947	20.124588049824123	29.68022289563448	0.0031999721805886726
128.0	30.092922524199906	20.024732681337046	20.128862491068702	29.750927197821277	0.002555105573074075
129.0	29.852355710419985	20.206379508470178	20.112317900433702	29.82753827334396	0.00140860733217185
130.0	30.118036385739156	20.14561494585778	20.13103155763574	29.605020247902758	2.968628645707901E-4
131.0	29.97489174176422	20.00200227122194	20.266903868321133	29.756053527136345	1.4859155635910568E-4
132.0	29.88551358596411	20.249542746082195	20.215253351025968	29.649169653662234	5.206632654958685E-4
133.0	29.793921490071206	20.318822782981425	20.275221876857042	29.611959382274577	7.446781575470897E-5
134.0	29.920556531126962	20.16851238232176	20.374106212046456	29.53579970128316	0.0010251732216553116
135.0	29.8607265733698	20.224703793182925	20.37630420115842	29.537873507068184	3.919252206678966E-4
136.0	29.78432955475574	20.37677389455115	20.354218290408543	29.484098953135916	5.793071486502144E-4
137.0	29.994842642588022	20.024656509891233	20.328652413946422	29.651380603620403	4.678299539168782E-4
138.0	29.785046933896364	20.013778345920066	20.5551668890905	29.64531441596924	6.934151238336335E-4
139.0	29.799203691854686	20.403064132780337	20.324458124375802	29.473142665588302	1.3138540086718117E-4
140.0	29.98257608486808	20.11097311851609	20.556553839860157	29.349802956350345	9.400040532974779E-5
141.0	29.83489169034258	20.290213191525826	20.42013016181236	29.45472728830813	3.766801110076287E-5
142.0	29.8822853146415	20.208760182819436	20.504514154465777	29.404440348073287	0.0
143.0	29.80192222744561	20.196611650843586	20.632683541885203	29.366417867388815	0.002364712436779413
144.0	29.612787112287815	20.236113885005437	20.600257455327025	29.550841547379726	0.0
145.0	29.734723969947723	20.296549560125	20.568392365490993	29.400334104436276	0.0
146.0	29.94142909341001	20.089249266405755	20.539224037302745	29.43009760288149	0.0
147.0	29.703528676269052	20.207911804650905	20.7041415289288	29.384321750726027	9.623942521195771E-5
148.0	29.666784880978607	20.318035772986107	20.511263153305897	29.503759097298232	1.5709543115430188E-4
149.0	29.01783995729658	20.618808400946044	21.52825282629134	28.835098815466033	0.0
