# Position (bp)	A	C	G	T	N
0.0	27.110647187917515	21.882624419531165	34.021445903995016	16.984167867896364	0.0011146206599458052
1.0	23.610101530501893	19.32903352394088	12.027179216797483	45.03354229978606	1.4342897368537308E-4
2.0	33.74957997925463	19.486153081968947	12.758516447394296	34.00552573111705	2.2476026508225664E-4
3.0	22.14497090486335	21.77777319423265	9.87963641461845	46.19742437591859	1.951103669663655E-4
4.0	41.282675369002256	9.158174418062746	9.560076740929457	39.99876832805527	3.051439502715226E-4
5.0	45.98333719519487	9.769892890648928	22.036886623386202	22.20226083224543	0.007622458524573729
6.0	35.41242658403061	13.307465501448354	19.970382994099182	31.309642299055195	8.262136665655014E-5
7.0	40.562883020506064	15.06442231475236	19.639388898123585	24.733250816354847	5.495026314307262E-5
8.0	18.842514558521774	31.858576240470526	22.837914849993883	26.460939501162546	5.4849851274628265E-5
9.0	30.31115821065545	19.125016430073607	12.683907290571328	37.87991806869962	0.0
10.0	28.175397933110485	14.69051895377938	27.330993279546366	29.803089833563767	0.0
11.0	27.87488688913647	17.744441691879043	17.761102754783842	36.61956866420065	0.0
12.0	26.107798611933404	19.947113996838407	22.793201649440885	31.15188574178731	0.0
13.0	24.303890830304915	25.586524631513303	18.088930694218934	32.02065384396285	0.0
14.0	33.458333662377115	19.99211928794744	19.704639408407417	26.84490764126803	0.0
15.0	33.184214965527374	18.49302657140214	18.975153589560808	29.34760487350968	0.0
16.0	32.30926368662898	18.048129868759954	18.063979590560635	31.578572481076844	5.437297358724062E-5
17.0	32.36161844359359	17.898255319588223	18.185947474312812	31.554097263311398	8.149919397297161E-5
18.0	32.089456615751146	17.93076806552688	18.760984445184057	31.218790873537916	0.0
19.0	31.567081941382618	18.527842902774065	18.7316098374585	31.173465318384817	0.0
20.0	31.30491552958579	18.611904591485935	18.871394363722725	31.21178551520554	0.0
21.0	31.05632507162194	18.764149279282623	18.86841532678383	31.311029033813035	8.128849857162559E-5
22.0	31.19062777659376	18.831727145916847	18.73548317910558	31.24213481792044	2.7080463368392604E-5
23.0	31.497711867434464	18.729396251295093	18.804774169381353	30.968117711889086	0.0
24.0	31.187874679339007	18.84254466395485	18.76285112429839	31.20626965794267	4.5987446509160567E-4
25.0	31.313093897481586	18.91314310588865	18.752080204296	31.02168279233376	0.0
26.0	31.48276264641914	18.761215197755014	18.874745428523248	30.881114579865184	1.6214743742189899E-4
27.0	31.20412679238433	18.79968190614286	18.971586568746197	31.02460473272661	0.0
28.0	31.403086530086348	18.853251310984188	18.8391303197392	30.904369839290702	1.6199989956006228E-4
29.0	31.445037190808645	18.77214871141762	19.067046549706088	30.715767548067646	0.0
30.0	31.117902035874646	18.89175560871756	19.06872250403841	30.921350084760668	2.697666087207991E-4
31.0	31.191631628565204	19.112493339345	18.75910109741707	30.93677393467273	0.0
32.0	31.28964338441525	18.94776878386476	18.89569040644586	30.866708735500875	1.8868977325689062E-4
33.0	31.114425447637522	18.86021853064414	18.978160408498713	31.04695310079086	2.4251242876197404E-4
34.0	31.044222443935414	18.981609178064186	18.950094060504714	31.022350413629184	0.0017239038665008847
35.0	31.26574868557882	18.76799032366292	19.04678817018247	30.915864658374353	0.0036081622014313094
36.0	31.28241101766659	18.858706872905607	18.980295716341868	30.875436980935827	0.0031494121501090587
37.0	31.208200071850197	18.929189882308304	18.99816068879312	30.861973619944756	0.0024757371036297805
38.0	31.32393758418927	18.904535318265374	18.977173155960703	30.791582942591088	0.0027709989935624044
39.0	31.195078637077454	18.883011126211187	19.05519320459034	30.863516521760648	0.003200510360374777
40.0	31.159220385612713	18.83835972092713	18.943598198738858	31.05011007826473	0.00871161645656614
41.0	31.34714928409526	18.804165967750954	18.937631987544247	30.902396958318818	0.00865580229072313
42.0	31.109735705290248	18.90778683347837	19.05589528616832	30.917229654370608	0.009352520692452033
43.0	31.078743474854342	19.08961791154498	18.943880254374548	30.87703761342764	0.01072074579848867
44.0	31.33699650919308	18.91063722336463	18.895271763146265	30.844549626810043	0.012544877485974316
45.0	31.164956109194573	18.899137760863933	19.026063229079522	30.895125347628337	0.014717553233631756
46.0	31.174405413206774	19.026374614852752	18.869482912552275	30.91722438896683	0.012512670421362834
47.0	31.297572824526092	18.950846817417805	18.952564962669268	30.787068916685257	0.011946478701576157
48.0	31.087391701833315	18.889095269103397	19.01570595185627	30.99068229119974	0.017124786007278302
49.0	31.115037588536953	19.0889868659509	18.892704740318	30.887839820474582	0.015430984719568018
50.0	31.259258782242565	18.877303644052766	19.044548678554936	30.803594547377195	0.015294347772539239
51.0	31.10036756450488	19.056238361865795	19.014762942222273	30.810898109166203	0.01773302224085844
52.0	31.125517297616863	19.04776466271176	18.923141135206066	30.888099552900357	0.015477351564956058
53.0	31.2261404701075	18.949314406449187	19.021191365967976	30.795441927976068	0.007911829499269697
54.0	31.040407261041313	18.91313389505852	18.995432418538808	31.04228438604738	0.008742039313969805
55.0	31.0508049579101	19.069126316884542	18.98019002390582	30.89124515100133	0.008633550298206045
56.0	31.296051241741473	18.82697547830022	18.978955969892368	30.891636756705747	0.006380553360192424
57.0	31.063110366745438	19.031460291046024	19.013795307065134	30.889194712621	0.002439322522398878
58.0	30.991964577671283	19.159630981672375	19.007740593624195	30.838251612176958	0.002412234855185501
59.0	31.27167428672502	18.95561427675552	18.979358843108983	30.791878607914498	0.0014739854959827194
60.0	31.01930642433616	19.049280460736654	19.13894317511589	30.791290872437504	0.001179067373785527
61.0	31.02320586354933	19.036117718994856	19.05715159988789	30.882104695673235	0.0014201218946891193
62.0	31.266725037964566	18.91597105155143	18.91862348047973	30.898251754621924	4.286753823516489E-4
63.0	30.98367080899591	19.031344877775524	19.01821787239104	30.966712861223712	5.357961381421751E-5
64.0	31.004391143990517	19.046158445505025	18.949211458549872	31.000238951954586	0.0
65.0	31.184601368866026	18.99327728256173	18.990009276316087	30.832085285319717	2.678693643968935E-5
66.0	31.078801774811126	18.941220430417143	19.066496489082876	30.91340094901235	8.035667650143102E-5
67.0	31.076046366743824	19.227928040373502	18.85265397057697	30.843318053813835	5.356849187017783E-5
68.0	31.25507207094766	18.919688393387545	19.190118494290623	30.63512104137417	0.0
69.0	30.96964918351365	19.05011618178137	19.147550326690958	30.832041531906874	6.427761071550622E-4
70.0	31.07856761605627	19.129670699311692	18.968045307601106	30.82371637703093	0.0
71.0	31.213830416020684	19.005306144420434	19.085997675933918	30.694597952368696	2.678112562677877E-4
72.0	31.13857078698386	19.025875720164827	19.097112217032432	30.73844127581888	0.0
73.0	30.989762426595195	19.173276044913777	18.9597299260221	30.877231602468928	0.0
74.0	31.216313566698002	18.937218638108018	19.019059631983332	30.827408163210652	0.0
75.0	30.973860856361245	19.019939449204685	19.11217162039659	30.89400129349996	2.678053751216841E-5
76.0	31.100775227013933	19.061297243911035	18.939796450687872	30.89810429840188	2.6779985281720085E-5
77.0	31.179010766970933	18.964089119079404	19.030744984407242	30.82615512954242	0.0
78.0	31.03898660274908	18.97339966121894	19.06874041738362	30.91887331864836	0.0
79.0	30.96173406943155	19.187412056277555	19.093355458416113	30.757471634383364	2.6781491418406703E-5
80.0	31.227730462263647	19.010953987894368	19.084578713375112	30.676710054100383	2.6782366489903047E-5
81.0	30.955563691702636	19.088856278830463	19.109532924746382	30.845993538280318	5.356644019668526E-5
82.0	30.9699009017382	19.195128947732826	18.970571574047018	30.86434500840617	5.356807578382817E-5
83.0	31.143825250780132	19.09799509823617	18.962968915317344	30.795076807692823	1.3392797353583243E-4
84.0	30.91320880059896	19.063526695248388	19.115145232383867	30.907744253854986	3.750179138021325E-4
85.0	31.01631181222088	19.065379852175457	19.04879774354738	30.869296283705683	2.1430835060524698E-4
86.0	31.17171266881773	18.92427621222464	19.110708426339585	30.79300800166313	2.946909549165703E-4
87.0	30.880040552419548	19.01497487041364	19.175244805493865	30.928989594778557	7.501768943909006E-4
88.0	30.907209964824734	19.19420561989707	18.999600232358244	30.898716242141294	2.6794077865733803E-4
89.0	31.06711616753438	19.1036171671745	19.08494006848627	30.744273003982215	5.359282263482145E-5
90.0	30.967541377240376	19.07303190120916	19.172080010290713	30.786274762027272	0.0010719492324843497
91.0	30.938003867990876	19.133609710286624	19.117823633338478	30.809865949673238	6.968387107840615E-4
92.0	31.08775208409893	19.098470575211575	19.191079324821906	30.62200110487197	6.969109956204505E-4
93.0	30.919123728018878	19.092845809040178	19.10064678392077	30.887222834177276	1.6084484289882083E-4
94.0	30.83310387946393	19.293294593834478	19.082804740432042	30.790421438167705	3.7534810185124365E-4
95.0	31.10107543835234	19.073471796658033	19.15715901080158	30.667918354957667	3.7539923037794925E-4
96.0	30.894514548408925	19.210089392723233	19.2013198788788	30.693834817222683	2.4136276636057397E-4
97.0	30.928573631829455	19.216253223701766	19.183449585528848	30.671213935779434	5.096231604950855E-4
98.0	30.943442184721427	19.134688201413027	19.237324032262954	30.68441145218434	1.3412941825656974E-4
99.0	30.913931108719627	19.125147332296073	19.254738042976356	30.705378604761478	8.049112464614088E-4
100.0	30.79082445909262	19.278838464667803	19.217735815437262	30.711957227608842	6.440331934707915E-4
101.0	30.895079215502292	19.230435801343532	19.21057455629576	30.66323943885004	6.709880083707096E-4
102.0	30.78884553271542	19.137252712325942	19.27665402489413	30.796335031310935	9.126987535756316E-4
103.0	30.864486903458772	19.324999939589745	19.148199250751706	30.661374191073083	9.397151267017906E-4
104.0	31.04325481085671	19.191625152363827	19.123818383126775	30.64105996615838	2.4168749431027357E-4
105.0	30.822603099020775	19.21769991085259	19.22965248625655	30.729910205270038	1.342986000445334E-4
106.0	30.8647282125404	19.25224530588011	19.199507819279408	30.68322313894165	2.955233584349083E-4
107.0	31.064698157404603	19.102889909970287	19.333640929700614	30.49785735034841	9.136525760837465E-4
108.0	30.752162675330986	19.177334001363295	19.409325683960184	30.660505667144754	6.719722007788427E-4
109.0	30.79486685902144	19.284444535256736	19.22820065836523	30.691950242988604	5.377043679876629E-4
110.0	30.897492957557095	19.16036600533814	19.377656463248197	30.564188757639116	2.958162174518122E-4
111.0	30.7517005238154	19.165193242504234	19.270531974044065	30.812170766027236	4.0349360906472606E-4
112.0	30.785002330134287	19.179668959490105	19.32655352151634	30.7084792133725	2.9597548677204826E-4
113.0	30.978600811526302	19.13365960896447	19.390639348798054	30.497100230711176	0.0
114.0	30.876261265166278	19.151253821016248	19.480061793175935	30.492396197856625	2.6922784914409775E-5
115.0	30.676572905358114	19.451905304516654	19.229637058819886	30.641830867681048	5.386362430552956E-5
116.0	30.931289096923862	19.220215482159585	19.361145588532043	30.486784064417805	5.657679667026693E-4
117.0	30.791994271226798	19.17473432059623	19.41772744827839	30.61538225196091	1.6170793767668278E-4
118.0	30.73319336623917	19.250049946521496	19.392812068697296	30.623782848431922	1.6177011011421778E-4
119.0	30.87769238528789	19.13929980316033	19.416650079054136	30.566303789042248	5.394345539118985E-5
120.0	30.727290584356894	19.21642525998369	19.522237637857057	30.53399255408648	5.396371587671881E-5
121.0	30.719909258220508	19.32349649541729	19.48410858132829	30.471675856197383	8.098088365260497E-4
122.0	30.855412823819922	19.166407416289132	19.49781581556928	30.479553786891866	8.101574297917572E-4
123.0	30.750430858986523	19.178797225967877	19.566712154856894	30.502411702613685	0.0016480575750264703
124.0	30.70595565190244	19.20545356991779	19.591793155737317	30.494932553428143	0.001865069014311026
125.0	30.772596534002837	19.18805646929528	19.579930922358503	30.4578746456066	0.001541428736774812
126.0	30.727085152315613	19.169166907694503	19.685052152651384	30.41490788497872	0.0037879023597820007
127.0	30.650290320022023	19.354000390359896	19.628984844994367	30.364098584011433	0.002625860612280311
128.0	30.743930723670687	19.142756616541128	19.67756203485539	30.433340005422536	0.0024106195102542066
129.0	30.51134320243935	19.29963730046173	19.6440433179731	30.543837915611853	0.0011382635139658157
130.0	30.67732713750413	19.275379768426546	19.63021356194555	30.416781238525864	2.9829359791433115E-4
131.0	30.677892655215466	19.138666139176536	19.766878666687287	30.416372599058388	1.8993986232616092E-4
132.0	30.62882097966959	19.261104395491014	19.7513356119378	30.358277427153624	4.6158574796983725E-4
133.0	30.52155615828518	19.37858768891833	19.7253262918669	30.374448345702813	8.151522677264371E-5
134.0	30.626526139472155	19.185687326992205	19.831492448838638	30.35555990624269	7.341784543096275E-4
135.0	30.514981212255794	19.235477051956927	19.859413029942832	30.38961166189898	5.170439454698242E-4
136.0	30.519392799792573	19.350448515008967	19.829848635716914	30.299656396322984	6.536531585610044E-4
137.0	30.629873220615107	19.14729645810468	19.876115719106213	30.34614212398133	5.724781926699892E-4
138.0	30.45912021424591	19.13319256208225	19.95246923653336	30.454508491300764	7.094958377153798E-4
139.0	30.49909825546169	19.420124446756095	19.805517114024106	30.27495969330305	3.0049045505728167E-4
140.0	30.62996140280245	19.20243398653912	19.994781501352215	30.172631654953307	1.9145435290616767E-4
141.0	30.505705112211086	19.28267947049723	19.93832710843753	30.27312397927366	1.6432958050218571E-4
142.0	30.517175305000578	19.295968722644727	19.972479789845668	30.21432131765625	5.4864852779768915E-5
143.0	30.510585681675234	19.270075079499822	20.02183221249214	30.195032965486302	0.0024740608465026676
144.0	30.386792237100106	19.227809609978777	20.02086718097169	30.364530971949428	0.0
145.0	30.436586024350486	19.315606522386126	19.99725318529642	30.250526634016232	2.7633950740272088E-5
146.0	30.668177475418585	19.18762284460558	19.947950954061287	30.196220960500085	2.776541445572985E-5
147.0	30.451855090582363	19.215862341197113	20.047631081922777	30.2845396631215	1.1182317624786278E-4
148.0	30.437116032157828	19.313948416886433	19.854234674918533	30.394615188853123	8.568718408206319E-5
149.0	29.157189496045348	19.55505190900835	21.270541213412315	30.017187338990748	3.0042543245489935E-5
