#Position (bp)	Coverage	Std
15197.0	65.28177540881124	34.3875682927882
45590.0	59.59171519757839	22.886965300506773
75983.0	59.489389004046984	26.2883113454351
106376.0	64.28802684828743	20.141692827357733
136769.0	61.48188727667555	23.13899639882314
167162.0	72.01595762182082	21.695058958055377
197555.0	57.09834501365446	24.533883913388625
221485.0	66.47426575828706	32.42523891037176
236681.5	54.29955129196967	26.36031560108662
258341.0	36.4269404139111	17.375944184923394
288734.0	39.999341953739346	16.79970787192373
319127.0	41.32162010989373	13.722246033086
349520.0	39.26216563024381	14.927670843959039
379913.0	37.701378606916066	14.679731665288713
410306.0	37.70891323660053	14.62920890434092
440699.0	37.38452933241207	16.117629329143167
471092.0	37.44724114105222	14.624396198454862
501485.0	37.821044319415655	16.519433573385516
531878.0	31.310992662784194	12.232917076130756
562271.0	31.60599480143454	13.20829236755474
592664.0	29.40624485901359	11.97485685605175
623057.0	30.921626690356334	14.730845038388896
653450.0	31.989569966768663	13.58332659643168
683843.0	30.50564274668509	12.497712092794066
714236.0	26.72072516697924	17.500031727201662
744629.0	32.646135623334324	12.704226117103506
775022.0	29.154443457375052	10.903814295446484
805415.0	34.47185207120061	13.770825675516955
835808.0	34.83407363537657	15.03879430416511
866201.0	37.34534267759023	14.782454979622235
896594.0	34.34303951567795	12.913552803824944
926987.0	38.265817786990425	14.66120423938482
957380.0	41.715164676076725	17.450658521713265
987773.0	37.62066923304708	13.0151199438309
1018166.0	33.66722600598822	13.849314329112802
1038382.5	48.40637450199203	29.301482768458644
1053579.0	65.60787107551712	35.768446456373
1078952.0	43.51824433257658	16.607621201113112
1109345.0	53.694666535057415	24.97151537519466
1139738.0	51.44951140065147	28.574189788125928
1170131.0	59.56868357845556	21.46687916142296
1200524.0	53.48448655940513	26.597602055452054
1230917.0	54.74109169874642	20.18118665501919
1261310.0	54.293093804494454	22.02783345335849
1291703.0	51.70624814924489	20.640053583515204
1322096.0	48.51784950482019	18.78840280297439
1348657.5	56.52850857897052	32.69109644942415
1363854.0	52.66292574709644	28.148331956534715
1382882.0	31.279603856151088	13.300206850038402
1413275.0	31.381469417300035	12.908506995681796
1443668.0	35.46277103280361	13.770562852571052
1474061.0	33.92972065936235	13.766101265054893
1504454.0	36.150692593689335	14.384611682935509
1534847.0	31.975487776790708	13.952891586614191
1565240.0	31.062053762379495	11.013895441861804
1595633.0	30.563846938439774	12.812087024175499
1626026.0	30.826341591813904	12.383946174674572
1656419.0	29.06106669298852	10.880598546769333
1686812.0	26.737571151251935	12.522742119066164
1717205.0	25.8520712006054	12.14893889807498
1747598.0	26.187082551903398	10.35221050929939
1777991.0	28.317540223077682	10.406809372146487
1808384.0	31.602540058566117	14.055678678592832
1838777.0	29.299937485605238	12.530385534471135
1869170.0	33.12098180502089	18.782708778221476
1899563.0	34.159477511269046	17.406277082916862
1929956.0	28.10367518836574	12.082380178132416
1960349.0	29.468167012140952	12.209330279033905
1990742.0	28.278550982134043	13.79773847209615
2021135.0	32.75066627183891	17.64661498509945
2051528.0	30.487645181456255	11.824473849528433
2081921.0	25.889711446714703	11.156817779420006
2112314.0	28.647320106603495	13.576448066115418
2142707.0	26.22044549731846	11.35493971830398
2173100.0	29.790971605303852	15.170204247053228
2203493.0	26.78603625834896	11.19285480491494
2233886.0	35.93788043299444	20.844580322135897
2264279.0	25.513835422630212	10.339443396890857
2294672.0	28.67341164083835	12.853687676121094
2325065.0	30.113644589214623	11.945612610726311
2355458.0	40.45596025400586	24.76039025556484
2385851.0	29.06366597571809	12.397458195007948
2416244.0	27.024051590826836	11.25372821965408
2446637.0	34.75744414832363	23.40518007861833
2477030.0	28.882999374856052	12.74896377696008
2507423.0	27.60875859572928	11.331097690973026
2537816.0	29.97752772019873	14.70128316777799
2568209.0	35.0122067581351	18.84646704051424
2598602.0	25.97473102359096	12.545832797140903
2628995.0	28.363636363636363	10.910393488735012
2659388.0	30.873786727206923	12.706677194021475
2689781.0	31.073273451123615	12.21758720212072
2720174.0	31.296120817293456	11.633610826623475
2750567.0	32.792912841772775	13.485739368725485
2780960.0	32.68413779488698	13.585057189082853
2811353.0	34.13058928042641	11.355771305111684
2841746.0	33.01006810778798	11.340065179468882
2872139.0	36.80949560754121	18.716424439764925
2889645.5	51.83722943722944	24.40144059334004
2904842.0	42.008574865168974	21.414953667048366
2932925.0	42.41104859671635	17.535580817600575
2963318.0	41.887539894054555	17.885998054274904
2993711.0	45.508176224788606	16.61422110644104
3024104.0	42.01556279406442	14.506303110301532
3054497.0	45.48606587043069	17.244482913819855
3084890.0	50.552627249695654	21.14595041682208
3115283.0	45.83311946829862	16.787000201862075
3145676.0	48.10229329121837	16.2593410026895
3176069.0	45.33636034613233	16.870133030821357
3206462.0	53.01628664495114	18.75266264997212
3236855.0	53.31040042114961	18.706135037468567
3267248.0	46.929227124666866	19.789231767369955
3297641.0	43.3953541933998	15.037634709992595
3322340.5	56.28733031674208	32.924108123336346
3337537.0	168.03635724949504	198.6844356304704
3358427.0	440.48932319942094	375.11612108830025
3388820.0	252.0340209916757	340.76807005717717
3410819.5	302.31728649125387	430.2563210894462
3426016.0	52.33311491034729	21.332780132717396
3449606.0	40.63866679827592	14.717305640493361
3479999.0	43.0496495903662	15.66332812627361
3510392.0	43.675451584246375	18.04911372800885
3540785.0	44.37248708584213	21.31551931811363
3571178.0	41.751357220412594	16.073992778368474
3601571.0	39.91577007863653	16.41929941305484
3631964.0	35.601125259105714	15.260751423325804
3662357.0	41.212779258381865	17.041511712358073
3692750.0	37.01276609745665	12.687881283252196
3723143.0	39.288322969104726	13.916871097875095
3753536.0	34.39617675122561	13.468505910671684
3783929.0	39.99114927779423	18.536074449562854
3814322.0	41.251044648438786	14.493803681065357
3844715.0	42.74244069358076	18.45835638072078
3875108.0	52.611061757641565	27.009897517018477
3905501.0	47.86355410785378	21.42230100673417
3935894.0	42.98321982035337	17.337125542814842
3966287.0	36.29572598953706	14.027726819820705
3987990.0	53.100361177284256	19.903376448921193
4003186.5	53.97802071346375	28.69791674977044
4027073.0	46.11857993616951	16.220523607721283
4057466.0	55.16378771427631	16.651712766305
4087859.0	62.825617740927186	28.065223960851572
4118252.0	58.05675648998125	19.932181928201242
4148645.0	58.64465501924785	26.17125377961601
4179038.0	62.82489389004047	23.839910415003665
4209431.0	52.06198795775343	19.34887768188245
4239824.0	47.59220873227388	17.217620378134125
4259839.0	75.78665559821522	31.931172413696128
4275035.5	39.50713046829832	21.109105480063178
4300610.0	30.20642911196657	11.631721427850623
4331003.0	38.026617971243375	15.874573154756671
4361396.0	35.463264567499095	16.863511338817656
4391789.0	36.913434014411216	16.56886515331272
4422182.0	33.83841674069687	14.65962313260107
4452575.0	32.87227322080742	14.411381667310245
4482968.0	29.84585266344224	13.248468945188959
4513361.0	30.41091698746422	11.895566029648567
4543754.0	32.335702299871684	13.384512131755116
4574147.0	30.16210969631165	11.788734893584145
4604540.0	29.170368176882835	10.60415313445058
4634933.0	29.19290626131017	9.646708964577895
4665326.0	29.568913894646794	13.299939674832869
4695719.0	28.89520613299115	13.41770144027096
4726112.0	30.093607080577765	10.614390456805294
4756505.0	28.05415720725167	11.922550270328404
4786898.0	34.330240515908265	20.08942106219476
4817291.0	41.43546211298654	22.915924692540717
4847684.0	36.728588819794034	17.84982245335123
4878077.0	30.33543908136742	11.578829486232479
4908470.0	28.97907412891126	12.06618964641119
4938863.0	26.952192939163623	12.266159066459009
4969256.0	30.236732142269602	10.534276442162758
4999649.0	30.578027835356824	12.364239235438406
5030042.0	30.77044056197151	14.229658128953199
5060435.0	30.053828184121343	13.001618439962343
5090828.0	39.08564472082387	18.45657199609408
5121221.0	32.27101635244958	12.674398515059936
5151614.0	32.95232454841575	14.063789743514764
5182007.0	34.010923567926824	14.71598209352903
5212400.0	34.26598229855559	12.168725478658317
5242793.0	33.668509196196496	13.569625454369348
5273186.0	36.35172572631856	13.223263719129555
5303579.0	31.995262066923306	14.249242000018791
5333972.0	31.754417135524626	18.982581496981396
5352383.0	49.91258360553741	20.94378405463774
5367579.5	83.6039893173093	38.42003740121639
5394758.0	71.68775704932057	26.598550230154775
5425151.0	84.63534366465963	29.857454809022475
5455544.0	90.89671963939065	35.632170820864914
5485937.0	83.03382357779752	28.711253841092134
5516330.0	83.9501529957556	31.958265504413777
5546723.0	77.84947191787583	27.856653717180198
5577116.0	121.76583423814694	146.51292450840123
5607509.0	74.18185108413121	26.489587631504904
5637902.0	70.56782811831671	24.86123367192506
5668295.0	78.35093607080577	25.32548426634284
5698688.0	77.66153390583358	26.728841248660604
5729081.0	89.1132168591452	33.682055568284014
5759474.0	79.83104662257757	30.939073502720234
5789867.0	85.48879676241239	24.998928019658564
5820260.0	86.56411015694404	32.2878936680275
5850653.0	89.85776330076004	28.861708599372548
5881046.0	74.68989569966769	29.149378098733447
5907241.5	76.18992635694154	37.11869389041803
5922438.0	54.29458010720667	27.512715128577874
5941832.0	35.41206856842036	13.850114928965505
5972225.0	38.85746717994275	16.698238776344937
6002618.0	42.66442930938045	15.785559572835522
6033011.0	40.48646069818708	17.376034128572353
6063404.0	38.09245549962162	13.318038557596111
6093797.0	36.92343631757313	14.747084162550177
6124190.0	39.98002829598921	20.765700702530953
6154583.0	35.36547889316619	13.330407585425789
6184976.0	32.97387556345211	14.178824177116018
6215369.0	28.5520679103741	12.449154312460331
6245762.0	35.90540585003126	14.920740597689809
6276155.0	34.05833580100681	12.954022499244525
6306548.0	33.91234823808114	15.304782592929124
6336941.0	37.07445793439279	14.610876383123648
6367334.0	36.897673806468596	15.750073573055909
6397727.0	46.94587569506136	23.444877706207667
6428120.0	36.90734708650018	15.308707635330338
6458513.0	39.710722863817324	17.487862122629796
6488906.0	38.69624584608298	14.098068513600289
6519299.0	38.238936597242784	13.318171964328453
6549692.0	46.87766920014477	19.013948923798907
6580085.0	42.597440200046066	16.523597763761956
6610478.0	41.46129042871714	14.59607161139757
6640871.0	36.73372158062712	14.984808987050071
6660029.5	59.18563856638062	43.33146490231452
6675226.0	46.01179402732654	25.244876635500248
6701657.0	36.97779093870299	15.442595649869112
6732050.0	41.51847464876781	17.14863383531359
6762443.0	39.27868259138617	14.608033075760508
6792836.0	42.7660974566512	16.300634649040642
6823229.0	39.82074819859836	16.094411226078197
6853622.0	37.042345276872965	12.365391432309806
6884015.0	34.7980785049189	13.97396063010667
6914408.0	32.561642483466585	13.223731495132084
6944801.0	33.43121771460534	13.718571011701597
6975194.0	36.13973612344948	14.422182288188543
7005587.0	34.184779389991114	13.029914279849645
7035980.0	36.67920244793209	15.783717959986824
7066373.0	39.393051031487516	16.514744366648223
7096766.0	33.88793472181094	14.045843644522574
7127159.0	36.33721580627118	14.084541054399288
7157552.0	40.23028328891521	15.27454903173652
7187945.0	39.34192083703484	16.818066659691944
7218338.0	36.74582963182312	14.396875677835752
7248731.0	40.93129997038792	16.01825551023033
7279124.0	35.76366268548679	16.241393956070944
7309517.0	35.64133188563156	15.550155113531217
7327760.5	64.9446997046275	34.1759957753003
7342957.0	40.863121939174455	26.44689487421145
7370303.0	30.71707301023262	14.02014404990456
7400696.0	36.0228013029316	12.828855807972756
7431089.0	33.4209850952522	14.495071473743105
7461482.0	32.73803178363439	14.966674613782262
7491875.0	34.96193202382128	15.491935508664696
7522268.0	34.147106241568785	11.360293260091739
7552661.0	34.652847695192975	17.707241702550185
7583054.0	30.578422663113216	13.673663438367544
7613447.0	28.65511795479222	12.18470685883788
7643840.0	28.27216793340572	11.137288119413174
7674233.0	28.766360675155465	13.126650476011623
7704626.0	29.05366367255618	11.20428100659186
7735019.0	28.800315862205114	12.029898374773577
7765412.0	27.898134438851052	12.834132898727463
7795805.0	1212.2529529825947	1207.2294666417627
7826198.0	45.10568222946073	95.39244788217587
7856591.0	26.91971835620044	12.443175878110987
7886984.0	31.545980982463067	13.579045793098677
7917377.0	38.06399499884842	21.44847579221192
7947770.0	28.624222682854604	10.353314905691143
7978163.0	33.92662784193729	21.425437833842786
8008556.0	28.162438719441976	12.396570414818404
8038949.0	27.984371401309513	13.00001518567407
8069342.0	28.85266344223999	13.224965548154618
8099735.0	26.70131280229	11.36401144381479
8130128.0	25.27243115190998	10.686046517248034
8160521.0	29.941236468923766	14.532201419500423
8190914.0	29.363932484453656	11.118289393159355
8221307.0	27.529167900503406	10.375454255047595
8251700.0	31.500806106669298	12.060351478338767
8282093.0	33.49800941006153	12.663883084884176
8312486.0	37.909058006777876	18.22393215946399
8342879.0	32.022176158983974	11.479637972548831
8373272.0	33.32882571644787	13.406302650068639
8398726.5	54.98849678299864	35.033869360086925
8413923.0	56.141844689683104	40.07738414182887
8434058.0	33.155266015200866	12.310466814698852
8464451.0	34.7619517652091	16.615072643925426
8494844.0	36.93001678017965	15.765045817500017
8525237.0	38.28977067087816	13.856694961716771
8555630.0	37.66344223998947	14.547008993864956
8586023.0	44.23002007041095	23.665625355062733
8616416.0	39.75589773961109	20.789943761103345
8646809.0	31.366005330174712	11.922666175935762
8677202.0	33.69200144770177	13.639478361964946
8707595.0	31.27470141150923	12.850958685790012
8737988.0	32.36978909617346	13.225274043418105
8768381.0	37.50133254367782	22.3747827219037
8798774.0	37.00026321850426	19.475271097439382
8829167.0	27.688283486329087	11.552457893782696
8859560.0	29.104629355443688	12.05720143069177
8889953.0	30.882012305465075	13.12156249197392
8920346.0	28.93116836113579	14.376646147944196
8950739.0	30.829862139308393	13.042255091025305
8981132.0	32.012963511334846	11.988529432591319
9011525.0	30.451386832494325	10.996567154871114
9041918.0	30.472115289704867	11.575998914291837
9072311.0	33.243115190997926	12.69083460324772
9102704.0	31.875201526667325	12.993189968436717
9133097.0	31.016122133385977	11.965298205050628
9163490.0	33.82963182311717	15.010397914006184
9193883.0	40.95456190570197	16.511125954785904
9224276.0	41.115618727996576	17.451216605462186
9254669.0	41.833283979863786	18.687298234967177
9285062.0	37.622511762576906	15.250599713770322
9315455.0	31.655183759418286	12.573606531912779
9332033.5	73.09081041968162	33.063029094576734
9347230.0	43.59433928119005	22.472438590810345
9376241.0	37.46385680913368	14.72809973009392
9406634.0	39.374296713058925	13.9157445093876
9437027.0	46.86121804362847	20.52985977308428
9467420.0	36.051327608330865	13.753228160520127
9497813.0	35.02461093014839	11.376776925080327
9528206.0	32.285131444740564	12.080181022376252
9558599.0	32.12160694896851	10.909387711335526
9588992.0	33.01464152929951	10.77517207447874
9619385.0	32.842529529825946	13.1706789921778
9649778.0	30.886684433915704	12.675413497292508
9680171.0	32.336853880827825	12.09690633842183
9710564.0	28.951995525285426	12.635797419845073
9740957.0	30.97680386931201	13.368921511579964
9771350.0	31.428717138814857	11.617830015557603
9801743.0	28.98525976376139	12.944916188647795
9832136.0	31.389760800184252	12.268421432513662
9862529.0	37.03273780146744	13.78641405095722
9892922.0	39.363866679827595	17.73068318796486
9923315.0	36.46007304313493	13.62545094665931
9953708.0	37.51482249202119	15.068537964142287
9984101.0	37.210640608034744	12.95658249593646
1.0014494E7	39.9018194979107	15.2876347332684
1.0044887E7	40.829138288421674	17.450362503832164
1.007528E7	37.528674365807916	16.13438040866929
1.01041125E7	39.70687885010267	23.28973466958693
1.0119309E7	79.42646587632169	34.56835957199702
1.0136066E7	39.69312012634488	17.75579490076845
1.0166459E7	36.877504688579606	15.37465731390956
1.0196852E7	40.91774421741849	15.856196834492096
1.0227245E7	43.124666864080545	21.827803349073694
1.0257638E7	33.555950383311945	14.00098233459693
1.0288031E7	34.47728095285098	13.157278351252778
1.0318424E7	33.16717665251867	11.78088120549932
1.0348817E7	32.53311617806732	13.988077235318057
1.037921E7	30.26914092060672	12.541536293306391
1.0409603E7	32.085315697693545	10.864534084740672
1.0439996E7	31.173033264238477	11.465826306972168
1.0470389E7	29.845128812555522	12.736690115420068
1.0500782E7	27.822722337380316	11.91535777873644
1.0531175E7	29.878919488040008	13.666195994986388
1.0561568E7	28.981245681571416	13.319047721641532
1.0591961E7	28.275030434639554	11.28988431484554
1.0622354E7	28.64057513243181	11.701607364431961
1.0652747E7	26.35942486756819	11.185038667247694
1.068314E7	27.143355377883065	10.216641253221251
1.0713533E7	34.99282729575889	21.83117504841049
1.0743926E7	29.55081762247886	11.720189704442653
1.0774319E7	26.708386799592013	12.779926547305958
1.0804712E7	25.64728720429046	10.815283399706065
1.0835105E7	32.95841147632679	19.621898960854775
1.0865498E7	28.802980949560755	13.231540661573767
1.0895891E7	28.57960714638239	11.657812114295092
1.0926284E7	31.466159971045965	12.0890909158703
1.0956677E7	31.14506629816076	11.026678344395577
1.098707E7	32.69647616227421	14.218410441137284
1.1017463E7	30.341723423156647	10.668710013049653
1.1047856E7	32.78955680584345	13.511964742232752
1.1078249E7	37.238508867173366	13.232878415813515
1.1108642E7	37.328036060935084	16.7224886905762
1.1139035E7	40.762511104530645	15.71268158055398
1.1169428E7	33.11940249399533	12.566520922538633
1.1196832E7	44.54220765922589	37.088302841451586
1.12120285E7	51.39846102375376	24.50550767323919
1.1230214E7	33.97552067910374	17.63646073183972
1.1260607E7	44.913466916724246	23.353047356756363
1.1291E7	36.76366268548679	14.541064920170102
1.1321393E7	37.33922284736617	13.96387954302858
1.1351786E7	33.726285657881746	12.932000364805537
1.1382179E7	33.83170466883822	15.266401276314513
1.1412572E7	35.90326719968414	15.332698162482549
1.1442965E7	34.3454084822163	12.241062670624471
1.1473358E7	28.803869312012633	12.471766555334455
1.1503751E7	30.360971276280722	12.349963577618595
1.1534144E7	29.787582667061493	11.862148133970178
1.1564537E7	31.643306024413516	12.655727552022558
1.159493E7	28.28269667357615	11.560812560664171
1.1625323E7	30.623104004211495	13.94557602180949
1.1655716E7	39.37502056394565	23.26964530435303
1.1686109E7	30.18632579870365	12.224756634004446
1.1716502E7	30.337150001645117	11.835387580086332
1.1746895E7	29.2488401934656	10.583079859427764
1.1777288E7	30.530845918468067	12.850327556274847
1.1807681E7	30.015069259368932	10.940620051480074
1.1838074E7	31.562925673674858	12.614638666102962
1.1868467E7	33.21646431744151	11.522796946571516
1.189886E7	31.62810515579245	13.622882598040647
1.1929253E7	31.865725660513935	13.637289037354742
1.1959646E7	32.64475372618695	12.761300404363071
1.1990039E7	35.15490408975751	14.258924050542173
1.2020432E7	41.4070674168394	20.805883999534192
1.2050825E7	51.95242325535485	29.508618449987907
1.2081218E7	42.048925739479486	16.081380492331412
1.2111611E7	35.28924423386964	12.48782910257269
1.21419565E7	41.09604594362664	20.01512894023314
