#Position (bp)	insert size
15197.0	305.14196089874525
45590.0	308.5028674422415
75983.0	306.54859611231103
106376.0	308.1626028649802
136769.0	308.5986915589596
167162.0	308.98830409356725
197555.0	313.75163618056723
221485.0	304.68654434250766
236681.5	310.77132412672626
258341.0	304.87118371719333
288734.0	307.20612194519873
319127.0	307.2
349520.0	305.5709645177411
379913.0	309.71907484407484
410306.0	311.95598637673567
440699.0	304.1637548891786
471092.0	304.3261836254251
501485.0	305.73477812177504
531878.0	304.9607598878854
562271.0	308.7844774273346
592664.0	306.6395502645503
623057.0	306.3710292249047
653450.0	307.98654434250767
683843.0	311.0788878111866
714236.0	307.83425211319366
744629.0	311.7760024118179
775022.0	306.1836393989983
805415.0	307.70110387772434
835808.0	309.49900709219855
866201.0	308.5049947423764
896594.0	304.39288786922856
926987.0	309.03888462522383
957380.0	305.758750293634
987773.0	309.47394347938814
1018166.0	304.68210770121595
1038382.5	293.29425837320576
1053579.0	301.4337741166269
1078952.0	304.72952853598014
1109345.0	305.78647360703815
1139738.0	307.64792452830187
1170131.0	306.15747771541766
1200524.0	303.15203932993444
1230917.0	308.76552962298024
1261310.0	304.48097136643713
1291703.0	311.57083175085455
1322096.0	307.65768844221105
1348657.5	301.41430530164536
1363854.0	301.28205128205127
1382882.0	303.8784375
1413275.0	309.7640590637763
1443668.0	309.28868552412644
1474061.0	309.4734397677794
1504454.0	307.7963715136745
1534847.0	309.4584228290887
1565240.0	306.5997482693518
1595633.0	311.9629511338231
1626026.0	308.43139798897175
1656419.0	308.8468802698145
1686812.0	306.9482695810565
1717205.0	311.25272658894323
1747598.0	313.21366553416385
1777991.0	305.1537926235212
1808384.0	303.4015337423313
1838777.0	314.4034262680551
1869170.0	309.84819624819625
1899563.0	313.1136429189501
1929956.0	309.24490500863556
1960349.0	304.8750828363154
1990742.0	307.0899256254226
2021135.0	303.1677690920024
2051528.0	306.05254726049344
2081921.0	309.15695238095236
2112314.0	323.41610284167797
2142707.0	313.942750929368
2173100.0	303.0354563361786
2203493.0	307.987146529563
2233886.0	309.4741961631991
2264279.0	309.91125624279675
2294672.0	304.84194425560844
2325065.0	308.497232171931
2355458.0	303.4163640764948
2385851.0	307.29682804674457
2416244.0	306.2596644784829
2446637.0	309.91967759866594
2477030.0	309.5623721881391
2507423.0	309.9760310186817
2537816.0	300.0521172638436
2568209.0	307.32782291958534
2598602.0	311.2469696969697
2628995.0	310.6346685082873
2659388.0	317.9791271347249
2689781.0	305.86110236220475
2720174.0	304.0171982489056
2750567.0	309.6034845298889
2780960.0	315.2555052790347
2811353.0	306.7782831154065
2841746.0	308.8494495685808
2872139.0	302.3971889640812
2889645.5	317.606258148631
2904842.0	311.0994904800215
2932925.0	306.64993026499303
2963318.0	314.47257089725707
2993711.0	308.4535034602076
3024104.0	310.2211067009106
3054497.0	305.6210844674876
3084890.0	306.5620170015456
3115283.0	308.33557046979865
3145676.0	306.6294498381877
3176069.0	307.4388768898488
3206462.0	303.99485766758494
3236855.0	306.4213617177464
3267248.0	306.55711590861455
3297641.0	315.04482911673324
3322340.5	303.90716253443526
3337537.0	207.50229357798165
3358427.0	244.35122206142466
3388820.0	223.01177388928642
3410819.5	234.36841106119093
3426016.0	303.252518468771
3449606.0	313.80613971476913
3479999.0	312.155737704918
3510392.0	310.99955317247543
3540785.0	302.03604395604395
3571178.0	305.51973837888346
3601571.0	310.5654194179506
3631964.0	304.9284727975697
3662357.0	305.8324208521781
3692750.0	306.6240126382306
3723143.0	307.5572289156627
3753536.0	309.78339041095893
3783929.0	310.0667652131067
3814322.0	309.8714184229221
3844715.0	307.03911253430925
3875108.0	301.86957324958433
3905501.0	311.2966585167074
3935894.0	309.5790322580645
3966287.0	312.5758313057583
3987990.0	302.6955602536998
4003186.5	305.5106121193479
4027073.0	305.7102981602876
4057466.0	306.1793449078217
4087859.0	304.3843155597131
4118252.0	309.74727303238797
4148645.0	308.26203032300594
4179038.0	306.55843345295676
4209431.0	310.3831547283324
4239824.0	308.6461855670103
4259839.0	309.4783137413863
4275035.5	303.5538732394366
4300610.0	310.42105263157896
4331003.0	308.98372093023255
4361396.0	306.336914600551
4391789.0	307.6172677020268
4422182.0	306.23904267589387
4452575.0	308.4221286831028
4482968.0	309.92457180500656
4513361.0	310.70249271608935
4543754.0	303.20489114226064
4574147.0	300.99125647668393
4604540.0	310.4270450751252
4634933.0	309.4209822920147
4665326.0	305.09743252139566
4695719.0	305.2716841039487
4726112.0	310.00756827903916
4756505.0	310.35587929240376
4786898.0	322.7143657238869
4817291.0	305.8148494046229
4847684.0	301.7980412916887
4878077.0	311.39444803098775
4908470.0	307.4315466029362
4938863.0	309.1782861292665
4969256.0	304.41040650406507
4999649.0	309.01873610670054
5030042.0	305.38912
5060435.0	309.6546408658577
5090828.0	307.2030699547056
5121221.0	306.12350230414745
5151614.0	305.67936226749333
5182007.0	307.1581969566466
5212400.0	307.98965814421143
5242793.0	311.55761862658414
5273186.0	305.25399837354297
5303579.0	311.2945205479452
5333972.0	304.0492149758454
5352383.0	297.7330895795247
5367579.5	306.6702694699437
5394758.0	307.928924259056
5425151.0	309.62504347826086
5455544.0	307.4434680098596
5485937.0	308.2437182965672
5516330.0	308.95153001635134
5546723.0	307.36852182792956
5577116.0	306.0153302833293
5607509.0	308.63554852320675
5637902.0	308.5004890317172
5668295.0	306.59666708432525
5698688.0	309.44531944620854
5729081.0	304.96358419774884
5759474.0	309.0704103136234
5789867.0	305.5796785304248
5820260.0	303.64755575580085
5850653.0	307.31714752313553
5881046.0	314.0998962117281
5907241.5	305.8900888346978
5922438.0	308.09068010075566
5941832.0	312.9592398788213
5972225.0	309.15572327044026
6002618.0	306.4089545349642
6033011.0	307.1393106772716
6063404.0	307.1697823303457
6093797.0	307.91757802080554
6124190.0	306.1988289826787
6154583.0	310.8776077885953
6184976.0	311.9059139784946
6215369.0	308.3274974253347
6245762.0	307.0684669939989
6276155.0	307.3668486067222
6306548.0	306.61410550458714
6336941.0	302.4819879042861
6367334.0	304.9592268996558
6397727.0	309.46975973487986
6428120.0	310.0713141025641
6458513.0	308.72767636901824
6488906.0	307.03596021423107
6519299.0	307.4330769230769
6549692.0	305.28396598216136
6580085.0	309.17960710944806
6610478.0	308.78281397544856
6640871.0	310.3811540497618
6660029.5	294.09
6675226.0	303.7642253521127
6701657.0	310.61962042234694
6732050.0	305.91523022432114
6762443.0	309.3785607196402
6792836.0	306.41297322253
6823229.0	312.0812747035573
6853622.0	307.3035009212951
6884015.0	306.10502540937324
6914408.0	312.02775263951736
6944801.0	310.7610154654217
6975194.0	310.33001613770847
7005587.0	311.3604250430787
7035980.0	306.069197630587
7066373.0	310.31651829871413
7096766.0	303.9872611464968
7127159.0	308.87231146202015
7157552.0	310.0867869332033
7187945.0	305.589615576635
7218338.0	312.77321237993596
7248731.0	303.3847262247839
7279124.0	312.34706205381656
7309517.0	312.96277313191257
7327760.5	289.913140311804
7342957.0	305.9135438182355
7370303.0	307.7247386759582
7400696.0	313.6410186199343
7431089.0	307.88056206088993
7461482.0	308.9791231732777
7491875.0	308.14775280898874
7522268.0	308.6663778162912
7552661.0	309.6598812553011
7583054.0	308.4166130070831
7613447.0	311.9069529652352
7643840.0	308.97793345008756
7674233.0	311.46696336870934
7704626.0	308.16942847480556
7735019.0	307.5001704739175
7765412.0	311.00873209919666
7795805.0	306.9137996647855
7826198.0	287.37397319498484
7856591.0	308.72189992748366
7886984.0	305.2296457426973
7917377.0	306.92150866462794
7947770.0	310.5627153687112
7978163.0	315.7143686502177
8008556.0	303.2424760601915
8038949.0	307.36267605633805
8069342.0	307.51313544865235
8099735.0	308.9272660818713
8130128.0	312.103744149766
8160521.0	305.02899967416096
8190914.0	310.67787021630613
8221307.0	318.82119682768564
8251700.0	304.6379849812265
8282093.0	310.34610849056605
8312486.0	305.18373570520964
8342879.0	307.9440879926673
8373272.0	307.2157894736842
8398726.5	305.3317022920422
8413923.0	298.5941114616193
8434058.0	310.6737400530504
8464451.0	310.6950495049505
8494844.0	307.59218916046757
8525237.0	309.13338513338516
8555630.0	309.0255407870732
8586023.0	301.3853937527497
8616416.0	305.2427831236121
8646809.0	307.017252195734
8677202.0	312.44909303686364
8707595.0	314.0531339484569
8737988.0	307.23696110943627
8768381.0	300.9283126293996
8798774.0	308.4148541114058
8829167.0	311.6478723404255
8859560.0	306.3080253080253
8889953.0	308.97817146472636
8920346.0	310.59524617996607
8950739.0	308.4821372115081
8981132.0	309.5817455439459
9011525.0	310.9319858838627
9041918.0	309.4896574014221
9072311.0	308.95535186280307
9102704.0	309.9032159264931
9133097.0	310.34260147011827
9163490.0	309.2065659500291
9193883.0	311.18431845597104
9224276.0	306.5740123750595
9254669.0	307.8782710280374
9285062.0	308.30927291886195
9315455.0	310.8421052631579
9332033.5	284.9344023323615
9347230.0	305.15078787878787
9376241.0	307.459255402239
9406634.0	305.41045330691105
9437027.0	308.52303182579567
9467420.0	313.1752241238794
9497813.0	311.670581655481
9528206.0	306.66470951792337
9558599.0	307.8652028057335
9588992.0	308.49043062200957
9619385.0	309.30684194801313
9649778.0	308.4645569620253
9680171.0	309.04632733922585
9710564.0	306.9897119341564
9740957.0	305.60486418193307
9771350.0	308.43039551541574
9801743.0	308.69123166154895
9832136.0	314.7448947533773
9862529.0	303.795
9892922.0	302.50907752698726
9923315.0	305.9770642201835
9953708.0	306.9362198599948
9984101.0	308.19771154869613
1.0014494E7	303.6340320591862
1.0044887E7	308.55390512697653
1.007528E7	302.7324675324675
1.01041125E7	306.74730603448273
1.0119309E7	287.43152173913046
1.0136066E7	310.3704612365064
1.0166459E7	306.25894513649615
1.0196852E7	306.09372764130694
1.0227245E7	307.1560027130907
1.0257638E7	306.6716114019779
1.0288031E7	306.2876673312447
1.0318424E7	307.4185567010309
1.0348817E7	305.13782726452
1.037921E7	308.71919584954605
1.0409603E7	306.81464460784315
1.0439996E7	307.3559535029846
1.0470389E7	305.7038123167155
1.0500782E7	306.33181019332164
1.0531175E7	308.23492791612057
1.0561568E7	306.68895643363726
1.0591961E7	308.08169596690794
1.0622354E7	308.93582704186684
1.0652747E7	307.5578435043055
1.068314E7	307.0165765765766
1.0713533E7	310.8633453938213
1.0743926E7	305.62050774810416
1.0774319E7	307.09699853587114
1.0804712E7	308.8337801608579
1.0835105E7	307.8482220294883
1.0865498E7	305.86243567753
1.0895891E7	307.23339011925043
1.0926284E7	310.67620528771386
1.0956677E7	309.18867324212533
1.098707E7	309.40935143288084
1.1017463E7	310.34631343759975
1.1047856E7	304.8177724407085
1.1078249E7	311.73780005275654
1.1108642E7	303.07022175290393
1.1139035E7	310.7672849915683
1.1169428E7	307.5858375483487
1.1196832E7	304.72187584711304
1.12120285E7	303.30046948356807
1.1230214E7	301.95772217428816
1.1260607E7	310.691605045672
1.1291E7	308.3727125941873
1.1321393E7	310.94197595399896
1.1351786E7	309.76755803702616
1.1382179E7	310.22273514137333
1.1412572E7	309.32889372111987
1.1442965E7	306.3801086024578
1.1473358E7	307.4665523156089
1.1503751E7	306.869537067012
1.1534144E7	305.96153846153845
1.1564537E7	311.3542056074766
1.159493E7	311.20561719833563
1.1625323E7	308.11764705882354
1.1655716E7	304.4663875892637
1.1686109E7	307.86703155183517
1.1716502E7	304.66568723473716
1.1746895E7	315.55430089671205
1.1777288E7	307.0464148527529
1.1807681E7	307.02882124352334
1.1838074E7	310.7504696305573
1.1868467E7	308.1595650896268
1.189886E7	309.70485133020344
1.1929253E7	311.8147576412473
1.1959646E7	307.7479601087942
1.1990039E7	307.3483240223464
1.2020432E7	304.19133913862083
1.2050825E7	302.57249209008
1.2081218E7	307.88808580088596
1.2111611E7	306.8194062671798
1.21419565E7	302.09821640903687
