#Insert size (bp)	insert size
135.0	1.0
139.0	1.0
143.0	1.0
145.0	1.0
146.0	2.0
147.0	2.0
148.0	10.0
149.0	26.0
150.0	4809.0
151.0	9596.0
152.0	9766.0
153.0	9719.0
154.0	10014.0
155.0	9920.0
156.0	10031.0
157.0	9548.0
158.0	9574.0
159.0	9679.0
160.0	9507.0
161.0	9631.0
162.0	9603.0
163.0	9644.0
164.0	9700.0
165.0	9838.0
166.0	10009.0
167.0	9957.0
168.0	9587.0
169.0	9890.0
170.0	9406.0
171.0	9564.0
172.0	9265.0
173.0	9503.0
174.0	9824.0
175.0	9677.0
176.0	9868.0
177.0	9572.0
178.0	9801.0
179.0	9474.0
180.0	9732.0
181.0	9566.0
182.0	9333.0
183.0	9771.0
184.0	9483.0
185.0	9470.0
186.0	9454.0
187.0	9513.0
188.0	9676.0
189.0	9563.0
190.0	9525.0
191.0	9391.0
192.0	9335.0
193.0	9228.0
194.0	9314.0
195.0	9366.0
196.0	9504.0
197.0	9475.0
198.0	9625.0
199.0	9390.0
200.0	9427.0
201.0	9308.0
202.0	9197.0
203.0	9125.0
204.0	9093.0
205.0	9240.0
206.0	9352.0
207.0	9388.0
208.0	9446.0
209.0	9316.0
210.0	9349.0
211.0	9231.0
212.0	9118.0
213.0	8872.0
214.0	9012.0
215.0	8832.0
216.0	9023.0
217.0	8912.0
218.0	9118.0
219.0	8960.0
220.0	9259.0
221.0	8866.0
222.0	9126.0
223.0	8670.0
224.0	8454.0
225.0	8710.0
226.0	8551.0
227.0	8700.0
228.0	8576.0
229.0	9015.0
230.0	8733.0
231.0	8731.0
232.0	8572.0
233.0	8363.0
234.0	8326.0
235.0	8215.0
236.0	8165.0
237.0	8210.0
238.0	8110.0
239.0	8407.0
240.0	8318.0
241.0	8409.0
242.0	8178.0
243.0	8137.0
244.0	8134.0
245.0	7807.0
246.0	7499.0
247.0	7885.0
248.0	7642.0
249.0	7807.0
250.0	7786.0
251.0	7832.0
252.0	7723.0
253.0	7478.0
254.0	7361.0
255.0	7234.0
256.0	7166.0
257.0	6847.0
258.0	6960.0
259.0	6860.0
260.0	7041.0
261.0	6847.0
262.0	6892.0
263.0	6594.0
264.0	5975.0
265.0	5371.0
266.0	4942.0
267.0	4982.0
268.0	4966.0
269.0	4975.0
270.0	4928.0
271.0	4242.0
272.0	4458.0
273.0	4241.0
274.0	4266.0
275.0	4326.0
276.0	4399.0
277.0	4396.0
278.0	4380.0
279.0	4206.0
280.0	4360.0
281.0	4240.0
282.0	4341.0
283.0	4228.0
284.0	4437.0
285.0	4306.0
286.0	4332.0
287.0	4200.0
288.0	4211.0
289.0	4092.0
290.0	4055.0
291.0	4160.0
292.0	4248.0
293.0	4048.0
294.0	4067.0
295.0	4125.0
296.0	4117.0
297.0	4086.0
298.0	4062.0
299.0	4136.0
300.0	4128.0
301.0	4107.0
302.0	4079.0
303.0	4113.0
304.0	4077.0
305.0	3948.0
306.0	3976.0
307.0	4017.0
308.0	4018.0
309.0	4063.0
310.0	3966.0
311.0	3971.0
312.0	3966.0
313.0	3981.0
314.0	4070.0
315.0	3984.0
316.0	3969.0
317.0	3918.0
318.0	3765.0
319.0	4003.0
320.0	3863.0
321.0	3928.0
322.0	3838.0
323.0	3891.0
324.0	3866.0
325.0	3841.0
326.0	3765.0
327.0	3957.0
328.0	3804.0
329.0	3906.0
330.0	3715.0
331.0	3748.0
332.0	3761.0
333.0	3795.0
334.0	3852.0
335.0	3739.0
336.0	3801.0
337.0	3718.0
338.0	3706.0
339.0	3761.0
340.0	3683.0
341.0	3743.0
342.0	3651.0
343.0	3699.0
344.0	3593.0
345.0	3708.0
346.0	3607.0
347.0	3540.0
348.0	3584.0
349.0	3602.0
350.0	3594.0
351.0	3458.0
352.0	3565.0
353.0	3571.0
354.0	3560.0
355.0	3609.0
356.0	3525.0
357.0	3591.0
358.0	3461.0
359.0	3489.0
360.0	3423.0
361.0	3542.0
362.0	3382.0
363.0	3376.0
364.0	3591.0
365.0	3507.0
366.0	3493.0
367.0	3355.0
368.0	3345.0
369.0	3449.0
370.0	3476.0
371.0	3359.0
372.0	3302.0
373.0	3287.0
374.0	3311.0
375.0	3201.0
376.0	3235.0
377.0	3361.0
378.0	3175.0
379.0	3309.0
380.0	3263.0
381.0	3258.0
382.0	3218.0
383.0	3174.0
384.0	3156.0
385.0	3102.0
386.0	3191.0
387.0	3200.0
388.0	3127.0
389.0	3121.0
390.0	3113.0
391.0	3222.0
392.0	3036.0
393.0	3112.0
394.0	3090.0
395.0	3154.0
396.0	2983.0
397.0	3011.0
398.0	3041.0
399.0	3099.0
400.0	2949.0
401.0	3019.0
402.0	2872.0
403.0	3005.0
404.0	2903.0
405.0	2998.0
406.0	2824.0
407.0	2871.0
408.0	2997.0
409.0	2835.0
410.0	2870.0
411.0	2854.0
412.0	2714.0
413.0	2902.0
414.0	2800.0
415.0	2817.0
416.0	2740.0
417.0	2732.0
418.0	2761.0
419.0	2756.0
420.0	2765.0
421.0	2805.0
422.0	2622.0
423.0	2863.0
424.0	2796.0
425.0	2656.0
426.0	2533.0
427.0	2579.0
428.0	2663.0
429.0	2651.0
430.0	2538.0
431.0	2666.0
432.0	2541.0
433.0	2592.0
434.0	2639.0
435.0	2509.0
436.0	2535.0
437.0	2573.0
438.0	2447.0
439.0	2549.0
440.0	2492.0
441.0	2429.0
442.0	2475.0
443.0	2519.0
444.0	2434.0
445.0	2447.0
446.0	2380.0
447.0	2488.0
448.0	2329.0
449.0	2372.0
450.0	2315.0
451.0	2266.0
452.0	2259.0
453.0	2247.0
454.0	2256.0
455.0	2258.0
456.0	2273.0
457.0	2270.0
458.0	2279.0
459.0	2253.0
460.0	2254.0
461.0	2245.0
462.0	2197.0
463.0	2241.0
464.0	2094.0
465.0	2193.0
466.0	2016.0
467.0	2059.0
468.0	2158.0
469.0	2109.0
470.0	2129.0
471.0	2054.0
472.0	2032.0
473.0	2013.0
474.0	2026.0
475.0	2030.0
476.0	1993.0
477.0	1997.0
478.0	2081.0
479.0	1993.0
480.0	1971.0
481.0	2060.0
482.0	1963.0
483.0	1915.0
484.0	1973.0
485.0	1950.0
486.0	2026.0
487.0	1804.0
488.0	1929.0
489.0	1816.0
490.0	1857.0
491.0	1827.0
492.0	1817.0
493.0	1832.0
494.0	1844.0
495.0	1806.0
496.0	1750.0
497.0	1789.0
498.0	1733.0
499.0	1700.0
500.0	1650.0
501.0	1699.0
502.0	1727.0
503.0	1676.0
504.0	1623.0
505.0	1555.0
506.0	1673.0
507.0	1628.0
508.0	1629.0
509.0	1665.0
510.0	1601.0
511.0	1506.0
512.0	1548.0
513.0	1523.0
514.0	1649.0
515.0	1598.0
516.0	1585.0
517.0	1511.0
518.0	1455.0
519.0	1473.0
520.0	1431.0
521.0	1419.0
522.0	1467.0
523.0	1447.0
524.0	1407.0
525.0	1395.0
526.0	1347.0
527.0	1390.0
528.0	1379.0
529.0	1491.0
530.0	1372.0
531.0	1372.0
532.0	1240.0
533.0	1317.0
534.0	1290.0
535.0	1290.0
536.0	1326.0
537.0	1315.0
538.0	1224.0
539.0	1233.0
540.0	1312.0
541.0	1185.0
542.0	1211.0
543.0	1184.0
544.0	1236.0
545.0	1207.0
546.0	1149.0
547.0	1198.0
548.0	1189.0
549.0	1175.0
550.0	1130.0
551.0	1119.0
552.0	1161.0
553.0	1142.0
554.0	1069.0
555.0	1088.0
556.0	1013.0
557.0	1048.0
558.0	1029.0
559.0	1069.0
560.0	1012.0
561.0	1005.0
562.0	1003.0
563.0	956.0
564.0	981.0
565.0	974.0
566.0	979.0
567.0	970.0
568.0	931.0
569.0	944.0
570.0	990.0
571.0	931.0
572.0	1010.0
573.0	830.0
574.0	882.0
575.0	840.0
576.0	839.0
577.0	885.0
578.0	865.0
579.0	908.0
580.0	812.0
581.0	872.0
582.0	811.0
583.0	819.0
584.0	792.0
585.0	769.0
586.0	792.0
587.0	744.0
588.0	766.0
589.0	734.0
590.0	756.0
591.0	720.0
592.0	698.0
593.0	731.0
594.0	705.0
595.0	718.0
596.0	666.0
597.0	688.0
598.0	655.0
599.0	678.0
600.0	669.0
601.0	639.0
602.0	658.0
603.0	659.0
604.0	639.0
605.0	588.0
606.0	578.0
607.0	603.0
608.0	626.0
609.0	580.0
610.0	590.0
611.0	559.0
612.0	496.0
613.0	517.0
614.0	615.0
615.0	569.0
616.0	560.0
617.0	515.0
618.0	559.0
619.0	555.0
620.0	520.0
621.0	505.0
622.0	521.0
623.0	516.0
624.0	475.0
625.0	509.0
626.0	484.0
627.0	474.0
628.0	439.0
629.0	436.0
630.0	442.0
631.0	478.0
632.0	437.0
633.0	416.0
634.0	410.0
635.0	443.0
636.0	433.0
637.0	400.0
638.0	400.0
639.0	402.0
640.0	376.0
641.0	360.0
642.0	415.0
643.0	367.0
644.0	393.0
645.0	366.0
646.0	350.0
647.0	367.0
648.0	337.0
649.0	337.0
650.0	347.0
651.0	297.0
652.0	318.0
653.0	316.0
654.0	335.0
655.0	332.0
656.0	255.0
657.0	309.0
658.0	306.0
659.0	290.0
660.0	299.0
661.0	260.0
662.0	257.0
663.0	273.0
664.0	274.0
665.0	270.0
666.0	234.0
667.0	262.0
668.0	278.0
669.0	229.0
670.0	241.0
671.0	270.0
672.0	235.0
673.0	249.0
674.0	259.0
675.0	199.0
676.0	239.0
677.0	202.0
678.0	205.0
679.0	186.0
680.0	198.0
681.0	188.0
682.0	208.0
683.0	192.0
684.0	203.0
685.0	190.0
686.0	180.0
687.0	161.0
688.0	159.0
689.0	179.0
690.0	184.0
691.0	178.0
692.0	159.0
693.0	161.0
694.0	180.0
695.0	171.0
696.0	166.0
697.0	124.0
698.0	152.0
699.0	132.0
700.0	135.0
701.0	140.0
702.0	134.0
703.0	110.0
704.0	122.0
705.0	141.0
706.0	123.0
707.0	138.0
708.0	134.0
709.0	125.0
710.0	111.0
711.0	106.0
712.0	88.0
713.0	99.0
714.0	114.0
715.0	104.0
716.0	92.0
717.0	111.0
718.0	101.0
719.0	91.0
720.0	105.0
721.0	85.0
722.0	98.0
723.0	84.0
724.0	110.0
725.0	86.0
726.0	104.0
727.0	83.0
728.0	83.0
729.0	74.0
730.0	74.0
731.0	71.0
732.0	73.0
733.0	73.0
734.0	66.0
735.0	74.0
736.0	64.0
737.0	68.0
738.0	65.0
739.0	67.0
740.0	70.0
741.0	71.0
742.0	57.0
743.0	61.0
744.0	59.0
