# Position (bp)	A	C	G	T	N
0.0	26.86384474793523	22.087026009598954	35.71448973271523	15.333323705497333	0.0013158042532570165
1.0	23.166165020419122	19.15459244391116	12.98317626552784	44.69597411222745	9.215791442953329E-5
2.0	33.85762747007937	19.575710524539254	12.786427944566068	33.78008337271316	1.506881021496562E-4
3.0	21.66537152985308	22.118793994910547	9.453193137638609	46.76219284851265	4.484890851211354E-4
4.0	41.626059107791654	8.863135078030755	9.006252929573645	40.504195982231025	3.569023729249101E-4
5.0	46.60108517849093	9.47440199905351	22.126057217372207	21.79111571892853	0.007339886154814181
6.0	35.25867037275834	13.241500990722777	19.788765752315175	31.71094490590346	1.1797830025123479E-4
7.0	40.87793511993362	15.520416090576388	19.440025546945158	24.161623242544838	0.0
8.0	17.93745749554904	33.311671154041846	22.38557486545939	26.365208506784732	8.797816499249105E-5
9.0	29.994929873984113	19.354540483625073	12.293344091869631	38.35718555052119	0.0
10.0	27.593014054380344	14.665546963183765	27.767099340408247	29.97433964202764	0.0
11.0	27.516597689256766	17.55314872554914	17.578694835549467	37.351558749644624	0.0
12.0	25.90421952151914	19.752983055922577	23.29834629176605	31.04445113079223	0.0
13.0	23.927835907030076	25.905561935556126	18.02634182631014	32.140260331103654	0.0
14.0	33.85163501058807	19.818508495938538	19.976257941049724	26.35359855242367	0.0
15.0	33.35441656633341	18.52028080785013	19.207557587434472	28.917745038381987	0.0
16.0	32.31495545865238	18.111817365469896	18.257826188327144	31.31534327655341	5.771099717677802E-5
17.0	32.368437880396556	18.01624331092552	18.279543256254993	31.335689139575756	8.641284717081458E-5
18.0	31.994816939383153	18.128375646516645	18.78537401487628	31.091433399223924	0.0
19.0	31.32590821441459	18.72618168278645	18.8167253784448	31.13118472435416	0.0
20.0	31.101247371097056	18.827272836704502	19.07470068195276	30.996779110245686	0.0
21.0	30.91421610638122	18.961351793026935	18.961752402296405	31.162679698295438	0.0
22.0	31.081785329795043	19.01378631722587	18.858300247543422	31.046070962447914	5.714298775540058E-5
23.0	31.346728117750562	18.939854694583623	18.90154285733847	30.811874330327342	0.0
24.0	30.955351171902144	19.03376887330378	18.833258711653855	31.177108575113273	5.126680269458315E-4
25.0	31.117033680156247	19.11103451962922	18.911432188669846	30.86049961154469	0.0
26.0	31.31730222664145	18.93681576247038	18.92398209419345	30.8218147374805	8.517921422742736E-5
27.0	31.043416705859606	18.976867235297405	19.074955895539546	30.904760163303447	0.0
28.0	31.322684827435893	18.987372943963724	18.937781816020312	30.751990579950128	1.6983262994319098E-4
29.0	31.253372148070685	18.894373511768073	19.20156577896797	30.650688561193267	0.0
30.0	30.970123556587204	19.040488942678955	19.169786440387107	30.819290588293736	3.1047205299927294E-4
31.0	31.027228908870537	19.330749499675846	18.812357301913917	30.829664289539704	0.0
32.0	31.135263327253366	19.148442006575827	18.928290608853747	30.787891447906464	1.126094105995297E-4
33.0	30.93061481095349	18.956132167513253	19.174878073056632	30.937953201872105	4.2174660451808703E-4
34.0	30.918327230247343	19.13438209062521	19.083189180688787	30.862753577606544	0.0013479208321164604
35.0	31.148478098855627	18.844130967898106	19.139375610593465	30.864677481831908	0.0033378408208956686
36.0	31.190534300579	18.99038293143359	19.04670503107663	30.769659705236467	0.002718031674315918
37.0	31.022611406657607	19.117677525270764	19.106199085420307	30.7511043099022	0.0024076727491199397
38.0	31.180285438049154	19.073758677952295	19.04267806867164	30.700704083505286	0.0025737318216202424
39.0	31.029115313683825	19.07450153349579	19.104889099362307	30.788335088469193	0.0031589649888835183
40.0	30.98403742647712	18.970928325703774	19.120809677781633	30.916849234166357	0.007375335871119358
41.0	31.221189890500995	18.93701008331149	18.962220455914096	30.871594889692755	0.00798468058067054
42.0	30.992610829191968	19.045389664089033	19.124682910715023	30.828193129555455	0.009123466448521887
43.0	30.96132424146522	19.28526317110269	19.039554087646092	30.70429447168504	0.00956402810095487
44.0	31.214813724883665	19.03292886360001	18.98842437385778	30.75179425270636	0.012038784952187631
45.0	31.0378154115934	18.981458271362314	19.166786430881565	30.800236631806925	0.013703254355796644
46.0	31.004861704224428	19.16233593418549	18.968775298177473	30.8521122133894	0.011914850023217254
47.0	31.180526879913273	19.091522262006393	18.980693609836397	30.735459269705128	0.011797978538809227
48.0	30.956608995365738	18.997432144280506	19.066794563477043	30.96219915024084	0.016965146635880952
49.0	31.036860241898378	19.217034360912603	18.879527601742023	30.85234357298445	0.014234222462548287
50.0	31.1130020450432	19.016178323097925	19.08832035508553	30.767909690181096	0.01458958659225329
51.0	30.954443203037453	19.13481031751808	19.074169036667556	30.819854560929905	0.01672288184700619
52.0	31.03083167578354	19.12526911175972	18.995423468683626	30.83453594205708	0.013939801716039575
53.0	31.106275594994713	19.03985858752409	19.151808280391094	30.694979140938084	0.007078396152017301
54.0	30.945727933190632	18.946941095053397	19.01367609688202	31.085996305017527	0.007658569856424015
55.0	30.97351024054895	19.177039157267327	19.03468641482732	30.8070252132448	0.007738974111605992
56.0	31.201808663861495	18.892584378339734	19.008606848542424	30.89101042150209	0.005989687754249766
57.0	30.930935509463648	19.161596969769214	19.018390622340522	30.886526572456148	0.002550325970468334
58.0	30.835547184828933	19.31080812184654	19.06171865083742	30.789847525539432	0.00207851694767292
59.0	31.146588921993672	19.03701747731208	18.973760341627326	30.841524943067196	0.0011083159997328958
60.0	30.928717516993093	19.196066095839466	19.13190828757657	30.741923000103327	0.0013850994875408917
61.0	30.941700930966043	19.12834170392211	19.150969158530106	30.77788037526678	0.0011078313149569968
62.0	31.15879467057124	19.100156334192995	18.905804633760987	30.834745952782978	4.984086918045551E-4
63.0	30.906617364914364	19.083609769764582	19.03637886824129	30.973338626738006	5.537034176236046E-5
64.0	30.99851525599378	19.081396301537005	18.95107984401884	30.968980918659057	2.7679791316517304E-5
65.0	31.13148332138676	19.06910837985116	18.992059911825997	30.80729303602514	5.535091093761675E-5
66.0	30.97611885202466	19.04741612016921	19.10176378082618	30.87456288735507	1.3835962489045376E-4
67.0	31.047263525356595	19.284380484341636	18.80566654317459	30.862689447127178	0.0
68.0	31.20064047732602	19.029385825621528	19.19014142952149	30.579832267530964	0.0
69.0	30.919117118253443	19.096511114577904	19.16635410201004	30.817436792787888	5.808723707227048E-4
70.0	31.036602854205626	19.12523540046913	18.979950199784437	30.858211545540815	0.0
71.0	31.184200846410885	19.065513043257006	19.05619267767742	30.693844520814284	2.489118404043656E-4
72.0	31.11129977970023	19.074901368424953	19.08355738496486	30.73024146690996	0.0
73.0	30.888892146042018	19.21178614995189	18.998952702357013	30.900369001649068	0.0
74.0	31.206806670049904	18.945757100997962	19.01702635468968	30.830409874262454	0.0
75.0	30.937794533459	19.13178726774723	19.073101821737843	30.857316377055927	0.0
76.0	30.97405361068331	19.07015229119867	18.95582811329432	30.999965984823703	0.0
77.0	31.084008359436986	19.091059180046198	19.022779935913196	30.80215252460362	0.0
78.0	30.829134485022706	19.084629864307455	18.9325696951661	31.153610640782325	5.531472140463991E-5
79.0	30.57039243105463	19.388286809218677	19.038166663716503	31.003126438205825	2.7657804368605512E-5
80.0	30.95218469120121	19.101754203499553	18.961430094362637	30.984631010936596	0.0
81.0	30.750570898624176	19.251766639049603	19.011926974769807	30.985652498053206	8.298950321100219E-5
82.0	30.746266178968863	19.505486600299925	18.819122033279285	30.929097519270886	2.766818103844217E-5
83.0	31.008289509658184	19.349374772395457	18.657678339574357	30.984519016947615	1.383614243921229E-4
84.0	30.730879447706904	19.362916720405497	18.83520602775304	31.07066568433009	3.321198044700004E-4
85.0	30.75612689633791	19.441530993991787	18.787367943187025	31.014835760286	1.3840619727588924E-4
86.0	30.94448562075995	19.292388171233547	18.840789968766604	30.9221424321516	1.938070883004475E-4
87.0	30.53840828533452	19.44453367301728	18.94760744350908	31.068481391227294	9.692069118298627E-4
88.0	30.567355024413267	19.70597163917335	18.795529053837708	30.93089499802234	2.4928455333193735E-4
89.0	30.64966582401219	19.727644838452747	18.889524535097134	30.733053987602588	1.1081483533608062E-4
90.0	30.613351584710962	19.64592696862721	19.04318815359975	30.69648032896815	0.001052964093924397
91.0	30.715397720800407	19.699220154206422	18.942960697845162	30.641728526524652	6.929006233611168E-4
92.0	30.91104408429854	19.698850625696526	19.04041384128322	30.348859774117177	8.316746045387256E-4
93.0	30.682653275718536	19.599513923668713	19.01842974716155	30.699264396350767	1.3865710043599338E-4
94.0	30.627403723455014	19.79281096663804	19.134887029158705	30.444537652878477	3.6062786976562517E-4
95.0	30.86395429021771	19.565573918340107	19.162616324486173	30.407772216988267	8.32499677406375E-5
96.0	30.720655222372034	19.744003793112157	19.164904607282143	30.370019978796993	4.1639843667370935E-4
97.0	30.679115092119126	19.716708626091265	19.277731403033187	30.325972800518063	4.720782383595226E-4
98.0	30.678928748525923	19.63110968507229	19.33097481328383	30.358681173370673	3.05579747285549E-4
99.0	30.688656786601825	19.553268253042752	19.372317772499862	30.385201357781703	5.558300738531419E-4
100.0	30.527630087887374	19.709937178818507	19.4577461107917	30.304074980622076	6.116418803428309E-4
101.0	30.597756539070325	19.71042660579675	19.362540249044134	30.328497839060564	7.787670282278015E-4
102.0	30.456144842161503	19.559535354181826	19.517461783869294	30.466245838208756	6.121815786215062E-4
103.0	30.42967476585352	19.765518059268576	19.58932532016885	30.21461884713881	8.630075702467284E-4
104.0	30.625615892519825	19.681265002153012	19.49568255513857	30.197269434072417	1.6711611617689574E-4
105.0	30.297984546761292	19.643130844220806	19.722331061366514	30.33627486989929	2.786777520960747E-4
106.0	30.25166619870251	19.75701925326304	19.705910317619868	30.285181169047892	2.2306136669141718E-4
107.0	30.463749289237306	19.615097241264245	19.811013850316588	30.109302607180783	8.370120010780715E-4
108.0	30.131622478422372	19.68502178352716	19.94955099830115	30.233162610784696	6.421289646228818E-4
109.0	30.247842732337894	19.7395857777897	19.719108217619752	30.292904539369438	5.587328832181226E-4
110.0	30.421563389940054	19.59771180136517	19.870919117719	30.109526137802384	2.795531733897807E-4
111.0	30.338128168115748	19.58530553783835	19.734997258495866	30.341317264762164	2.5177078787471887E-4
112.0	30.483935357331426	19.546747681834802	19.761864901682696	30.207144108940465	3.0795021060994857E-4
113.0	30.727914984447796	19.40740504131891	19.864010308923053	30.000613626372147	5.603893809574645E-5
114.0	30.642258443148368	19.453339185772403	19.953049602225796	29.951268628355628	8.414049780323184E-5
115.0	30.41374813909647	19.829776815121516	19.738437408218356	30.0179253235066	1.1231405705891041E-4
116.0	30.70854409241087	19.525446276958235	19.87996010102941	29.88543102808447	6.185015170155389E-4
117.0	30.53885692409895	19.462297186222738	20.01103442063662	29.987642574848277	1.688941934176303E-4
118.0	30.518417224093934	19.481667327105477	20.0904923303607	29.90928219977419	1.4091866569188526E-4
119.0	30.595686462866816	19.312964260053924	20.13773224643591	29.953391267833148	2.2576281020515629E-4
120.0	30.358099116825805	19.435964431136405	20.40442386822554	29.80142780722822	8.477658402927843E-5
121.0	30.316709427759786	19.514934686745985	20.478941222882362	29.68836756767771	0.0010470949341547086
122.0	30.559840870653836	19.352168060815163	20.441987540952198	29.644983176969326	0.001020350609475259
123.0	30.393568957314493	19.285492059130437	20.62159289744373	29.697586116450946	0.0017599696603939833
124.0	30.43079495795309	19.254098432896523	20.65104690108919	29.662041160738628	0.002018547322567558
125.0	30.443706084333456	19.28819782077781	20.71175092618509	29.554494364586205	0.0018508041174412093
126.0	30.347687907923564	19.263403335198454	20.842879949624667	29.542178790227684	0.003850017025630847
127.0	30.20205251537387	19.404839092049002	20.89644023112934	29.493754766399988	0.0029133950477996727
128.0	30.283987293159846	19.2287216924527	20.947606454113632	29.536995584644803	0.002688975629012903
129.0	30.05771552640491	19.351949532150105	21.01817592118782	29.57046858337378	0.0016904368833844951
130.0	30.241725117384497	19.294045803629693	21.10737159160238	29.356455731365266	4.017560181616678E-4
131.0	30.14445378028066	19.116691277438473	21.27649849992627	29.462126479916083	2.2996243851019984E-4
132.0	30.05271218547825	19.272181976964657	21.387407065511745	29.28703652248726	6.622495580923873E-4
133.0	29.960300978804117	19.327804774496638	21.507789822467732	29.203989053638097	1.153705934201843E-4
134.0	30.097550517541872	19.16274484422891	21.611447175594396	29.127217293618912	0.0010401690159076514
135.0	29.932895891230153	19.191346716333104	21.697988960805333	29.17724741452497	5.210171064388741E-4
136.0	29.84525481744569	19.279584098398495	21.78748026682844	29.087013862226797	6.669551005826288E-4
137.0	30.025024388174913	19.035268293164744	21.85456455414814	29.084648900338788	4.938641734079126E-4
138.0	29.755363200333456	18.976074226424828	22.09179803361449	29.175978637431882	7.859021953450139E-4
139.0	29.79909793119137	19.240138999674812	22.000358727654255	28.96002519843035	3.7914304921422604E-4
140.0	29.856372683979572	19.013594646081508	22.258112976378154	28.871773558568275	1.461349924915841E-4
141.0	29.817030427358638	19.06869216931474	22.248784836090184	28.865375393593588	1.1717364284360513E-4
142.0	29.770683029404832	19.075097321625474	22.429797316721583	28.724363603048165	5.872919995266427E-5
143.0	29.655603981388772	19.04864833029036	22.592054891336357	28.70171977148242	0.0019730255020908184
144.0	29.489545177022634	19.024177138129378	22.645859320608565	28.840418364239422	0.0
145.0	29.59598528872042	19.04124103149715	22.694633039190748	28.668140640591677	0.0
146.0	29.73043041378583	18.868351275435856	22.748059028653127	28.6531294829182	2.9799206983503756E-5
147.0	29.538295161500372	18.88486995890849	22.95762239382193	28.619062451051175	1.5003471803375301E-4
148.0	29.473100462929242	18.97535512359164	22.949152459376627	28.602269534628487	1.2241947400024606E-4
149.0	28.697819765626324	19.086282808166725	24.23380485856645	27.9820925676405	0.0
