#Position (bp)	mapping quality
15197.0	26.063803450314474
45590.0	42.419576616454215
75983.0	42.44839250445643
106376.0	42.44166966066945
136769.0	41.378108110856196
167162.0	34.80473925897566
197555.0	29.44741585464939
221485.0	11.70755038730314
236681.5	16.59296798864757
258341.0	33.80705593953342
288734.0	42.261140906473635
319127.0	42.01880502082988
349520.0	42.401218474895146
379913.0	42.36253706829293
410306.0	41.73077785543332
440699.0	34.519930858947326
471092.0	39.50536580051207
501485.0	32.95682364864571
531878.0	41.70767573702102
562271.0	42.00740682135455
592664.0	42.232588974023884
623057.0	42.269275091216116
653450.0	41.10683470145301
683843.0	42.36156944123871
714236.0	40.95454998811756
744629.0	42.65210529180197
775022.0	42.30784987095005
805415.0	42.42101148894295
835808.0	41.97805446618155
866201.0	41.77472716748441
896594.0	41.24906015397763
926987.0	42.346592858377335
957380.0	42.453643138891145
987773.0	42.43089806324093
1018166.0	42.25931836661298
1038382.5	12.714958847736625
1053579.0	25.618968379792964
1078952.0	42.398389596643106
1109345.0	42.37667576421221
1139738.0	35.90613382959062
1170131.0	42.04224038937934
1200524.0	40.319744530172485
1230917.0	38.66189009620459
1261310.0	42.44266572936678
1291703.0	42.300163918987366
1322096.0	40.611216713922325
1348657.5	31.797104505978318
1363854.0	6.468827126842371
1382882.0	27.15891134881206
1413275.0	41.17012572121156
1443668.0	42.49168599580635
1474061.0	41.188335049736914
1504454.0	41.403891591003415
1534847.0	42.44232587764745
1565240.0	41.13422535852782
1595633.0	41.125401673113174
1626026.0	42.53242217727518
1656419.0	42.090947893751846
1686812.0	42.41192171146948
1717205.0	42.56346264963944
1747598.0	40.87027204285944
1777991.0	42.22112228477148
1808384.0	41.29435416701371
1838777.0	41.627671914952394
1869170.0	28.968675184722336
1899563.0	22.357528204821957
1929956.0	42.42842341261247
1960349.0	41.486237558981095
1990742.0	40.52068833118084
2021135.0	30.347512685969633
2051528.0	42.39594177060277
2081921.0	42.622827774996
2112314.0	37.51218705422671
2142707.0	42.38260649150854
2173100.0	38.22562144025482
2203493.0	42.365745085418645
2233886.0	21.604277369856995
2264279.0	42.18984011699134
2294672.0	42.033204776751035
2325065.0	42.377234923146176
2355458.0	22.39614729606418
2385851.0	42.06622425090453
2416244.0	42.54379783330209
2446637.0	25.805031887109127
2477030.0	42.5089122061968
2507423.0	37.55534355921074
2537816.0	41.156454730344514
2568209.0	28.526873697287726
2598602.0	40.854449300145674
2628995.0	42.339751709865716
2659388.0	40.66653487462527
2689781.0	42.42553657839286
2720174.0	41.526524338639355
2750567.0	42.37305340256352
2780960.0	42.46485344318174
2811353.0	42.29308195744656
2841746.0	42.419059579875906
2872139.0	34.60587476569853
2889645.5	0.9841912747194014
2904842.0	3.9320440718323946
2932925.0	42.297786887344365
2963318.0	42.28672409134325
2993711.0	42.37733474076912
3024104.0	42.38298045621737
3054497.0	42.41285883549446
3084890.0	38.22190366599282
3115283.0	38.456281595341295
3145676.0	41.54802653674179
3176069.0	42.481320233281174
3206462.0	41.22176917863819
3236855.0	42.32648218221363
3267248.0	41.83672527903977
3297641.0	39.00653719155518
3322340.5	33.45665953447243
3337537.0	32.73730787120511
3358427.0	39.93306424240831
3388820.0	36.5346458974918
3410819.5	37.908939693372446
3426016.0	29.18174057160029
3449606.0	38.76589284861282
3479999.0	41.5924879701133
3510392.0	42.206011173487376
3540785.0	41.568244559410296
3571178.0	42.28109088702541
3601571.0	42.1687543275413
3631964.0	42.42506596427994
3662357.0	41.964199492248
3692750.0	40.15460175708867
3723143.0	42.1806321131573
3753536.0	41.8967450829967
3783929.0	41.39347123002079
3814322.0	42.32961779248219
3844715.0	41.024781555434615
3875108.0	28.88948210390442
3905501.0	31.7842102622022
3935894.0	42.439720481418625
3966287.0	42.3185527441766
3987990.0	22.135096491291545
4003186.5	15.271144543766482
4027073.0	42.20159993493532
4057466.0	42.50133872681086
4087859.0	42.05284376360006
4118252.0	39.67664672355469
4148645.0	37.181747286083215
4179038.0	42.1625395339045
4209431.0	41.71570794782345
4239824.0	42.45559949394042
4259839.0	42.43862719002788
4275035.5	34.63903001182912
4300610.0	42.54348171805016
4331003.0	42.36870307672207
4361396.0	41.08180380113839
4391789.0	42.18674136071521
4422182.0	42.3121393240903
4452575.0	42.466125572647826
4482968.0	42.25932609786078
4513361.0	42.094272400433205
4543754.0	42.384523885838014
4574147.0	42.11305888294861
4604540.0	42.5297904858585
4634933.0	41.98280323693168
4665326.0	37.61908471015525
4695719.0	42.086195588308975
4726112.0	42.582309883177444
4756505.0	41.75047674895913
4786898.0	36.23157296489646
4817291.0	21.22759316725798
4847684.0	30.64709681696187
4878077.0	42.38528284082713
4908470.0	41.991863854098895
4938863.0	42.57365245776761
4969256.0	35.69227680538855
4999649.0	41.76392735630403
5030042.0	40.85697482693652
5060435.0	42.34218644969598
5090828.0	21.92287340163141
5121221.0	42.20975456075725
5151614.0	41.66038122054477
5182007.0	41.02360950145788
5212400.0	42.57430150002977
5242793.0	42.46972354774369
5273186.0	41.94555581904315
5303579.0	42.53002677822202
5333972.0	32.27699272208822
5352383.0	1.0062451696542096
5367579.5	32.50211631126946
5394758.0	42.21794046831155
5425151.0	42.3908768031374
5455544.0	34.75065191643886
5485937.0	41.66441542735573
5516330.0	42.05232340073298
5546723.0	41.63302451017062
5577116.0	23.423766134560662
5607509.0	42.437470532584584
5637902.0	41.35330348084268
5668295.0	42.50299077822384
5698688.0	42.56849930540463
5729081.0	42.194240327748524
5759474.0	42.06932022148906
5789867.0	42.53690910959292
5820260.0	41.710269283675096
5850653.0	41.909369556803675
5881046.0	25.548366776062203
5907241.5	8.95312363889343
5922438.0	2.0133456778476666
5941832.0	24.613757213510624
5972225.0	42.315062299162996
6002618.0	42.08004241536207
6033011.0	42.21438027476524
6063404.0	41.52356824997582
6093797.0	42.58684439866193
6124190.0	31.80542056582392
6154583.0	42.53527007627949
6184976.0	42.55440017960935
6215369.0	42.54206869689773
6245762.0	42.19906476197982
6276155.0	41.108115366594696
6306548.0	42.000716019629415
6336941.0	42.34210031203297
6367334.0	42.04234143696759
6397727.0	21.394585604691812
6428120.0	42.50363859234661
6458513.0	40.80471577426325
6488906.0	42.55955428770635
6519299.0	42.33992889323316
6549692.0	42.33013932941359
6580085.0	42.58014975314058
6610478.0	41.843474458648416
6640871.0	28.49586366763163
6660029.5	8.331173358749815
6675226.0	36.08667597179058
6701657.0	42.5447935963896
6732050.0	42.128144636020636
6762443.0	42.277730635945645
6792836.0	42.00555320474846
6823229.0	41.98495296924989
6853622.0	41.95689838945203
6884015.0	42.43212955906575
6914408.0	42.558469392085655
6944801.0	42.40862830007627
6975194.0	41.53819072373782
7005587.0	42.50245144748012
7035980.0	42.52102412021625
7066373.0	42.53089646221037
7096766.0	42.22272407753341
7127159.0	41.923810912199144
7157552.0	42.55546368380634
7187945.0	41.91192328632396
7218338.0	41.68710244122577
7248731.0	42.513980024517195
7279124.0	42.37313620953756
7309517.0	37.57964065443985
7327760.5	17.21111344129084
7342957.0	16.042712851723127
7370303.0	41.99284263654904
7400696.0	41.24621200704029
7431089.0	40.08799977160049
7461482.0	42.502158276273434
7491875.0	42.22758747899017
7522268.0	42.253097560012066
7552661.0	30.252186660893805
7583054.0	42.28958434208119
7613447.0	42.46327597986026
7643840.0	42.51352650370777
7674233.0	42.34634380118404
7704626.0	42.078936341769456
7735019.0	42.064719739343424
7765412.0	42.32414837458781
7795805.0	5.705081972089679
7826198.0	20.29724552610444
7856591.0	42.23129394710886
7886984.0	42.296112651847096
7917377.0	27.894874053379827
7947770.0	41.8508568052452
7978163.0	28.235552771129207
8008556.0	42.282747292161496
8038949.0	42.36022757601446
8069342.0	41.735632367413636
8099735.0	42.469681454728274
8130128.0	41.358251801511514
8160521.0	41.829861187423354
8190914.0	42.378152249181475
8221307.0	42.28360069511673
8251700.0	42.43121399116778
8282093.0	34.2877709077158
8312486.0	31.681655484867683
8342879.0	41.16315335217056
8373272.0	42.16026942741245
8398726.5	9.2610163241572
8413923.0	5.364382800763914
8434058.0	42.43652003397877
8464451.0	42.459795365918296
8494844.0	42.449295892602905
8525237.0	42.1178354977611
8555630.0	42.19074171948231
8586023.0	28.034273289180923
8616416.0	29.264832189992394
8646809.0	42.082584099350996
8677202.0	42.524606909563566
8707595.0	42.571860810577654
8737988.0	42.35702342411937
8768381.0	26.272513594752663
8798774.0	33.32765401952249
8829167.0	42.50817202001117
8859560.0	42.29191805800965
8889953.0	42.40468273391029
8920346.0	40.683948118116014
8950739.0	42.20597921904949
8981132.0	42.35195021429232
9011525.0	39.68813917530786
9041918.0	41.65609589921167
9072311.0	42.3695551477793
9102704.0	42.54577340849293
9133097.0	42.441954951504925
9163490.0	41.79016401733542
9193883.0	42.50048765517396
9224276.0	41.993202771707075
9254669.0	42.32695158792518
9285062.0	42.100863956007245
9315455.0	36.80352480417755
9332033.5	19.116511486315915
9347230.0	19.073571900623346
9376241.0	42.409930627705535
9406634.0	42.10457398368685
9437027.0	32.37492215217381
9467420.0	42.359058252746166
9497813.0	42.47498785818358
9528206.0	42.49024909247668
9558599.0	42.46151994526116
9588992.0	41.28244074728875
9619385.0	41.91399773388247
9649778.0	42.464694659537955
9680171.0	42.07370265380835
9710564.0	42.57420181876451
9740957.0	42.39496302622047
9771350.0	41.713780067901084
9801743.0	42.566375579063035
9832136.0	42.21264133480219
9862529.0	32.72211817303045
9892922.0	28.767143714486796
9923315.0	38.64682334489334
9953708.0	41.78562921202468
9984101.0	42.40319892337633
1.0014494E7	42.30576481608528
1.0044887E7	41.68023321406698
1.007528E7	39.958631748478226
1.01041125E7	31.834218006327536
1.0119309E7	20.95950219855581
1.0136066E7	34.610324330462795
1.0166459E7	42.40917615527231
1.0196852E7	41.94222398768749
1.0227245E7	29.603885135135137
1.0257638E7	42.517519948699146
1.0288031E7	42.09676314192246
1.0318424E7	42.50380338276871
1.0348817E7	41.76712490859939
1.037921E7	42.465706490429035
1.0409603E7	42.42443412372624
1.0439996E7	42.45738208776896
1.0470389E7	41.77363041750314
1.0500782E7	42.47681808291234
1.0531175E7	42.2863760998117
1.0561568E7	42.333636457556366
1.0591961E7	41.95813177900375
1.0622354E7	42.3623696541995
1.0652747E7	42.11143717343492
1.068314E7	40.644839557413135
1.0713533E7	28.24679442276103
1.0743926E7	42.50034961219768
1.0774319E7	41.798683827986025
1.0804712E7	41.68443536737747
1.0835105E7	29.80532092781807
1.0865498E7	42.45859135558351
1.0895891E7	42.198699085906384
1.0926284E7	42.33890694943593
1.0956677E7	42.53142325310165
1.098707E7	42.100407147112335
1.1017463E7	42.165583359358735
1.1047856E7	42.50799790883357
1.1078249E7	34.848159110789105
1.1108642E7	40.88191211896579
1.1139035E7	42.46879840503029
1.1169428E7	42.103151407016504
1.1196832E7	9.300681932288612
1.12120285E7	0.9541756167415218
1.1230214E7	25.501011022469104
1.1260607E7	29.312087791334417
1.1291E7	42.070268436794656
1.1321393E7	41.85761038233213
1.1351786E7	41.97142754011295
1.1382179E7	41.98438312973439
1.1412572E7	41.55352600054252
1.1442965E7	42.55332228459755
1.1473358E7	42.373576138061495
1.1503751E7	42.20164267887351
1.1534144E7	42.608998446982
1.1564537E7	42.55193478453004
1.159493E7	42.17098264766239
1.1625323E7	41.85838719797836
1.1655716E7	27.855126282145022
1.1686109E7	41.6869202019068
1.1716502E7	42.38974791684065
1.1746895E7	42.506990190784734
1.1777288E7	41.56674469029791
1.1807681E7	42.43626623462041
1.1838074E7	42.43985981327896
1.1868467E7	42.39910435165044
1.189886E7	41.32258369890759
1.1929253E7	42.3187832668212
1.1959646E7	42.575898130566074
1.1990039E7	41.489627623979494
1.2020432E7	29.09812909967143
1.2050825E7	19.566571035915363
1.2081218E7	41.824817506825156
1.2111611E7	42.291535281470445
1.21419565E7	32.241583194659505
