#Insert size (bp)	insert size
141.0	2.0
144.0	6.0
147.0	3.0
148.0	7.0
149.0	32.0
150.0	12167.0
151.0	24176.0
152.0	24174.0
153.0	24523.0
154.0	24712.0
155.0	24806.0
156.0	24884.0
157.0	24727.0
158.0	24394.0
159.0	24182.0
160.0	24069.0
161.0	24516.0
162.0	24610.0
163.0	24405.0
164.0	24230.0
165.0	25003.0
166.0	24881.0
167.0	24508.0
168.0	24303.0
169.0	24414.0
170.0	24448.0
171.0	24365.0
172.0	24337.0
173.0	24135.0
174.0	24410.0
175.0	24493.0
176.0	24410.0
177.0	24995.0
178.0	24997.0
179.0	24448.0
180.0	24694.0
181.0	24452.0
182.0	24359.0
183.0	24474.0
184.0	24645.0
185.0	24496.0
186.0	24898.0
187.0	24903.0
188.0	24976.0
189.0	25007.0
190.0	25008.0
191.0	24660.0
192.0	24607.0
193.0	24465.0
194.0	24506.0
195.0	24673.0
196.0	25009.0
197.0	24886.0
198.0	24834.0
199.0	24997.0
200.0	24887.0
201.0	24720.0
202.0	24499.0
203.0	24480.0
204.0	24606.0
205.0	24856.0
206.0	24595.0
207.0	25334.0
208.0	25374.0
209.0	25086.0
210.0	25384.0
211.0	25008.0
212.0	25112.0
213.0	24492.0
214.0	24415.0
215.0	24231.0
216.0	24735.0
217.0	24994.0
218.0	25256.0
219.0	25022.0
220.0	25461.0
221.0	25051.0
222.0	25087.0
223.0	23927.0
224.0	24097.0
225.0	24264.0
226.0	24196.0
227.0	24298.0
228.0	24885.0
229.0	24710.0
230.0	24893.0
231.0	24678.0
232.0	24407.0
233.0	23928.0
234.0	23617.0
235.0	23139.0
236.0	23240.0
237.0	23423.0
238.0	23541.0
239.0	23762.0
240.0	23965.0
241.0	23969.0
242.0	23475.0
243.0	23387.0
244.0	22729.0
245.0	22770.0
246.0	21940.0
247.0	21770.0
248.0	21983.0
249.0	22168.0
250.0	22368.0
251.0	22240.0
252.0	21887.0
253.0	21471.0
254.0	21140.0
255.0	20588.0
256.0	19547.0
257.0	19331.0
258.0	19138.0
259.0	18943.0
260.0	18653.0
261.0	18947.0
262.0	18324.0
263.0	16837.0
264.0	15196.0
265.0	12195.0
266.0	10756.0
267.0	10189.0
268.0	10061.0
269.0	9868.0
270.0	9450.0
271.0	6409.0
272.0	6282.0
273.0	6440.0
274.0	6286.0
275.0	6419.0
276.0	6276.0
277.0	6328.0
278.0	6198.0
279.0	6199.0
280.0	6080.0
281.0	6075.0
282.0	6023.0
283.0	6062.0
284.0	5992.0
285.0	5699.0
286.0	6028.0
287.0	5696.0
288.0	5717.0
289.0	5670.0
290.0	5691.0
291.0	5678.0
292.0	5497.0
293.0	5452.0
294.0	5498.0
295.0	5286.0
296.0	5433.0
297.0	5435.0
298.0	5355.0
299.0	5199.0
300.0	5151.0
301.0	5221.0
302.0	5097.0
303.0	5221.0
304.0	5056.0
305.0	5054.0
306.0	5099.0
307.0	4961.0
308.0	5013.0
309.0	4872.0
310.0	4897.0
311.0	4849.0
312.0	4804.0
313.0	4830.0
314.0	4783.0
315.0	4626.0
316.0	4710.0
317.0	4535.0
318.0	4593.0
319.0	4704.0
320.0	4595.0
321.0	4578.0
322.0	4557.0
323.0	4356.0
324.0	4356.0
325.0	4432.0
326.0	4298.0
327.0	4282.0
328.0	4354.0
329.0	4137.0
330.0	4340.0
331.0	4089.0
332.0	4116.0
333.0	4072.0
334.0	4195.0
335.0	4177.0
336.0	4010.0
337.0	4089.0
338.0	3929.0
339.0	3853.0
340.0	4040.0
341.0	3948.0
342.0	3846.0
343.0	3721.0
344.0	3901.0
345.0	3912.0
346.0	3724.0
347.0	3679.0
348.0	3479.0
349.0	3637.0
350.0	3652.0
351.0	3554.0
352.0	3477.0
353.0	3579.0
354.0	3458.0
355.0	3567.0
356.0	3390.0
357.0	3455.0
358.0	3328.0
359.0	3301.0
360.0	3417.0
361.0	3251.0
362.0	3330.0
363.0	3228.0
364.0	3221.0
365.0	3184.0
366.0	3137.0
367.0	3131.0
368.0	3048.0
369.0	3168.0
370.0	3058.0
371.0	3055.0
372.0	3038.0
373.0	2968.0
374.0	2912.0
375.0	2870.0
376.0	2914.0
377.0	2903.0
378.0	2779.0
379.0	2830.0
380.0	2786.0
381.0	2825.0
382.0	2730.0
383.0	2642.0
384.0	2628.0
385.0	2736.0
386.0	2639.0
387.0	2775.0
388.0	2624.0
389.0	2685.0
390.0	2658.0
391.0	2606.0
392.0	2501.0
393.0	2539.0
394.0	2512.0
395.0	2399.0
396.0	2366.0
397.0	2420.0
398.0	2312.0
399.0	2301.0
400.0	2267.0
401.0	2263.0
402.0	2214.0
403.0	2173.0
404.0	2251.0
405.0	2178.0
406.0	2233.0
407.0	2143.0
408.0	2192.0
409.0	2136.0
410.0	1998.0
411.0	2183.0
412.0	2078.0
413.0	2092.0
414.0	2023.0
415.0	2034.0
416.0	1975.0
417.0	2036.0
418.0	1975.0
419.0	1899.0
420.0	1920.0
421.0	1909.0
422.0	1914.0
423.0	1937.0
424.0	1830.0
425.0	1854.0
426.0	1819.0
427.0	1812.0
428.0	1832.0
429.0	1749.0
430.0	1701.0
431.0	1773.0
432.0	1680.0
433.0	1696.0
434.0	1699.0
435.0	1600.0
436.0	1560.0
437.0	1627.0
438.0	1633.0
439.0	1598.0
440.0	1560.0
441.0	1575.0
442.0	1492.0
443.0	1469.0
444.0	1458.0
445.0	1458.0
446.0	1431.0
447.0	1358.0
448.0	1402.0
449.0	1378.0
450.0	1435.0
451.0	1392.0
452.0	1379.0
453.0	1312.0
454.0	1449.0
455.0	1356.0
456.0	1284.0
457.0	1256.0
458.0	1258.0
459.0	1232.0
460.0	1269.0
461.0	1269.0
462.0	1285.0
463.0	1183.0
464.0	1237.0
465.0	1074.0
466.0	1154.0
467.0	1162.0
468.0	1102.0
469.0	1134.0
470.0	1120.0
471.0	1089.0
472.0	1065.0
473.0	1047.0
474.0	1046.0
475.0	1061.0
476.0	965.0
477.0	1033.0
478.0	992.0
479.0	985.0
480.0	967.0
481.0	978.0
482.0	934.0
483.0	943.0
484.0	948.0
485.0	925.0
486.0	953.0
487.0	896.0
488.0	836.0
489.0	865.0
490.0	895.0
491.0	841.0
492.0	831.0
493.0	836.0
494.0	803.0
495.0	847.0
496.0	802.0
497.0	785.0
498.0	803.0
499.0	755.0
500.0	756.0
501.0	744.0
502.0	712.0
503.0	750.0
504.0	703.0
505.0	663.0
506.0	729.0
507.0	676.0
508.0	691.0
509.0	697.0
510.0	687.0
511.0	651.0
512.0	592.0
513.0	646.0
514.0	687.0
515.0	629.0
516.0	589.0
517.0	616.0
518.0	613.0
519.0	596.0
520.0	573.0
