# Position (bp)	A	C	G	T	N
0.0	25.303470522738326	23.886449613787732	35.63005941951185	15.179049695524752	9.707484373377031E-4
1.0	22.71503560652846	20.411484949024693	12.951821886004621	43.92150725254153	1.5030590069026105E-4
2.0	30.809804300179078	21.88385676881377	14.843021192467623	32.46298450326376	3.332352757679268E-4
3.0	19.420720830069037	25.66944729495625	11.233499214729974	43.675872900276225	4.5975996851563733E-4
4.0	39.71326023160595	10.755029404701236	10.576924484978415	38.95418182297433	6.040557400671271E-4
5.0	43.44933821400241	11.38968772477225	24.816423656751464	20.336021929115613	0.0085284753582643
6.0	34.20485898173237	14.948933348854027	21.88708260065554	28.958834509764326	2.905589937360929E-4
7.0	40.67950732334444	15.503484794487896	20.072332992398376	23.74462059115624	5.429861305052685E-5
8.0	18.973472751055567	32.833689203763896	22.769957329833154	25.422646134990888	2.3458035649357223E-4
9.0	29.776605151152115	20.70767613001065	13.381342809032958	36.13437590980428	0.0
10.0	27.469708260163472	15.537178783033648	29.542316567857824	27.450796388945058	0.0
11.0	27.200667978836123	19.135192166495084	18.815643889688292	34.8484959649805	0.0
12.0	24.576838080307155	21.397077747424657	23.857269168425567	30.168815003842624	0.0
13.0	23.31373086872852	27.657435761239523	18.510667195221785	30.518166174810172	0.0
14.0	32.48514058848898	21.25075613129937	20.473931646618276	25.790171633593378	0.0
15.0	32.65934179576859	19.57804224535797	19.601009570663305	28.16160638821013	0.0
16.0	31.69909267463523	19.018420619451085	18.672618950899306	30.609850093148676	1.7661865700586164E-5
17.0	31.653185386308536	18.770156296410352	19.001065136834672	30.57555794601592	3.523443052175497E-5
18.0	31.176601035774134	18.856417076215433	19.507220054206638	30.459726689458943	3.5144344853180985E-5
19.0	30.781551253917392	19.413021530781798	19.340159710585908	30.465267504714898	0.0
20.0	30.509704328865144	19.41766159355792	19.530603257090718	30.54201333725657	1.74832296490399E-5
21.0	30.193119398770975	19.695050034695814	19.620164973846908	30.49164815322174	1.743946456658309E-5
22.0	30.443482767132622	19.735354537280113	19.340870460419296	30.48027483938912	1.7395778844680222E-5
23.0	30.640701876038897	19.584356503440127	19.50321436361639	30.271727256904583	0.0
24.0	30.278332552667266	19.77944712225023	19.373621933981617	30.568131030039545	4.6736106134581294E-4
25.0	30.44086096138685	19.78074705469393	19.32970956314128	30.44868242077794	0.0
26.0	30.68233428363916	19.52472882010113	19.535045376486277	30.25766762122083	2.2389855259919523E-4
27.0	30.445911932831315	19.65889312392249	19.53733918496332	30.35785575828288	0.0
28.0	30.685694487947202	19.679186094408717	19.42017999518861	30.214888018757552	5.140369791348963E-5
29.0	30.70503343832837	19.551312836797372	19.636100747384667	30.107552977489586	0.0
30.0	30.327308502625343	19.757479641293788	19.59788143919133	30.31709162509415	2.387917953868154E-4
31.0	30.53412983227898	19.874038991903358	19.296327570122095	30.29550360569557	0.0
32.0	30.643844426565302	19.66493888477782	19.44229545495094	30.248870258334687	5.0975371249380866E-5
33.0	30.317718163057357	19.665270973055335	19.54414276778797	30.472478016468823	3.9007963051657395E-4
34.0	30.4110225844547	19.762058089016012	19.461994030206505	30.363350912262455	0.0015743840603263343
35.0	30.489152729214336	19.495643699273185	19.67397931131117	30.336880382626312	0.004343877574994004
36.0	30.441456400092182	19.667934836284566	19.567111553061796	30.32042456529245	0.003072645269012626
37.0	30.47716733697533	19.748450396146687	19.48235101234488	30.28911320221327	0.002918052319834727
38.0	30.579495505724797	19.63743055972285	19.593569993844014	30.186520343413736	0.0029835972946020825
39.0	30.422599800561457	19.697833249630243	19.55629893408706	30.319578453156794	0.0036895625644515198
40.0	30.45067951323582	19.555365468839717	19.532313712679812	30.452851665569362	0.008789639675288483
41.0	30.562982105087233	19.591145095674996	19.54040051360586	30.295962936089932	0.009509349541977552
42.0	30.29296835898655	19.790383353950457	19.59141257810911	30.31488929590388	0.010346413050006486
43.0	30.363681891311984	19.870803219341745	19.47330441627779	30.280926397388146	0.011284075680328022
44.0	30.602222118737714	19.627583537916042	19.56754944742915	30.18842231385271	0.014222582064382568
45.0	30.347111388391774	19.742823682218436	19.59253412860295	30.301059791779554	0.016471009007288928
46.0	30.458899791228927	19.763986519276706	19.427976668185735	30.334954569102152	0.014182452206480371
47.0	30.619527699662562	19.68983878330804	19.534000405599834	30.143191526290313	0.013441585139252303
48.0	30.314610656732672	19.69105962328844	19.557257815619966	30.41793575933954	0.019136145019385636
49.0	30.41212450288759	19.872954934298505	19.398505739556775	30.299329209041904	0.017085614215231026
50.0	30.52989688054536	19.61144445689463	19.596879419804182	30.244375115390543	0.017404127365285585
51.0	30.33449915498787	19.77089849120695	19.56672152260418	30.308479399795303	0.019401431405693337
52.0	30.45549201609915	19.77710651326272	19.504800955924864	30.245753581946804	0.0168469327664612
53.0	30.52677861110323	19.62565685469196	19.647237813601983	30.191123323340037	0.00920339726279545
54.0	30.378101821819957	19.685986221196693	19.56093351417586	30.36545717452753	0.009521268279953497
55.0	30.394519524814136	19.8600059509057	19.53823053916146	30.19757208420733	0.009671900911375163
56.0	30.520260331660925	19.593450066157555	19.608713319497337	30.27008738170559	0.0074889009785945055
57.0	30.323780952390543	19.870208237001936	19.573431976685033	30.229707780487647	0.0028710534348376647
58.0	30.333750553004947	19.834404924703183	19.58879097798138	30.24055190523321	0.0025016390772813397
59.0	30.552656061036743	19.614175173047634	19.616022044254727	30.215702804171713	0.001443917489181952
60.0	30.245235084392107	19.85143657647336	19.676628425564836	30.22512173779315	0.0015781757765464274
61.0	30.36518843704547	19.739503940634194	19.621186694942814	30.272744169303635	0.001376758073888591
62.0	30.605598584697454	19.672916959436645	19.493301003132785	30.227579024388852	6.04428344264252E-4
63.0	30.251623089059976	19.817125333688843	19.537816501737055	30.39341828508239	1.6790431737408394E-5
64.0	30.398598217852136	19.737612467210795	19.502817987097384	30.360937747393447	3.358044624047596E-5
65.0	30.572798521476653	19.66178845518117	19.597368327828438	30.168011117130973	3.357838277442395E-5
66.0	30.339859736695292	19.718741401011254	19.61634680457171	30.324900958956707	1.5109876503621586E-4
67.0	30.434470208236803	19.90462808141448	19.43060563938301	30.23027928309058	1.678787512506967E-5
68.0	30.587827648362047	19.6815064106492	19.77882492220143	29.951841018787324	0.0
69.0	30.277349691274086	19.84523413813596	19.701397072895578	30.175431527983427	5.875697109492777E-4
70.0	30.3932632647604	19.80275651397519	19.58861613141643	30.21536408984798	0.0
71.0	30.531591130747447	19.66907327423408	19.690828424715598	30.10822180181662	2.853684862544715E-4
72.0	30.349962337420116	19.799319807260257	19.645043404717367	30.205674450602256	0.0
73.0	30.322694807446	19.82475081982791	19.528449325292502	30.32410504743359	0.0
74.0	30.635739160480597	19.576328355933608	19.668183425389877	30.11974905819592	0.0
75.0	30.275719325838846	19.87879188785068	19.532900328094986	30.31258845821549	0.0
76.0	30.214028268480046	19.81651074254623	19.609268547874223	30.36017565219844	1.6788901058976723E-5
77.0	30.16458848011582	19.917939106862146	19.62563431750894	30.29183809551309	0.0
78.0	29.82438498989574	20.16095972162674	19.423662734304152	30.59097576690134	1.6787272024649087E-5
79.0	29.628512965726955	20.229357667255286	19.41309376341407	30.72898524181298	5.036179071083485E-5
80.0	29.984669528623257	19.907990311518134	19.365145236574758	30.74219492328385	0.0
81.0	29.863288318989223	20.186133227327698	19.231377444301717	30.719150647751288	5.036163007838284E-5
82.0	29.96463714249981	20.43911049780797	19.02122191137378	30.574980085834458	5.0362483978434786E-5
83.0	30.269979774224133	20.207140016194725	18.9283679811882	30.594277181607723	2.3504678522314585E-4
84.0	29.83936893969196	20.46409453480323	18.915523337448462	30.780459131531508	5.540565248466649E-4
85.0	29.933684611021693	20.52476064436207	18.87965341914798	30.661699840591883	2.0148487637727504E-4
86.0	30.01492061647702	20.45810288878314	19.081262116914097	30.445428928264512	2.8544956123044207E-4
87.0	29.56809822378741	20.77473266813372	19.168323621078677	30.487754096659575	0.0010913903406246043
88.0	29.548833588069773	21.14573806601902	19.018208884103288	30.286866866056766	3.525957511540375E-4
89.0	29.612490274816807	21.201822777193325	19.16928047579441	30.016255368788013	1.5110340744899504E-4
90.0	29.59624541783225	21.170530008686686	19.306435164991615	29.92556380348549	0.001225605003960551
91.0	29.808951801941408	21.135561048154408	19.325225165027003	29.72933859252845	9.233923487374204E-4
92.0	29.866358018006856	21.166710066187207	19.370775786996163	29.59535025763533	8.058711744413928E-4
93.0	29.77885466356899	21.059068409466512	19.41111077717279	29.750663926282982	3.022235087242692E-4
94.0	29.747189539674203	21.24817482950523	19.53508357165213	29.469065123157872	4.869360105634891E-4
95.0	30.03080165750968	20.928519769028707	19.692675257367554	29.347818603542887	1.847125511674757E-4
96.0	29.79571800156388	20.958528930461025	19.782594968171523	29.462805420380437	3.526794231373824E-4
97.0	29.73648443919215	20.98654910373267	19.849948033223804	29.426128236670202	8.901871811702233E-4
98.0	29.786999598213864	20.853960146578032	19.996872383854917	29.361865523927776	3.023474254108902E-4
99.0	29.579171600495823	20.846306595269002	20.03499442041247	29.53838509283382	0.0011422909888863487
100.0	29.58206151718239	20.93453479119538	19.932048859913515	29.550565327213498	7.895044952202222E-4
101.0	29.497068069898642	21.007372410727577	20.06358758849295	29.431299970736134	6.719601446998976E-4
102.0	29.27281936953094	20.998062072482018	20.19538879093315	29.532452935745983	0.0012768313079036698
103.0	29.15566249351007	21.12339180009174	20.292748251290003	29.427088496571468	0.0011089585367124084
104.0	29.212456474788528	21.0862434030493	20.188034627573426	29.513047017732084	2.1847685666254418E-4
105.0	28.86494444400552	21.240966551087155	20.294550404001573	29.599236022076823	3.025788289291584E-4
106.0	28.767275780385436	21.33899079460224	20.38137248422985	29.512041443207544	3.1949757492932796E-4
107.0	28.89420734743534	21.21372442676385	20.41493509289938	29.47602286215686	0.001110270744567748
108.0	28.702328514427016	21.293287397741782	20.45739920426702	29.546244385043746	7.404985204334676E-4
109.0	28.92099534117829	21.23218846760629	20.3281211327318	29.517954226697896	7.408317857245082E-4
110.0	29.169777464526796	21.08416808280966	20.31419507600005	29.43158984905106	2.695276124300744E-4
111.0	29.301889816569936	21.034315210098438	20.192374296634004	29.470881359914237	5.393167833866162E-4
112.0	29.577849106617805	20.927888409059747	20.12231061594288	29.371698902651538	2.5296572803452206E-4
113.0	29.87776553452597	20.7076824604615	20.27961876674445	29.134916358784896	1.6879483190735462E-5
114.0	29.821193259378596	20.6913222999442	20.35482184385284	29.132561205635866	1.0139118849737246E-4
115.0	29.68552079546293	20.87639980854079	20.32053846888145	29.117524001795438	1.6925319397702356E-5
116.0	29.87008164407254	20.630838229434257	20.577951861366163	28.920314367830706	8.138972963349187E-4
117.0	29.682381102925078	20.54760800960421	20.782701951199872	28.987054119512116	2.5481675872063644E-4
118.0	29.63870042097864	20.52665304535115	20.93789650239678	28.89649473797973	2.552932937004678E-4
119.0	29.70408288543912	20.385063978391944	21.182184950754372	28.72856587455324	1.0231086132103784E-4
120.0	29.439285789340865	20.419765518921672	21.44798447385961	28.692827532074606	1.3668580324864565E-4
121.0	29.441573848576645	20.427596408571112	21.59977129631755	28.529979332394905	0.0010791141397867327
122.0	29.52526229783516	20.212105007742977	21.808559414851473	28.453283355159286	7.899244111027653E-4
123.0	29.35969482665622	20.222537437777305	21.999076849602066	28.417106965102608	0.0015839208618044544
124.0	29.295872177977657	20.15638770093441	22.156610007307805	28.38898989714188	0.0021402166382512634
125.0	29.331815236284136	20.08335114155765	22.396315038591215	28.186926658089877	0.001591925477123425
126.0	29.114455196995216	20.08315095203989	22.617072831845345	28.181279344423015	0.00404167469653181
127.0	29.13677496539588	20.077815801737508	22.781145448601574	28.00111637418359	0.003147410081450104
128.0	29.113490674593873	19.8719156675295	22.99308659080319	28.019118865000863	0.002388202072575892
129.0	28.838059520865684	19.996941733023778	23.222679408863208	27.941113506268138	0.0012058309791959205
130.0	28.95110018795491	19.82262018391829	23.438334391543293	27.78745467567617	4.905609073414543E-4
131.0	28.82077408743726	19.69841369651183	23.773018473091998	27.70765322844393	1.4051451497375364E-4
132.0	28.708950940100507	19.734521533038222	23.951204223144888	27.604795058441532	5.282452748460165E-4
133.0	28.582234781804328	19.704868650449836	24.216150031457797	27.496640617773267	1.059185147682185E-4
134.0	28.643620490479766	19.579810262584957	24.46880267128305	27.30675772948728	0.0010088461649421002
135.0	28.445201999903823	19.517853331040794	24.66840239609445	27.367850252436664	6.920205242641027E-4
136.0	28.351792040888757	19.53318786964485	24.87389934897142	27.240569247505608	5.514929893677489E-4
137.0	28.38276982522051	19.267532793671595	25.15717740241089	27.192145428291255	3.745504057451038E-4
138.0	28.165857690394947	19.29230923845955	25.414378670279415	27.126756981835094	6.974190309916923E-4
139.0	28.117324956565238	19.36881984748975	25.583854640123498	26.92976746938051	2.330864410031323E-4
140.0	28.17247836065014	19.11535083658369	25.957924959615834	26.754102015297892	1.438278524434105E-4
141.0	27.976996727236735	19.133883295061253	26.105375657441765	26.783672205166	7.211509424811811E-5
142.0	27.873894704562645	19.07705932469396	26.436793663238017	26.612161902185782	9.040531959365341E-5
143.0	27.899202586085714	18.93086715384921	26.695654082377246	26.47168240133628	0.0025937763515433967
144.0	27.56613737357562	18.953939490990614	26.974094603102973	26.505792138123297	3.639420749793463E-5
145.0	27.56972690747356	18.890648477178914	27.18922481785339	26.350363270462395	3.6527031738520514E-5
146.0	27.644517643328655	18.682761369191	27.433526507928818	26.239139433599167	5.5045952361030985E-5
147.0	27.415617433458735	18.682312968112686	27.73707834557639	26.164825132720754	1.66120131434248E-4
148.0	27.276250808257817	18.672039433610404	28.01791755301703	26.0336422674326	1.4993768215085606E-4
149.0	27.42617874798877	18.638837127538867	28.982218982410966	24.952648788105677	1.1635395571452091E-4
