#Insert size (bp)	insert size
131.0	1.0
138.0	1.0
141.0	2.0
142.0	1.0
144.0	2.0
145.0	1.0
146.0	2.0
147.0	2.0
148.0	9.0
149.0	27.0
150.0	10849.0
151.0	21706.0
152.0	21259.0
153.0	21601.0
154.0	21969.0
155.0	22177.0
156.0	22080.0
157.0	21794.0
158.0	21795.0
159.0	21543.0
160.0	21142.0
161.0	21377.0
162.0	21058.0
163.0	21112.0
164.0	21056.0
165.0	21521.0
166.0	21400.0
167.0	21516.0
168.0	21318.0
169.0	20916.0
170.0	20765.0
171.0	21202.0
172.0	20762.0
173.0	20649.0
174.0	20694.0
175.0	20669.0
176.0	20855.0
177.0	20756.0
178.0	20415.0
179.0	20383.0
180.0	20113.0
181.0	19961.0
182.0	19977.0
183.0	19854.0
184.0	19807.0
185.0	19418.0
186.0	19473.0
187.0	20070.0
188.0	19735.0
189.0	19185.0
190.0	19324.0
191.0	19003.0
192.0	18958.0
193.0	18471.0
194.0	18474.0
195.0	18587.0
196.0	18609.0
197.0	18486.0
198.0	18232.0
199.0	17822.0
200.0	17772.0
201.0	17619.0
202.0	17271.0
203.0	16854.0
204.0	17234.0
205.0	16905.0
206.0	17226.0
207.0	17058.0
208.0	16707.0
209.0	16706.0
210.0	16443.0
211.0	15987.0
212.0	16070.0
213.0	15963.0
214.0	15896.0
215.0	15354.0
216.0	15356.0
217.0	15243.0
218.0	15164.0
219.0	15282.0
220.0	15014.0
221.0	14767.0
222.0	14729.0
223.0	14351.0
224.0	14200.0
225.0	13877.0
226.0	14122.0
227.0	14002.0
228.0	13602.0
229.0	13722.0
230.0	13750.0
231.0	13412.0
232.0	13214.0
233.0	12883.0
234.0	12517.0
235.0	12523.0
236.0	12595.0
237.0	12350.0
238.0	12387.0
239.0	12393.0
240.0	12286.0
241.0	12233.0
242.0	11854.0
243.0	11911.0
244.0	11583.0
245.0	11472.0
246.0	11258.0
247.0	11198.0
248.0	11349.0
249.0	11144.0
250.0	11321.0
251.0	10873.0
252.0	10731.0
253.0	10756.0
254.0	10569.0
255.0	10600.0
256.0	10219.0
257.0	10350.0
258.0	10355.0
259.0	10033.0
260.0	10139.0
261.0	10074.0
262.0	9923.0
263.0	9543.0
264.0	9573.0
265.0	9200.0
266.0	9014.0
267.0	9074.0
268.0	8668.0
269.0	8835.0
270.0	9006.0
271.0	8706.0
272.0	8549.0
273.0	8437.0
274.0	8380.0
275.0	8539.0
276.0	8289.0
277.0	8288.0
278.0	8202.0
279.0	8172.0
280.0	8112.0
281.0	8216.0
282.0	8125.0
283.0	8131.0
284.0	8105.0
285.0	8025.0
286.0	7892.0
287.0	7791.0
288.0	7924.0
289.0	7969.0
290.0	7642.0
291.0	7903.0
292.0	7902.0
293.0	7814.0
294.0	7719.0
295.0	7710.0
296.0	7570.0
297.0	7535.0
298.0	7654.0
299.0	7380.0
300.0	7448.0
301.0	7371.0
302.0	7516.0
303.0	7270.0
304.0	7371.0
305.0	7186.0
306.0	7260.0
307.0	7210.0
308.0	7086.0
309.0	7139.0
310.0	7078.0
311.0	7114.0
312.0	7009.0
313.0	7005.0
314.0	6907.0
315.0	6917.0
316.0	6596.0
317.0	6859.0
318.0	6830.0
319.0	6838.0
320.0	6632.0
321.0	6707.0
322.0	6572.0
323.0	6556.0
324.0	6526.0
325.0	6493.0
326.0	6604.0
327.0	6583.0
328.0	6373.0
329.0	6395.0
330.0	6295.0
331.0	6294.0
332.0	6077.0
333.0	6149.0
334.0	6312.0
335.0	6230.0
336.0	6334.0
337.0	6092.0
338.0	6072.0
339.0	5910.0
340.0	5847.0
341.0	5969.0
342.0	5697.0
343.0	5901.0
344.0	5690.0
345.0	5911.0
346.0	5693.0
347.0	5673.0
348.0	5596.0
349.0	5558.0
350.0	5685.0
351.0	5700.0
352.0	5471.0
353.0	5484.0
354.0	5530.0
355.0	5461.0
356.0	5399.0
357.0	5398.0
358.0	5210.0
359.0	5169.0
360.0	5036.0
361.0	5188.0
362.0	5205.0
363.0	5078.0
364.0	5118.0
365.0	4964.0
366.0	4992.0
367.0	5064.0
368.0	4890.0
369.0	4810.0
370.0	4930.0
371.0	4862.0
372.0	4733.0
373.0	4810.0
374.0	4916.0
375.0	4624.0
376.0	4829.0
377.0	4687.0
378.0	4572.0
379.0	4507.0
380.0	4506.0
381.0	4504.0
382.0	4509.0
383.0	4573.0
384.0	4410.0
385.0	4403.0
386.0	4381.0
387.0	4255.0
388.0	4317.0
389.0	4220.0
390.0	4147.0
391.0	4169.0
392.0	4021.0
393.0	4032.0
394.0	4066.0
395.0	4167.0
396.0	4072.0
397.0	4115.0
398.0	4018.0
399.0	4060.0
400.0	3930.0
401.0	3992.0
402.0	3882.0
403.0	3871.0
404.0	3784.0
405.0	3715.0
406.0	3764.0
407.0	3648.0
408.0	3660.0
409.0	3702.0
410.0	3475.0
411.0	3494.0
412.0	3532.0
413.0	3591.0
414.0	3547.0
415.0	3496.0
416.0	3526.0
417.0	3434.0
418.0	3419.0
419.0	3382.0
420.0	3321.0
421.0	3324.0
422.0	3306.0
423.0	3311.0
424.0	3143.0
425.0	3154.0
426.0	3176.0
427.0	3129.0
428.0	3151.0
429.0	2990.0
430.0	3113.0
431.0	3067.0
432.0	2918.0
433.0	2914.0
434.0	2946.0
435.0	2964.0
436.0	3000.0
437.0	2852.0
438.0	2812.0
439.0	2758.0
440.0	2770.0
441.0	2768.0
442.0	2837.0
443.0	2723.0
444.0	2754.0
445.0	2648.0
446.0	2640.0
447.0	2634.0
448.0	2592.0
449.0	2652.0
450.0	2512.0
451.0	2579.0
452.0	2516.0
453.0	2382.0
454.0	2498.0
455.0	2376.0
456.0	2405.0
457.0	2463.0
458.0	2347.0
459.0	2361.0
460.0	2365.0
461.0	2387.0
462.0	2231.0
463.0	2218.0
464.0	2241.0
465.0	2270.0
466.0	2111.0
467.0	2260.0
468.0	2172.0
469.0	2153.0
470.0	2118.0
471.0	2058.0
472.0	2050.0
473.0	2015.0
474.0	2035.0
475.0	2034.0
476.0	1973.0
477.0	1943.0
478.0	1870.0
479.0	1937.0
480.0	1892.0
481.0	1918.0
482.0	1877.0
483.0	1866.0
484.0	1889.0
485.0	1827.0
486.0	1732.0
487.0	1780.0
488.0	1806.0
489.0	1654.0
490.0	1752.0
491.0	1654.0
492.0	1683.0
493.0	1710.0
494.0	1666.0
495.0	1611.0
496.0	1568.0
497.0	1590.0
498.0	1505.0
499.0	1550.0
500.0	1513.0
501.0	1540.0
502.0	1524.0
503.0	1509.0
504.0	1476.0
505.0	1482.0
506.0	1400.0
507.0	1337.0
508.0	1379.0
509.0	1351.0
510.0	1422.0
511.0	1344.0
512.0	1330.0
513.0	1295.0
514.0	1301.0
515.0	1347.0
516.0	1265.0
517.0	1246.0
518.0	1238.0
519.0	1257.0
520.0	1184.0
521.0	1223.0
522.0	1146.0
523.0	1158.0
524.0	1192.0
525.0	1160.0
526.0	1074.0
527.0	1117.0
528.0	1055.0
529.0	1038.0
530.0	1127.0
531.0	1069.0
532.0	1022.0
533.0	1047.0
534.0	992.0
535.0	997.0
536.0	954.0
537.0	1040.0
538.0	1001.0
539.0	952.0
540.0	930.0
541.0	911.0
542.0	872.0
543.0	906.0
544.0	900.0
545.0	872.0
546.0	871.0
547.0	840.0
548.0	848.0
549.0	789.0
550.0	883.0
551.0	756.0
552.0	758.0
553.0	744.0
554.0	740.0
555.0	757.0
556.0	727.0
557.0	707.0
558.0	700.0
559.0	715.0
560.0	726.0
561.0	666.0
562.0	666.0
563.0	678.0
564.0	709.0
565.0	657.0
566.0	663.0
567.0	694.0
568.0	599.0
569.0	628.0
570.0	606.0
571.0	556.0
572.0	559.0
573.0	601.0
574.0	585.0
575.0	586.0
576.0	526.0
577.0	559.0
578.0	518.0
579.0	553.0
580.0	469.0
581.0	508.0
582.0	496.0
583.0	524.0
584.0	506.0
585.0	457.0
586.0	462.0
587.0	443.0
588.0	444.0
589.0	398.0
590.0	417.0
591.0	438.0
592.0	410.0
593.0	426.0
594.0	407.0
595.0	402.0
596.0	373.0
597.0	409.0
598.0	389.0
599.0	384.0
600.0	357.0
601.0	368.0
602.0	366.0
603.0	335.0
604.0	351.0
605.0	340.0
606.0	358.0
607.0	329.0
608.0	292.0
609.0	320.0
610.0	321.0
611.0	309.0
612.0	289.0
613.0	317.0
614.0	284.0
615.0	303.0
616.0	306.0
617.0	283.0
618.0	251.0
619.0	297.0
620.0	244.0
621.0	264.0
622.0	266.0
623.0	250.0
624.0	230.0
625.0	230.0
626.0	245.0
627.0	235.0
628.0	249.0
629.0	225.0
630.0	215.0
631.0	234.0
632.0	215.0
633.0	202.0
634.0	213.0
635.0	209.0
636.0	201.0
637.0	181.0
638.0	165.0
639.0	167.0
640.0	176.0
641.0	185.0
642.0	187.0
643.0	164.0
644.0	152.0
