#Position (bp)	insert size
15197.0	265.78652762795156
45590.0	273.27652970736034
75983.0	277.5385956569979
106376.0	275.86575215782983
136769.0	270.34230445752735
167162.0	270.71714743589746
197555.0	274.442089221391
221485.0	266.0151576394503
236681.5	273.7796772647388
258341.0	270.2753952389606
288734.0	269.9182550599332
319127.0	270.94697527617046
349520.0	273.48799261083747
379913.0	273.5245371403078
410306.0	273.84616998950685
440699.0	272.4664241164241
471092.0	264.24114349775783
501485.0	265.93395108285745
531878.0	270.16744717304397
562271.0	268.3731221614068
592664.0	272.29849137931035
623057.0	274.1185347310218
653450.0	273.8966987319633
683843.0	273.58836565096954
714236.0	274.8567335243553
744629.0	275.4120931212472
775022.0	274.15968679558665
805415.0	269.83786748573937
835808.0	271.97486875907515
866201.0	271.00324745615933
896594.0	272.95840669014086
926987.0	273.24270448006575
957380.0	270.56504356740135
987773.0	271.6470530930346
1018166.0	270.2281807688893
1038382.5	263.14
1053579.0	262.4025744167337
1078952.0	270.53489799048936
1109345.0	275.41474514563106
1139738.0	271.02132014327134
1170131.0	264.9372536136662
1200524.0	267.6684464347227
1230917.0	271.28481523317737
1261310.0	273.1411728203537
1291703.0	272.58470357519985
1322096.0	270.1282689912827
1348657.5	261.7192954104719
1363854.0	261.43851791530943
1382882.0	270.33967962184875
1413275.0	274.1548686244204
1443668.0	270.3510140405616
1474061.0	271.0607878100178
1504454.0	267.3474025974026
1534847.0	273.1066557107642
1565240.0	272.28594172902405
1595633.0	269.3295380611581
1626026.0	270.5750828990999
1656419.0	271.32841449417936
1686812.0	268.87761674718195
1717205.0	275.69018194301407
1747598.0	274.49672977624783
1777991.0	272.65250042669396
1808384.0	264.3029080517734
1838777.0	270.1227354333279
1869170.0	265.75714941122493
1899563.0	277.4759322930442
1929956.0	267.8371733149931
1960349.0	268.2292302475415
1990742.0	267.10358974358974
2021135.0	267.5803626306085
2051528.0	270.7234959224496
2081921.0	272.36500902675203
2112314.0	277.7621359223301
2142707.0	271.79025210084035
2173100.0	270.48262926113193
2203493.0	269.5689805910124
2233886.0	272.8343503497544
2264279.0	274.22526986374095
2294672.0	272.7286847323199
2325065.0	266.4643460628591
2355458.0	266.9434747583244
2385851.0	271.2192751235585
2416244.0	273.6307932650582
2446637.0	269.8862509391435
2477030.0	270.2706346596514
2507423.0	268.65028551652534
2537816.0	268.89032574889507
2568209.0	269.2197330059843
2598602.0	271.7435631588042
2628995.0	273.66969391187354
2659388.0	275.2377666248432
2689781.0	269.5324307304786
2720174.0	267.84509300833867
2750567.0	277.9235790479223
2780960.0	274.1503617489777
2811353.0	273.8029685206329
2841746.0	270.94621795879857
2872139.0	265.55540043152683
2889645.5	283.3594032549729
2904842.0	276.9360022163735
2932925.0	269.77795667447305
2963318.0	275.6233705041621
2993711.0	275.81517416892
3024104.0	273.956374704092
3054497.0	272.7033968516984
3084890.0	268.30758470624806
3115283.0	272.0012930337805
3145676.0	273.6378236643723
3176069.0	270.54634785456926
3206462.0	268.1281273692191
3236855.0	269.0938930093104
3267248.0	271.4950696509626
3297641.0	277.10298792116976
3322340.5	263.2226277372263
3337537.0	0.0
3358427.0	204.66666666666666
3388820.0	171.8
3410819.5	0.0
3426016.0	263.66525096525095
3449606.0	269.11125140291807
3479999.0	270.8159802560543
3510392.0	274.3864132128389
3540785.0	263.7300430606161
3571178.0	267.46512430939225
3601571.0	272.91014834794333
3631964.0	277.28753224419603
3662357.0	269.93326626425215
3692750.0	269.6784893267652
3723143.0	268.71090434214824
3753536.0	275.2665201960453
3783929.0	270.8111351891982
3814322.0	271.1782920469361
3844715.0	266.1639509491013
3875108.0	270.7820461517941
3905501.0	270.90404624277454
3935894.0	274.18945538818076
3966287.0	270.701603125421
3987990.0	265.79691457517845
4003186.5	271.8655205348615
4027073.0	274.8917288914417
4057466.0	274.5805576488319
4087859.0	269.57579062159215
4118252.0	268.330243902439
4148645.0	267.02545808334685
4179038.0	270.6148757900926
4209431.0	273.19170653907497
4239824.0	273.3637331913194
4259839.0	263.8849247988807
4275035.5	262.43021632937894
4300610.0	274.7636826474332
4331003.0	271.13014527845036
4361396.0	271.88106565176025
4391789.0	272.68731878528916
4422182.0	268.50547783583346
4452575.0	272.87882256745706
4482968.0	277.2303322430711
4513361.0	276.36586562040213
4543754.0	270.06131010003224
4574147.0	268.82225529100526
4604540.0	269.24692997012943
4634933.0	269.04070351758793
4665326.0	269.43440573428904
4695719.0	268.9902145922747
4726112.0	276.19213836477985
4756505.0	271.43942712721145
4786898.0	276.24475524475525
4817291.0	265.93726989521383
4847684.0	266.91554411987283
4878077.0	270.5287958115183
4908470.0	272.33469945355193
4938863.0	271.62191249117853
4969256.0	271.4061633784445
4999649.0	272.4805087545424
5030042.0	265.8005046257359
5060435.0	272.01191475079713
5090828.0	267.16578715919087
5121221.0	273.3933157721436
5151614.0	266.92069474029165
5182007.0	267.4986559139785
5212400.0	269.70843570843573
5242793.0	273.12877127928533
5273186.0	270.3284879127824
5303579.0	274.4788343558282
5333972.0	267.4284225608962
5352383.0	270.8335478335478
5367579.5	266.55994043186894
5394758.0	273.2389888931444
5425151.0	272.128388164701
5455544.0	266.9179530556143
5485937.0	268.7565227298621
5516330.0	273.1294512393116
5546723.0	273.1160842244515
5577116.0	261.0149798199317
5607509.0	272.61909558988134
5637902.0	269.23385973060846
5668295.0	273.25410012947776
5698688.0	272.656684943062
5729081.0	266.16901714037755
5759474.0	269.2022823897964
5789867.0	269.4393142616744
5820260.0	267.4537797206525
5850653.0	271.8663096580233
5881046.0	275.1161881140895
5907241.5	270.0923690071504
5922438.0	274.64563279857396
5941832.0	277.31699305116865
5972225.0	268.90779936213397
6002618.0	272.75159433815526
6033011.0	270.94487442742064
6063404.0	270.43682310469313
6093797.0	274.64020215194
6124190.0	269.7220945502298
6154583.0	269.6528194861528
6184976.0	272.9342484324691
6215369.0	279.00975192472197
6245762.0	270.99148606811144
6276155.0	270.49611890999176
6306548.0	272.16609294320136
6336941.0	267.8466529514164
6367334.0	270.1700723043068
6397727.0	271.84186351706035
6428120.0	269.4389859864588
6458513.0	267.12227860533636
6488906.0	276.0967634854772
6519299.0	268.0780700284805
6549692.0	271.72199910754125
6580085.0	270.28665112212184
6610478.0	277.9175745412844
6640871.0	270.8920881321983
6660029.5	264.9144951140065
6675226.0	263.5491292538744
6701657.0	272.70733064403953
6732050.0	274.73655994043185
6762443.0	275.8232151529869
6792836.0	268.1510713735163
6823229.0	270.65882726839345
6853622.0	267.3660310277957
6884015.0	270.55274629468175
6914408.0	276.7281735861951
6944801.0	272.0992077161557
6975194.0	269.43873048200953
7005587.0	272.3019496750542
7035980.0	268.93238434163703
7066373.0	271.58659567804574
7096766.0	271.76028652340494
7127159.0	270.1876597920573
7157552.0	268.0193044033184
7187945.0	271.1805894805406
7218338.0	276.4122038299254
7248731.0	268.7883267296556
7279124.0	272.96894599969403
7309517.0	272.36764705882354
7327760.5	252.4849259070005
7342957.0	272.22763806066894
7370303.0	270.5818418013857
7400696.0	278.50351849079203
7431089.0	273.32252162341985
7461482.0	267.5875283051733
7491875.0	268.48629340421996
7522268.0	271.7165515075377
7552661.0	266.73499842915487
7583054.0	271.9725779967159
7613447.0	270.9186360567184
7643840.0	278.1312941176471
7674233.0	275.7357945425361
7704626.0	270.65833333333336
7735019.0	273.6241042345277
7765412.0	268.44635193133047
7795805.0	273.9906437709346
7826198.0	263.3466290151783
7856591.0	272.6662561576355
7886984.0	270.87748876043673
7917377.0	267.2774771989488
7947770.0	273.38521527213646
7978163.0	272.661533723437
8008556.0	265.6175945753034
8038949.0	272.07580372250425
8069342.0	269.81096047355356
8099735.0	273.20066421954203
8130128.0	271.23517532586743
8160521.0	271.46151342554924
8190914.0	269.64741100323624
8221307.0	279.47895244215937
8251700.0	270.3863884130198
8282093.0	271.2127049832829
8312486.0	269.21298664393294
8342879.0	270.6640207354609
8373272.0	268.4473134328358
8398726.5	271.7780290407046
8413923.0	265.8586329947845
8434058.0	273.43836702338484
8464451.0	271.77134565449825
8494844.0	273.2386437378326
8525237.0	275.17435819070903
8555630.0	274.6203242896131
8586023.0	264.7789443405724
8616416.0	269.7898021667452
8646809.0	270.701356917858
8677202.0	271.002564999417
8707595.0	269.7940968122786
8737988.0	271.64979419290245
8768381.0	267.7931203329661
8798774.0	274.4972251387431
8829167.0	272.6284857042005
8859560.0	270.31924727632884
8889953.0	270.6730898123324
8920346.0	267.7614569083447
8950739.0	268.3857729138167
8981132.0	269.64837699785795
9011525.0	273.34830176355325
9041918.0	274.62504288164666
9072311.0	270.77027242313204
9102704.0	274.2607326371623
9133097.0	272.71545968156136
9163490.0	272.0946963359545
9193883.0	270.9497739018088
9224276.0	272.7733616504854
9254669.0	270.1868964492646
9285062.0	275.4419904567144
9315455.0	271.27500623596904
9332033.5	247.11529680365297
9347230.0	272.42220230760614
9376241.0	271.8180802012016
9406634.0	275.1483076009501
9437027.0	270.7575509088424
9467420.0	274.56447280053726
9497813.0	273.52382578992314
9528206.0	274.18833025054647
9558599.0	273.47607816711593
9588992.0	275.6687116564417
9619385.0	269.5505581089954
9649778.0	273.9347039473684
9680171.0	268.52998837016116
9710564.0	269.41372177210826
9740957.0	271.9583552055993
9771350.0	271.48167791706845
9801743.0	273.7221937467965
9832136.0	271.6513213981245
9862529.0	269.39323114281376
9892922.0	267.72663515779846
9923315.0	271.5201556420233
9953708.0	267.89144629448253
9984101.0	277.0658180689227
1.0014494E7	271.6010797840432
1.0044887E7	270.12426834759117
1.007528E7	269.0009677865339
1.01041125E7	266.69806166254716
1.0119309E7	251.94468452895418
1.0136066E7	267.34852330410706
1.0166459E7	270.5748942172073
1.0196852E7	270.77552829909854
1.0227245E7	266.91882404563404
1.0257638E7	270.8681803332244
1.0288031E7	273.02791205364105
1.0318424E7	274.9009278188394
1.0348817E7	265.70732532566404
1.037921E7	273.6261261261261
1.0409603E7	271.7294250281849
1.0439996E7	268.08482142857144
1.0470389E7	268.78458697112154
1.0500782E7	271.08798101373117
1.0531175E7	272.68577042737843
1.0561568E7	268.54528005583666
1.0591961E7	273.2752761257434
1.0622354E7	272.99099849974994
1.0652747E7	272.5545361875637
1.068314E7	275.4650662251656
1.0713533E7	268.88775632569855
1.0743926E7	272.0073111990366
1.0774319E7	272.0049541970462
1.0804712E7	272.51694345780936
1.0835105E7	271.5431284621472
1.0865498E7	269.66814539210077
1.0895891E7	269.44674556213016
1.0926284E7	265.07752066115705
1.0956677E7	272.03578122337706
1.098707E7	270.3633595127424
1.1017463E7	269.09399342219143
1.1047856E7	273.66570281124496
1.1078249E7	271.9252711335611
1.1108642E7	268.85041645419005
1.1139035E7	270.54839187787167
1.1169428E7	271.04295774647886
1.1196832E7	271.3674140872532
1.12120285E7	283.03156274056965
1.1230214E7	269.30600670275845
1.1260607E7	269.4917178733636
1.1291E7	272.83790060380863
1.1321393E7	274.3849720223821
1.1351786E7	273.4234651663081
1.1382179E7	272.0928681375064
1.1412572E7	268.0851063829787
1.1442965E7	272.1344762503932
1.1473358E7	271.28232462173315
1.1503751E7	271.79787939032474
1.1534144E7	271.2542113323124
1.1564537E7	271.71784904437965
1.159493E7	273.1697110594487
1.1625323E7	268.5423037716616
1.1655716E7	262.9581320450886
1.1686109E7	272.74713208784004
1.1716502E7	274.01142759679345
1.1746895E7	271.39385190217394
1.1777288E7	267.29048797736914
1.1807681E7	267.6453478482735
1.1838074E7	269.6909807787087
1.1868467E7	271.0912046821655
1.189886E7	269.9064278540341
1.1929253E7	273.41491458607095
1.1959646E7	275.13902317052845
1.1990039E7	265.33391577843787
1.2020432E7	268.47773096599457
1.2050825E7	268.0380304747513
1.2081218E7	270.08152173913044
1.2111611E7	273.0125706214689
1.21419565E7	269.7607279263087
