# Position (bp)	A	C	G	T	N
0.0	25.958415840437514	22.866558821139396	34.4475162168803	16.726235203490074	0.0012739180527120268
1.0	22.875951530359853	20.22404294842032	12.152982996495693	44.74691135922427	1.111654998612284E-4
2.0	31.845453429895503	21.0722399290094	13.542196550314078	33.53980058107716	3.0950970385747406E-4
3.0	20.851073213016644	23.906706487861694	10.603170368635242	44.63877881668586	2.7111380056001267E-4
4.0	40.34120633424841	10.054409938558402	10.258058308822934	39.346019694041885	3.05724328373106E-4
5.0	44.30148865230848	10.664376000920752	23.935016738769058	21.0919229868057	0.007195621196008901
6.0	34.87007699504389	14.158900718043668	21.368305297433825	29.60259212782979	1.248616488337476E-4
7.0	40.43348370057401	15.29079959820669	20.286863638327695	23.98883528127932	1.7781612283680017E-5
8.0	18.83759642899319	32.44090671003585	23.26840959053784	25.45303407556721	5.3194865915247816E-5
9.0	29.903829691499435	20.070471360795537	13.225884730049623	36.79981421765541	0.0
10.0	27.5843628746893	15.261006906266452	28.628895096169728	28.52573512287452	0.0
11.0	27.33522825990713	18.655315649268772	18.534663267370007	35.474792823454095	0.0
12.0	25.027813912541884	20.943709278131045	23.428008952443918	30.60046785688315	0.0
13.0	23.68416855360154	26.830750398609332	18.56323266428427	30.92184838350486	0.0
14.0	32.673155628208356	20.851594432965637	20.299393122521668	26.175839325527665	1.7490776676189227E-5
15.0	32.696117464341405	19.206942547241372	19.464518045644816	28.632421942772403	0.0
16.0	31.79274555801343	18.719271117214863	18.54098371792721	30.946982187460097	1.7419384395471586E-5
17.0	31.815295189150223	18.484388741960288	18.80537746511047	30.894921219207795	1.7384571227804466E-5
18.0	31.464618124490094	18.51492490957466	19.337558677137025	30.68289828879822	0.0
19.0	30.910427319400867	19.156944260668784	19.249082257062238	30.683546162868108	0.0
20.0	30.710235390947638	19.22852385848019	19.429663204396128	30.631577546176043	0.0
21.0	30.41800819523764	19.38975900714318	19.445062280458515	30.747118751226203	5.17659344605308E-5
22.0	30.59042968134363	19.45706657278226	19.24465540111211	30.707813895982945	3.444877905776044E-5
23.0	30.852651732358538	19.323924094489	19.37540352635828	30.448020646794184	0.0
24.0	30.492643246140716	19.500139285973585	19.299440470307715	30.707330733214068	4.4626436391966354E-4
25.0	30.652978406310087	19.562485585758782	19.27623974468502	30.50829626324611	0.0
26.0	30.87557312036618	19.323861221271287	19.461333137197382	30.33911278700919	1.1973415596400108E-4
27.0	30.596632628667052	19.479816263105768	19.486919845633686	30.43663126259349	0.0
28.0	30.860412663937847	19.43922302025814	19.372258468168823	30.327986511620768	1.1933601441579055E-4
29.0	30.852150421877116	19.3050758864798	19.601078346954505	30.241695344688573	0.0
30.0	30.47797790057877	19.519507016571335	19.580004955392965	30.422272214214363	2.379132425569692E-4
31.0	30.60529832226865	19.700019089231553	19.28170191104418	30.41298067745562	0.0
32.0	30.726468436997596	19.520583049301354	19.428041457684248	30.324686799573925	2.2025644288216735E-4
33.0	30.489729192561715	19.432422825775998	19.541628241755582	30.535813708925524	4.060309811789414E-4
34.0	30.496556335267044	19.598507427136227	19.4647508974678	30.438462283040508	0.0017230570884288101
35.0	30.708379555030135	19.30535200015115	19.608323414224678	30.374233799463962	0.0037112311300766267
36.0	30.61858966367908	19.47396243604404	19.555143464177586	30.349339534470015	0.002964901629280829
37.0	30.585346650583684	19.553041046941793	19.5167029206769	30.342419547220217	0.0024898345774094616
38.0	30.771487382591	19.400050775093053	19.5639189030026	30.26188825211867	0.002654687194679469
39.0	30.5333147180404	19.48182139454274	19.581934529433028	30.39965713852295	0.00327221946087919
40.0	30.555466633101467	19.409931824318356	19.51004081624444	30.516163839519233	0.008396886816502212
41.0	30.752778822192546	19.42430109679733	19.492300589228492	30.321847523777222	0.008771968004414108
42.0	30.49111512092395	19.55557963449837	19.518692031826344	30.424881306697337	0.009731906053998034
43.0	30.49950750616724	19.67762157131339	19.43322035846068	30.378977219675633	0.010673344383056475
44.0	30.71257552273353	19.518216311091674	19.514662201949154	30.240780048532777	0.01376591569286023
45.0	30.548284810800713	19.4914614333084	19.561152792763302	30.38344916056166	0.015651802565928845
46.0	30.578657168219724	19.603018779703113	19.406731160060165	30.398138498000076	0.013454394016924227
47.0	30.720259296207892	19.535531874792163	19.51561953897536	30.21563046830254	0.012958821722046083
48.0	30.45625231109283	19.48007162829733	19.548226534877248	30.49730147452916	0.01814805120343018
49.0	30.544267567004823	19.699812008914382	19.361919534767726	30.37741344058223	0.016587448730836018
50.0	30.632659853005144	19.469253084181116	19.580174441502837	30.301305938888074	0.016606682422830355
51.0	30.44157464777432	19.60900024168531	19.528405317872547	30.402089434174567	0.018930358493249554
52.0	30.606682896820807	19.601389490240873	19.435421864197405	30.340571531549916	0.015934217190999585
53.0	30.60867089765117	19.505373692368423	19.625186302070446	30.25196398173764	0.008805126172327243
54.0	30.457507973059222	19.507503681177525	19.488731867213318	30.537176543865925	0.00907993468401083
55.0	30.47351600354549	19.699552252102016	19.502246342163616	30.31506636720947	0.009619034979405845
56.0	30.60039073732222	19.454748181869082	19.576735918022127	30.360858089417043	0.007267073369528864
57.0	30.453320375459242	19.658396723867384	19.553785218285324	30.33144417520397	0.003053507184077132
58.0	30.37971447060669	19.708512386483285	19.556554677310086	30.3529750604276	0.002243405172335581
59.0	30.664594416762604	19.5133696883827	19.5650385480358	30.255365177991305	0.0016321688275867524
60.0	30.41072253037058	19.669753789258156	19.623830877135862	30.293946183685716	0.0017466195496819341
61.0	30.428840043406574	19.586056469063756	19.635168022614373	30.34817324619299	0.001762218722305786
62.0	30.68848829812873	19.538523131789766	19.436886542354177	30.33550939455278	5.926331745515414E-4
63.0	30.380311932761828	19.63475271192401	19.54907100260764	30.43583144250514	3.291020138904087E-5
64.0	30.49771229531063	19.62164048888585	19.441887563624114	30.438743203339246	1.644884015938268E-5
65.0	30.618240941758213	19.580268947396895	19.545820554952915	30.255669555891984	0.0
66.0	30.40749465488218	19.577867604139595	19.6233013111175	30.3912706791994	6.575066132837047E-5
67.0	30.52977378043179	19.774192896373943	19.357488639558706	30.33854468363556	0.0
68.0	30.631805329643313	19.576809715183828	19.74682641785864	30.04455853731422	0.0
69.0	30.406613296892093	19.619879967281722	19.66008797143392	30.312926019243342	4.927451489240088E-4
70.0	30.509774388430515	19.669492114096688	19.49456912734088	30.326131526912476	3.284321944344865E-5
71.0	30.67757003207696	19.52765620115225	19.588096057502096	30.20634932102447	3.283882442262779E-4
72.0	30.49937497680995	19.648548819942427	19.631720641066604	30.220355562181023	0.0
73.0	30.418054012843754	19.738249187456475	19.48201766237655	30.36167913732322	0.0
74.0	30.725637560931645	19.483680177008555	19.55003540203928	30.240630443586813	1.641643370379205E-5
75.0	30.44973093301726	19.573990957773393	19.578439838329977	30.397821854345946	1.641653341913708E-5
76.0	30.486759412451697	19.60535487558907	19.41866378957951	30.489139838715452	8.208366426730644E-5
77.0	30.568757844688104	19.61496690557479	19.58154001745225	30.23473523228486	0.0
78.0	30.378067472700508	19.676010189949125	19.487530612127614	30.458358886198827	3.2839023925691854E-5
79.0	30.29606599045207	19.88528754556829	19.515781871280783	30.302815327465186	4.92652336723931E-5
80.0	30.543241830250007	19.629360198926364	19.558765583005915	30.268615962825645	1.642499207083508E-5
81.0	30.298944092409535	19.760962353977522	19.505762370931713	30.434298325724484	3.285695674595215E-5
82.0	30.32407103099587	19.90010280248514	19.397428886183715	30.37836441509067	3.286524460944258E-5
83.0	30.580233164986627	19.759865541798337	19.381673084114453	30.277981647606094	2.465614944914053E-4
84.0	30.27989692179487	19.807547229378603	19.446030285471117	30.46609804400029	4.275193551166503E-4
85.0	30.448057568441317	19.7562045990405	19.387733282100562	30.40777426612508	2.3028429253869022E-4
86.0	30.525670748252754	19.670959865765607	19.470174330617525	30.332981138632686	2.1391673143132835E-4
87.0	30.203241138263632	19.84372448415186	19.508034693651787	30.443896740819564	0.001102943113157354
88.0	30.266733026851174	20.00976957183517	19.348561260913772	30.37457381642757	3.623239723092257E-4
89.0	30.359290504607646	19.940655136578375	19.433910376008434	30.26597920919542	1.647736101222406E-4
90.0	30.28987490355638	19.861599282525404	19.569169035168123	30.27815329425031	0.0012034844997790863
91.0	30.29099571236966	19.9681046357972	19.446225481552204	30.293898889913983	7.752803669484453E-4
92.0	30.435641596805652	19.959740511819703	19.56518366328332	30.038691494011253	7.427340800726757E-4
93.0	30.20009773916657	19.947675358648077	19.511581628802237	30.34034799305223	2.9728033089282695E-4
94.0	30.137206582332954	20.143541278736063	19.48179439985073	30.236945410386028	5.123286942245517E-4
95.0	30.442671389129888	19.927687833185207	19.53531610194355	30.094192369151262	1.3230659009202253E-4
96.0	30.191609270278068	20.107917788775996	19.51748636918522	30.18273831748478	2.482542759316486E-4
97.0	30.231478092246068	20.130484888616966	19.50497496204639	30.132482359811807	5.796972787684712E-4
98.0	30.24957885815737	19.997967844537786	19.585155187225997	30.167066053174512	2.3205690433106036E-4
99.0	30.152796744795296	20.022070309130314	19.60093616332294	30.223500035169167	6.967475822858895E-4
100.0	30.14182212852901	20.17621879714765	19.523417611286927	30.157910544753108	6.309182832979162E-4
101.0	30.227527476042855	20.077905912989	19.603956118098584	30.089846057716517	7.644351530490577E-4
102.0	30.10890212947161	20.056638422308055	19.618418382453235	30.21514283528116	8.98230485942693E-4
103.0	30.10592022724189	20.274711597777863	19.523804370177167	30.094348340433253	0.0012154643698275124
104.0	30.29742351403664	20.14563580115941	19.516877422283986	30.039846587222392	2.1667529756601973E-4
105.0	30.043250853112774	20.206221962984426	19.58870062077479	30.161626350869646	2.0021225836257408E-4
106.0	30.10963723376928	20.233801684943437	19.53610108725316	30.120259572547738	2.0042148638586948E-4
107.0	30.27791543858734	20.14809182054024	19.603439892831894	29.969649971475786	9.028765647352465E-4
108.0	30.008786103327186	20.18175801407618	19.69310738646987	30.115846337430224	5.021586965433236E-4
109.0	30.06667887774902	20.316772010992658	19.541239802475406	30.07492387205713	3.8543672578539854E-4
110.0	30.118270392200518	20.202913194273748	19.6471569484967	30.031407786627724	2.516784013119492E-4
111.0	30.04763175082718	20.23413708483068	19.566261117546976	30.15171806250286	2.5198429230715474E-4
112.0	30.056525874822228	20.25128404819796	19.557246220184304	30.13472518803411	2.1866876140126304E-4
113.0	30.25593353917343	20.068280609758748	19.753743112438986	29.92204273862884	0.0
114.0	30.099671192166632	20.210980107083916	19.756198141506275	29.933049361654042	1.0119758913610149E-4
115.0	29.887702503681883	20.498895434462444	19.55082690410885	30.06250760022159	6.755752523273569E-5
116.0	30.212695852441023	20.248628914511652	19.65198853064831	29.885857894245433	8.288081535778125E-4
117.0	29.99279240517693	20.251139367442505	19.73029535893568	30.025535720789126	2.371476557530751E-4
118.0	30.040560460091232	20.30272499315906	19.65188135628587	30.0046974743399	1.3571612394071443E-4
119.0	30.135032231516444	20.158977779605134	19.73066270417173	29.97519136560302	1.3591910366787894E-4
120.0	29.923688827654367	20.31221099570366	19.836293503043038	29.927653530567945	1.5314303099665994E-4
121.0	29.93387481516376	20.4053410087951	19.846622567302887	29.813275349237372	8.862595008722839E-4
122.0	30.107606914675504	20.234330214643652	19.845413006448496	29.811915800499918	7.340637324375252E-4
123.0	29.90179397425747	20.259870620443884	19.93607972762919	29.90090476768623	0.001350909983224776
124.0	29.94968621547565	20.30953974843793	19.90063318763828	29.838188045971027	0.0019528024771128126
125.0	30.00057997931979	20.28058987671836	19.98835236798006	29.72877901998595	0.0016987559958365035
126.0	29.895529245777773	20.31313895450863	20.023758901638114	29.76373970818596	0.0038331898895233416
127.0	29.866907185269408	20.47313012197606	19.9471506518092	29.710074178843698	0.0027378621016346067
128.0	29.957104850841592	20.26539206532027	20.0051956484202	29.770013208193873	0.0022942272240592332
129.0	29.768378727125906	20.44337295098044	20.0089480572019	29.77790051066829	0.001399754023471974
130.0	29.893164316777927	20.414669953740894	20.030452757541344	29.66129747098418	4.15500955652198E-4
131.0	29.846861655159568	20.288519558600527	20.191772853027047	29.672776555869312	6.937734354498453E-5
132.0	29.712221552025696	20.395163393854336	20.237253044600855	29.654910191638557	4.5181788055360207E-4
133.0	29.672857043610527	20.511228013175074	20.231996794856727	29.583865913297807	5.223505985876684E-5
134.0	29.78648311418598	20.346107895585277	20.336529939747855	29.52993695646409	9.420940167957916E-4
135.0	29.70003125767019	20.40666089064081	20.370123681076663	29.522572303466525	6.118671458110876E-4
136.0	29.626631566556146	20.508567388568594	20.27909002239419	29.585080397657997	6.306248230747025E-4
137.0	29.800846131417714	20.24218716949363	20.40231352923798	29.554231877082216	4.2129276845696785E-4
138.0	29.532173927116506	20.33960321807877	20.54100580617855	29.586495806062445	7.212425637252988E-4
139.0	29.613289065128	20.567279233129504	20.42567363152784	29.393493617522427	2.6445269223418803E-4
140.0	29.782621910490004	20.350758828256925	20.583998411023313	29.282585508221608	3.534200814703972E-5
141.0	29.617512609698267	20.434513356165475	20.561186043224243	29.386681707018532	1.0628389349078465E-4
142.0	29.578552948491815	20.42124280267058	20.64731962474338	29.352884624094223	0.0
143.0	29.608973875954202	20.368732517153965	20.780758987316247	29.23948606600582	0.002048553569764917
144.0	29.40933036523161	20.402780790630537	20.803628193440275	29.38424278204858	1.7868648990760837E-5
145.0	29.456240652202766	20.448174198106948	20.8386745047685	29.256910644921792	0.0
146.0	29.66502442811818	20.328072835226088	20.825718695638695	29.181184041017033	0.0
147.0	29.445963656812197	20.388464869914607	20.978554163322134	29.186908470856064	1.0883909500292503E-4
148.0	29.423821103788384	20.444114884790825	20.86834904653072	29.263622599516303	9.236537377311074E-5
149.0	29.24884957580849	20.660062927571996	21.530478121170756	28.560570823974157	3.8551474603541455E-5
