#Position (bp)	insert size
15197.0	252.5202778983934
45590.0	258.56904154096077
75983.0	259.7679595738869
106376.0	258.92975543478263
136769.0	257.8255460726168
167162.0	257.3202114497807
197555.0	262.2453263707572
221485.0	254.47697317413554
236681.5	263.5020866773676
258341.0	257.1023521932613
288734.0	254.9184858044164
319127.0	256.638912732475
349520.0	258.00377417832993
379913.0	259.01699235344097
410306.0	257.7899601593625
440699.0	256.47087305189893
471092.0	250.83746104641628
501485.0	252.59775073178247
531878.0	254.7017719826145
562271.0	252.8502655473702
592664.0	255.0604073179151
623057.0	257.46699181327295
653450.0	254.5927061481362
683843.0	256.5450346420323
714236.0	258.07521453811205
744629.0	256.9959494491251
775022.0	255.67068345323742
805415.0	253.86884413606364
835808.0	256.07671091191173
866201.0	257.12594417077173
896594.0	259.2464913695757
926987.0	259.70093037214883
957380.0	252.5378162630226
987773.0	255.65285996055226
1018166.0	253.3593574132815
1038382.5	249.72644444444444
1053579.0	250.631585234739
1078952.0	256.0407621247113
1109345.0	258.860633829706
1139738.0	258.3768376347599
1170131.0	250.0970483696492
1200524.0	249.24189353216576
1230917.0	251.59503105590062
1261310.0	259.32796780684106
1291703.0	257.0986364215624
1322096.0	257.7381618717116
1348657.5	248.2894314534617
1363854.0	251.88333806414988
1382882.0	255.19062779822903
1413275.0	256.4421980300674
1443668.0	253.59674134419552
1474061.0	255.30492511965417
1504454.0	257.4428525947151
1534847.0	256.79618473895584
1565240.0	255.71435445068164
1595633.0	255.22808441558442
1626026.0	254.33970073225086
1656419.0	257.0158676569885
1686812.0	252.79242685025818
1717205.0	257.26389830508475
1747598.0	258.6270471045078
1777991.0	252.08054027013506
1808384.0	249.22760572760572
1838777.0	253.73966408268734
1869170.0	252.50837648492234
1899563.0	259.5594168944423
1929956.0	254.19764624437522
1960349.0	250.24014460320194
1990742.0	254.4701443569554
2021135.0	254.57249185920298
2051528.0	256.0424983902125
2081921.0	257.99108794350093
2112314.0	262.1175612129074
2142707.0	253.60013682230203
2173100.0	254.3278218322929
2203493.0	253.7978160723426
2233886.0	258.68216820172125
2264279.0	255.3004846526656
2294672.0	255.53904029426516
2325065.0	251.85348112227226
2355458.0	253.50640379910777
2385851.0	251.0334202804043
2416244.0	255.05042735042736
2446637.0	254.20688604509445
2477030.0	254.9419771992513
2507423.0	256.58347245409016
2537816.0	254.80711398544867
2568209.0	254.89798488664988
2598602.0	254.73261205564143
2628995.0	256.8263185019756
2659388.0	256.417415454991
2689781.0	255.220737913486
2720174.0	253.44228187919464
2750567.0	256.74817154255317
2780960.0	258.945914844649
2811353.0	254.3488519398258
2841746.0	251.4257045260461
2872139.0	251.04279050902454
2889645.5	268.552503052503
2904842.0	259.7953033662568
2932925.0	255.55920745920747
2963318.0	258.8673191952148
2993711.0	254.23062787136294
3024104.0	256.47609756097563
3054497.0	256.662362505978
3084890.0	254.6651148355059
3115283.0	255.06663431990944
3145676.0	254.22259400892287
3176069.0	255.46499426135432
3206462.0	251.98602324554952
3236855.0	251.8732232591529
3267248.0	259.50356576862123
3297641.0	262.1738684183516
3322340.5	250.91170585292647
3337537.0	222.5481631962079
3358427.0	219.70333498603898
3388820.0	219.49383672733825
3410819.5	219.67061425412
3426016.0	252.72165394035443
3449606.0	256.2609220636663
3479999.0	254.50120085956263
3510392.0	258.46192468619245
3540785.0	252.10514091049862
3571178.0	251.01874573960464
3601571.0	258.74799615261304
3631964.0	254.68455807653234
3662357.0	254.26374514877102
3692750.0	254.4271450330005
3723143.0	256.6101065547304
3753536.0	259.31186440677965
3783929.0	255.04469273743015
3814322.0	253.04627502461437
3844715.0	251.6430884608829
3875108.0	255.54178415790824
3905501.0	254.7542666851672
3935894.0	257.8329835822738
3966287.0	255.37014894063353
3987990.0	254.75871774824083
4003186.5	255.31329416586965
4027073.0	255.6551760489142
4057466.0	255.78681400546313
4087859.0	255.66900519152517
4118252.0	252.74299501867995
4148645.0	252.55703976662062
4179038.0	257.316260373444
4209431.0	258.6573011986081
4239824.0	257.0516979219463
4259839.0	248.0414852752881
4275035.5	249.28525723061173
4300610.0	255.85738013509024
4331003.0	253.6985857013105
4361396.0	255.0759855552212
4391789.0	260.12045977011496
4422182.0	253.7482590529248
4452575.0	255.50940926198658
4482968.0	257.3361431274729
4513361.0	257.9498202026806
4543754.0	255.77796662546353
4574147.0	254.335339638865
4604540.0	254.8142057382785
4634933.0	257.57481872116017
4665326.0	255.68694690265488
4695719.0	252.77761044176708
4726112.0	257.5826571201273
4756505.0	254.44130906662215
4786898.0	265.5917328141381
4817291.0	250.05737704918033
4847684.0	249.67346021279783
4878077.0	255.76785132050864
4908470.0	255.5652473711429
4938863.0	258.01866062085804
4969256.0	255.7293570360525
4999649.0	254.22906403940885
5030042.0	252.9184300341297
5060435.0	254.45943722231365
5090828.0	254.88595514553842
5121221.0	254.70156090939938
5151614.0	253.94547224926973
5182007.0	254.29905437352247
5212400.0	252.26507394766782
5242793.0	256.83740482233503
5273186.0	257.44453452236183
5303579.0	258.4464308195896
5333972.0	251.92567128124128
5352383.0	258.82775919732444
5367579.5	251.12120484819394
5394758.0	256.2962921599285
5425151.0	254.8484244116474
5455544.0	251.99067833070416
5485937.0	255.71016893010932
5516330.0	255.81844802342607
5546723.0	259.29869259135097
5577116.0	248.24620863970588
5607509.0	255.71663346613545
5637902.0	251.92476970317298
5668295.0	255.77735186072513
5698688.0	257.97103072983356
5729081.0	249.6568284142071
5759474.0	253.19263598326359
5789867.0	253.8841175574844
5820260.0	251.37181996086105
5850653.0	257.0960049170252
5881046.0	259.1442780748663
5907241.5	254.0245357343838
5922438.0	259.60328521652565
5941832.0	259.2713794796269
5972225.0	252.71714611582817
6002618.0	255.55955717488789
6033011.0	256.90759655282477
6063404.0	252.2796317606444
6093797.0	258.06150265957444
6124190.0	250.7784222737819
6154583.0	256.6865671641791
6184976.0	255.45786612300373
6215369.0	259.7399041752225
6245762.0	257.11174063581996
6276155.0	258.24142312579414
6306548.0	253.48531711555168
6336941.0	251.50248596631917
6367334.0	250.74175654853622
6397727.0	257.36041581179046
6428120.0	256.26151631477927
6458513.0	252.444569228301
6488906.0	261.3122987765615
6519299.0	255.63362831858407
6549692.0	256.5541119149564
6580085.0	256.5234343159897
6610478.0	258.841451879877
6640871.0	258.8857477091051
6660029.5	247.4776371308017
6675226.0	249.06383233532935
6701657.0	258.65655983398665
6732050.0	256.8670601822148
6762443.0	257.58612404264903
6792836.0	253.01777643868635
6823229.0	255.9127769919849
6853622.0	252.1816534914361
6884015.0	254.7624851870662
6914408.0	259.39791456441304
6944801.0	254.671743697479
6975194.0	254.43419740777668
7005587.0	257.00131882624464
7035980.0	255.28329843775165
7066373.0	252.85391247763135
7096766.0	256.4843304843305
7127159.0	254.8860883797054
7157552.0	255.61535989717223
7187945.0	255.18127133799382
7218338.0	258.80891120175716
7248731.0	254.65977849810912
7279124.0	255.15214881334188
7309517.0	256.1548740626803
7327760.5	243.39944036376355
7342957.0	257.873032834661
7370303.0	255.7049421899796
7400696.0	257.97838050314465
7431089.0	255.4065637644238
7461482.0	250.95214356929213
7491875.0	252.1043380099984
7522268.0	253.44495412844037
7552661.0	254.34344422700588
7583054.0	253.5936599423631
7613447.0	254.38562854284763
7643840.0	258.60713711621923
7674233.0	259.84476773020333
7704626.0	254.59256085018856
7735019.0	256.5462591850367
7765412.0	251.4056313993174
7795805.0	257.53174786868806
7826198.0	245.40551561326322
7856591.0	256.2147582697201
7886984.0	256.60190285428143
7917377.0	254.15782250686186
7947770.0	255.6953995157385
7978163.0	257.4033812608627
8008556.0	248.3244964709933
8038949.0	254.35128603486967
8069342.0	253.07489070518912
8099735.0	255.11054160259695
8130128.0	254.82339489885663
8160521.0	257.2642162518543
8190914.0	253.66847647252385
8221307.0	263.2020768089665
8251700.0	259.2354759967453
8282093.0	256.1794092827004
8312486.0	252.92596348884382
8342879.0	254.4487106017192
8373272.0	252.9090128755365
8398726.5	259.88958781658664
8413923.0	253.9267778012239
8434058.0	258.1747572815534
8464451.0	255.881496359528
8494844.0	255.54225352112675
8525237.0	258.6987915407855
8555630.0	257.57970784375993
8586023.0	252.5375854214123
8616416.0	257.06366761321175
8646809.0	253.43623937322886
8677202.0	255.2207319092565
8707595.0	254.59807295251204
8737988.0	256.73232489312727
8768381.0	253.7320220298977
8798774.0	255.55612846199176
8829167.0	254.33368458025993
8859560.0	254.33048576214406
8889953.0	254.81848459616987
8920346.0	253.80831608005522
8950739.0	252.73719563392106
8981132.0	253.40295155598332
9011525.0	258.02520311722765
9041918.0	254.2406311637081
9072311.0	255.2066544056178
9102704.0	254.77596075224858
9133097.0	255.6015638575152
9163490.0	254.2049416144864
9193883.0	255.55125100887813
9224276.0	254.85831909274506
9254669.0	252.84314269850083
9285062.0	258.19189861959717
9315455.0	258.3849885844749
9332033.5	242.54866618601298
9347230.0	257.32774674115456
9376241.0	255.8941744226129
9406634.0	258.9461212602595
9437027.0	254.58241150442478
9467420.0	257.4494957579638
9497813.0	255.68539703903096
9528206.0	258.5070234113712
9558599.0	255.76128486897719
9588992.0	257.2453347029618
9619385.0	253.05248390823567
9649778.0	256.96873949579833
9680171.0	254.54573119188504
9710564.0	254.11611664047496
9740957.0	254.54947117024906
9771350.0	259.3091346153846
9801743.0	256.0196111580727
9832136.0	256.78123448618237
9862529.0	254.31849728424865
9892922.0	253.07842548076923
9923315.0	258.2216125590611
9953708.0	253.72353714661406
9984101.0	257.5415486307838
1.0014494E7	256.2454196217494
1.0044887E7	254.88719669592152
1.007528E7	256.22872519340734
1.01041125E7	251.88093415007657
1.0119309E7	241.91195335276967
1.0136066E7	255.12126882295286
1.0166459E7	255.019981304043
1.0196852E7	254.77911116972174
1.0227245E7	251.61651792038532
1.0257638E7	254.4272926870461
1.0288031E7	255.2751569795524
1.0318424E7	260.06946662408177
1.0348817E7	251.35316946959895
1.037921E7	256.82281193341026
1.0409603E7	254.0342643715492
1.0439996E7	252.43024939662106
1.0470389E7	252.52373788030758
1.0500782E7	253.67333894028596
1.0531175E7	255.33244191876986
1.0561568E7	253.7125479086819
1.0591961E7	254.16561251664447
1.0622354E7	255.35649546827796
1.0652747E7	255.99208487706298
1.068314E7	258.43443037974686
1.0713533E7	255.7216224552745
1.0743926E7	255.18927444794951
1.0774319E7	255.0800614544213
1.0804712E7	255.81728778467908
1.0835105E7	253.83200250508847
1.0865498E7	253.0909090909091
1.0895891E7	253.5065823217644
1.0926284E7	254.54929346040092
1.0956677E7	253.91579667978777
1.098707E7	252.4408476555982
1.1017463E7	252.34241110147443
1.1047856E7	256.70765511684124
1.1078249E7	258.1373449701424
1.1108642E7	251.9288167343116
1.1139035E7	254.94578947368421
1.1169428E7	257.30506963788304
1.1196832E7	256.36803752408076
1.12120285E7	263.86498103666247
1.1230214E7	254.25126325175864
1.1260607E7	254.8474439046958
1.1291E7	255.71542742971315
1.1321393E7	259.59280975158157
1.1351786E7	257.3379734541923
1.1382179E7	252.19072673462676
1.1412572E7	251.917623564653
1.1442965E7	254.47628236050812
1.1473358E7	255.88625041514447
1.1503751E7	254.41620111731842
1.1534144E7	256.07460666553885
1.1564537E7	257.6474796747967
1.159493E7	257.4036850921273
1.1625323E7	253.69422854307922
1.1655716E7	247.3186282670218
1.1686109E7	256.84621806645515
1.1716502E7	255.89892650701898
1.1746895E7	252.01687194196052
1.1777288E7	254.4691724365315
1.1807681E7	254.92468134414833
1.1838074E7	254.8305965147453
1.1868467E7	253.20377733598409
1.189886E7	256.2988935893264
1.1929253E7	255.30452212957024
1.1959646E7	258.4314489928525
1.1990039E7	248.55090439276486
1.2020432E7	251.44800239413436
1.2050825E7	254.1201711174488
1.2081218E7	252.6175375706604
1.2111611E7	256.7350487604277
1.21419565E7	254.42829284147234
