# Position (bp)	A	C	G	T	N
0.0	25.533785364831207	23.056331567071872	35.235696570871134	16.17289119769955	0.0012952995262399927
1.0	23.23122018692555	20.638419923213156	12.46697131481314	43.66329162196052	9.695308763266415E-5
2.0	32.43667341297116	20.74165527860618	13.280217101127722	33.54127955596646	1.7465132846945262E-4
3.0	21.383554334187583	23.050445305873776	10.184482736340533	45.38126547744032	2.521461577810886E-4
4.0	40.69888797314366	9.71044595990959	9.984725327908471	39.60570557524748	2.3516379079641038E-4
5.0	45.01015517811112	10.266761816530302	23.14853270235702	21.56707706546088	0.007473237540677659
6.0	34.93005867951658	13.92998873042397	21.036396844518713	30.10347802432674	7.772121400536276E-5
7.0	39.34011068437447	15.758867135837704	20.609050662199177	24.291971517588646	0.0
8.0	18.300709822762084	33.24567763068273	23.46781425310762	24.98572106828959	7.722515797950568E-5
9.0	29.607014556362703	20.23349509807848	12.90306929967181	37.25642104588701	0.0
10.0	27.238051467764603	15.112089204401974	28.449309787821274	29.200549540012155	0.0
11.0	26.99343178606144	18.477077748482206	18.72040565171612	35.809084813740235	0.0
12.0	24.872946315710635	20.884874459496434	23.583716341281864	30.658462883511067	0.0
13.0	23.406957744743632	26.758816113609374	18.81386913623769	31.020357005409306	0.0
14.0	32.567009768241014	20.875878765199417	20.511587188947733	26.045524277611843	0.0
15.0	32.57285942086415	19.2705885316841	19.716446557970876	28.44010548948087	0.0
16.0	31.59403831215732	18.929509688575553	18.780679479783227	30.695727093639324	4.542584458001535E-5
17.0	31.628395480639103	18.71672352680081	18.978387911709724	30.676432650276485	6.04305738819664E-5
18.0	31.209348537968147	18.813301035518904	19.545187519625234	30.432162906887715	0.0
19.0	30.698376778876586	19.434730602333087	19.4927629536391	30.37412966515123	0.0
20.0	30.429948081893986	19.46613014905085	19.749353931863283	30.35456783719188	0.0
21.0	30.188925124369316	19.665061134641206	19.69115427547047	30.45479955015545	5.9915363557438764E-5
22.0	30.374768753535214	19.751288223680355	19.450488442759102	30.423409735849873	4.484417545911467E-5
23.0	30.643932296918802	19.60705135013539	19.59455064902208	30.154465703923726	0.0
24.0	30.34475982630262	19.714414590103654	19.52825708641549	30.412017691289673	5.50805888561548E-4
25.0	30.432853121672938	19.895682255048524	19.536065794435178	30.135398828843364	0.0
26.0	30.642658526484478	19.614756892521925	19.730887047854907	30.011549256638006	1.48276500680515E-4
27.0	30.310914681185224	19.7900914138086	19.713791153638923	30.185202751367257	0.0
28.0	30.54725360029822	19.77094972727117	19.645795167149423	30.035853812857155	1.47692424028494E-4
29.0	30.559873772133585	19.643695785417346	19.872943704246598	29.923486738202477	0.0
30.0	30.233824529932036	19.843480374500622	19.832018531989576	30.09042643351013	2.501300676351703E-4
31.0	30.372897974818	20.036888250748458	19.522397319183536	30.067816455250014	0.0
32.0	30.44139215942698	19.86747063552988	19.66800804828974	30.022982546986967	1.4660976643891328E-4
33.0	30.220751934630876	19.72007783599997	19.812323682083026	30.246553842713443	2.9270457268937544E-4
34.0	30.223106129724513	19.932039505853954	19.710690899549572	30.132278838760595	0.0018846261113632874
35.0	30.357115510689546	19.594601591344812	19.90931186843366	30.13519357278131	0.0037774567506725404
36.0	30.375622818887127	19.744088580757037	19.79097427154998	30.08615464094807	0.0031596878577855076
37.0	30.31484702896759	19.86154423358509	19.809460514130127	30.01147353607753	0.0026746872396631693
38.0	30.495217233923167	19.74373964614527	19.813159638696735	29.945212923294317	0.002670557940512161
39.0	30.316565558022045	19.751646910121558	19.79997675530085	30.12850666719996	0.0033041093555856403
40.0	30.296349109899186	19.67392032614045	19.807313530611918	30.21396599934852	0.008451033999927934
41.0	30.47922025374989	19.706063408572007	19.70571659778619	30.10001156035953	0.008988179532383457
42.0	30.23784169295939	19.846603371712558	19.79814288685083	30.107541002722186	0.009871045755039031
43.0	30.19252783818478	20.046793429376986	19.698537784598898	30.050957104918137	0.01118384292119671
44.0	30.45869209134692	19.800261385979002	19.789754130215126	29.93770492747115	0.013587464987808705
45.0	30.244431302409815	19.827918569091178	19.831311092372374	30.08121643234777	0.015122603778868433
46.0	30.267099806143953	19.881817014938488	19.696475013072575	30.14132740422704	0.013280761617938475
47.0	30.468747087144603	19.823764540615638	19.73770893329192	29.957002310781633	0.012777128166211078
48.0	30.214743698088043	19.735897507882225	19.803160681638357	30.228436967702795	0.017761144688586975
49.0	30.261030277554983	20.083141451204042	19.603180984597827	30.036680556958444	0.01596672968469715
50.0	30.423391355525197	19.758887336790252	19.804278361315415	29.99779333306465	0.015649613304486595
51.0	30.171956172435326	19.863923355731032	19.841307688156213	30.10439472106915	0.018418062608277504
52.0	30.32227889967824	19.926579222807252	19.702254600102528	30.03236995604795	0.016517321364028358
53.0	30.37958178600234	19.798189088359607	19.858723811749552	29.95528296563144	0.008222348257061671
54.0	30.212087483096983	19.752789549500605	19.78604745458858	30.239992232229017	0.009083280584815204
55.0	30.178382904054217	20.011285663849947	19.75861708940254	30.042368891282383	0.009345451410907124
56.0	30.386136427139437	19.69792924157844	19.851166103812787	30.057818419861043	0.006949807608291221
57.0	30.209813904102965	19.948672994403363	19.817131921793344	30.021668846237247	0.0027123334630803843
58.0	30.09841773903123	20.031188320413875	19.799319192168582	30.068832821805145	0.0022419265811612897
59.0	30.43031187377076	19.776993799049972	19.778482605564534	30.01256694489388	0.001644776720851189
60.0	30.1522917156407	19.898017814433857	19.90970781930965	30.038494831813424	0.0014878188023738786
61.0	30.15375225601255	19.874293458289348	19.87699819518996	30.093370066775847	0.001586023732296187
62.0	30.402413438992053	19.819926156647092	19.707072182386966	30.07002211224597	5.661097279163425E-4
63.0	30.118465790985372	19.923552935461757	19.788620556542664	30.169318280996286	4.243601391731513E-5
64.0	30.191078858062614	19.919713624902123	19.684201834608146	30.20497740461115	2.827781596853923E-5
65.0	30.406075825146907	19.80286157107864	19.76705059593335	30.023969611264373	4.239657673080845E-5
66.0	30.179333169184623	19.86402779961483	19.86885902663207	30.087681119804966	9.88847635107312E-5
67.0	30.357649694269796	20.039371713199056	19.576180071152066	30.02678440054371	1.4120835377324255E-5
68.0	30.360876368664336	19.850705921297347	19.997854321107905	29.790563388930412	0.0
69.0	30.181522439070445	19.92280282940571	19.8950721357898	30.00005221555541	5.503801786364712E-4
70.0	30.22232756510508	19.979627438905244	19.778554211258097	30.01946256788796	2.821684362154723E-5
71.0	30.442195510548665	19.764687129943287	19.869718878561095	29.923172788228996	2.2569271795392623E-4
72.0	30.216130424928107	19.886611180041175	19.915059229629072	29.982199165401642	0.0
73.0	30.157308225994818	20.05640040678469	19.725644570537103	30.060646796683386	0.0
74.0	30.491320186784932	19.72522386325303	19.808823546002955	29.974618301448498	1.4102510585344444E-5
75.0	30.17044988197519	19.866287437867392	19.82168085719097	30.14158182296645	0.0
76.0	30.24375067694418	19.902173103653695	19.688963891797243	30.16508412159723	2.820600765398224E-5
77.0	30.290823020205202	19.863362629358967	19.82663564148254	30.019178708953287	0.0
78.0	30.113292769025364	19.97204180187907	19.711615841380247	30.20303548166178	1.410605354234743E-5
79.0	29.93168591916729	20.21008191735973	19.76640227133279	30.091759350349612	7.05417905792003E-5
80.0	30.287855603537995	19.89545249985288	19.790882420471352	30.025781252094752	2.8224043017957404E-5
81.0	30.063989963067293	20.01512936610243	19.750668950046272	30.170169373239403	4.2347544604668735E-5
82.0	30.026397236183673	20.24255973267821	19.615501817192857	30.115512972545687	2.8241399575983628E-5
83.0	30.34598084692884	20.041606525503386	19.49919891829249	30.113143079606136	7.062966915085338E-5
84.0	29.993745232258775	20.08597267291126	19.654314560268347	30.265670765192965	2.967693686528451E-4
85.0	30.09234707070884	20.15598492914808	19.555574155261898	30.19586763223649	2.2621264469303013E-4
86.0	30.224282990364433	19.991230105069	19.67803169609768	30.106299613558825	1.55594910066142E-4
87.0	29.848072520318254	20.182249006748858	19.74458589143945	30.224413266067895	6.79315425540873E-4
88.0	29.88834334926338	20.427767701036416	19.50129122163288	30.18242780253577	1.699255315518435E-4
89.0	30.079823531278766	20.339286847820663	19.595135321402502	29.985683453563606	7.084593446354325E-5
90.0	29.970558439689466	20.190955422230825	19.7949228373072	30.042755128878607	8.081718939082981E-4
91.0	29.972711951319663	20.38276198981409	19.631985929174235	30.012086085620794	4.540440712202179E-4
92.0	30.173411225437434	20.353908284603435	19.71554424599061	29.756710241940752	4.2600202776965217E-4
93.0	29.92791611312631	20.28106491216402	19.6539797206689	30.136840292166983	1.989618737888196E-4
94.0	29.871376201674334	20.531233682710894	19.678848014146354	29.918186508134625	3.5559333379133753E-4
95.0	30.16303102173415	20.28244284589639	19.724760585556407	29.82965165856874	1.1388824431306172E-4
96.0	29.915335032835657	20.49422545853719	19.710541250785642	29.87961328176596	2.8497607554601773E-4
97.0	29.930803965868215	20.50114889348671	19.813153450552655	29.754251889994322	6.418000980955795E-4
98.0	30.03975163366594	20.369485752856882	19.81368527510632	29.77676325420887	3.140841619920474E-4
99.0	29.846533455015127	20.34793638743972	19.921654719995153	29.88311802267272	7.574148772859281E-4
100.0	29.828204700855004	20.57263192229476	19.82254662192659	29.77595867241869	6.580825049481366E-4
101.0	29.92867842760546	20.448969133515295	19.862736372569675	29.758842653270772	7.734130387985515E-4
102.0	29.793125460813336	20.39733688247428	19.914061807704584	29.894529487895326	9.463611124732977E-4
103.0	29.808951652394423	20.608132600993535	19.856569818131025	29.72544148624839	9.044422326285719E-4
104.0	30.03528748882443	20.51979692804802	19.816907522343953	29.627864323558246	1.4373722535409664E-4
105.0	29.731370022527713	20.516221809237358	19.90226142076421	29.84997404412657	1.727033441555965E-4
106.0	29.726273916879197	20.547945008074247	19.904858469371607	29.820547930597495	3.746750774496617E-4
107.0	29.963325003441525	20.44020673985312	20.01843562149949	29.57710912254465	9.235126612142865E-4
108.0	29.67787250231875	20.47807115076374	20.089183730883086	29.75412125444441	7.513615900198374E-4
109.0	29.699269661506904	20.641142102739355	19.95937805037214	29.69957352306642	6.366623151762065E-4
110.0	29.80629049803169	20.49842148513275	20.029757544695364	29.66531311570738	2.173564328157787E-4
111.0	29.697408495990764	20.54311102094139	19.974461263710307	29.78462738739947	3.9183195807572193E-4
112.0	29.710412131583624	20.53213320568121	19.97990743525184	29.777271070994455	2.7615648887082084E-4
113.0	29.968043629544866	20.36322527858093	20.166537094139535	29.50215032160192	4.3676132740502624E-5
114.0	29.86597498864751	20.41823829760179	20.188344892895778	29.52728141315104	1.6040770388621204E-4
115.0	29.596943387908663	20.8264637611596	19.962792931533414	29.613756098259262	4.382113905455308E-5
116.0	29.96374630490622	20.51239804379884	20.06611880313641	29.456902790756068	8.340574024643031E-4
117.0	29.7262062076148	20.466131787769317	20.20023145348833	29.60725465233971	1.7589878783747832E-4
118.0	29.73829911458474	20.57057418656805	20.129276266712402	29.561556742583456	2.936895513480938E-4
119.0	29.85351186115549	20.446805005134	20.180160698576895	29.51939003974804	1.323953855794946E-4
120.0	29.622169157237956	20.528559076403997	20.362024826572263	29.487187989608856	5.8950176931587284E-5
121.0	29.600919969151267	20.666260016204003	20.368522182900865	29.363293756527415	0.0010040752164557295
122.0	29.75891764449673	20.48948512128091	20.39797999285121	29.352847917736813	7.693236343321916E-4
123.0	29.640822286377126	20.458920888104863	20.458817120218804	29.440120370747834	0.0013193345513706626
124.0	29.705435222559313	20.474119844485124	20.451260494840305	29.36703069822019	0.0021537398950608804
125.0	29.730697112125426	20.518969401397168	20.532393692488185	29.216124091646535	0.0018157023426876235
126.0	29.587217393431054	20.480919564090495	20.61394247087365	29.313670400255788	0.004250171349013334
127.0	29.518839256041257	20.693683666906555	20.541680912566438	29.242508649153976	0.003287515331776047
128.0	29.617583658908952	20.443882901784672	20.680375681223186	29.255507433785315	0.0026503242978736913
129.0	29.452121080810517	20.64295391012311	20.63768738730804	29.265812209600405	0.0014254121579254642
130.0	29.58829424372758	20.583573719936638	20.70616149017892	29.121609684328597	3.608618282613451E-4
131.0	29.51330604598908	20.430083061454386	20.8733266109468	29.183148668611857	1.3561299787298548E-4
132.0	29.413759772595792	20.58812026244383	20.893591979846025	29.103878655743237	6.493293711154436E-4
133.0	29.399976996116585	20.699514799669473	20.90931929692868	28.991143504883787	4.540240148435585E-5
134.0	29.49378077247628	20.50103912923382	21.055317230584453	28.948861735971526	0.0010011317339192077
135.0	29.405449206442114	20.52993049954733	21.092182548339796	28.971616784401128	8.209612696318065E-4
136.0	29.328887092161015	20.673223368914538	21.048778774460587	28.948257437241974	8.533272218850395E-4
137.0	29.493879189366034	20.398379636276548	21.13292578841674	28.974097518745502	7.178671951798425E-4
138.0	29.273389935994746	20.346964975093755	21.37060504524615	29.008182659559566	8.573841057828262E-4
139.0	29.2717553074013	20.728896976182135	21.223358628123307	28.77572817485989	2.609134333736828E-4
140.0	29.4363402306944	20.419725814587093	21.47525686994581	28.66849243569673	1.8464907596986156E-4
141.0	29.313092473228437	20.502418377726702	21.3833222426413	28.801012619011505	1.5428739205089757E-4
142.0	29.324570301789844	20.521025519781496	21.541139066191256	28.613172274771664	9.28374657352387E-5
143.0	29.297774968465085	20.41008272811859	21.663516021102545	28.62667038804011	0.0019558942736693477
144.0	29.071941054381224	20.428180586060847	21.73828396953413	28.76150094026037	9.344976343192387E-5
145.0	29.133436135545704	20.490795877050722	21.783833619888114	28.59193436751546	0.0
146.0	29.355245271751514	20.307730990751725	21.774034117249563	28.562973905254307	1.571499288896572E-5
147.0	29.16815836496683	20.368211520314123	21.9498045829085	28.513730611547523	9.492026302404884E-5
148.0	29.067735615855007	20.48725289693705	21.86296266041126	28.581968265691813	8.056110487299622E-5
149.0	28.869368152942883	20.686802480934148	22.65532011286506	27.7883916224697	1.1763078821198345E-4
