# Position (bp)	A	C	G	T	N
0.0	27.19974183691422	22.180754877857197	33.8338889491553	16.784459651838393	0.0011546842348834363
1.0	23.283613861429327	19.350578839111254	12.143218368141618	45.22238536560257	2.0356571522959452E-4
2.0	33.37569476939933	20.000399456738833	12.89543363882263	33.72827240666979	1.9972836941759207E-4
3.0	21.78046672428695	22.434824015144716	10.007527628434675	45.77689853215492	2.830999787391916E-4
4.0	41.10839570659437	9.423154584117869	9.64895433145195	39.81921376178774	2.816160480594683E-4
5.0	45.48260615900747	10.106115572603194	22.483902479486133	21.919473446166833	0.007902342736373923
6.0	35.11287533898343	13.450465976562676	20.19447708315649	31.242041987034863	1.396142625462961E-4
7.0	41.240409847837924	14.916854730696391	19.46106434406198	24.381671077403702	0.0
8.0	19.04714583993742	31.72005731470291	22.50692978282702	26.72586706253265	0.0
9.0	30.570856298291478	19.192327521235374	13.055817515592544	37.1809986648806	0.0
10.0	28.140410790529536	14.984059922097737	27.71471597051624	29.160813316856487	0.0
11.0	27.740354988882483	17.933238675510708	17.788606226030094	36.537800109576715	0.0
12.0	25.82989674278316	20.19538241030306	23.245798816177516	30.728922030736268	0.0
13.0	24.0838161852966	26.017666426818632	18.171973784664765	31.72654360322	0.0
14.0	33.31004515587651	20.131392426695648	20.020337672182798	26.53822474524505	0.0
15.0	33.00520981391179	18.68718702849271	19.192041503575254	29.11556165402025	0.0
16.0	32.10939492856919	18.215764295370125	18.20796167439881	31.46685181977037	2.728189150810204E-5
17.0	32.172411276522276	18.063605537395063	18.36113867560446	31.402790047154344	5.44633238530841E-5
18.0	31.895110379011204	18.170112655497615	18.848709470047556	31.086067495443633	0.0
19.0	31.279538294980014	18.73047399653233	18.92602571720839	31.063961991279264	0.0
20.0	31.052398347271303	18.864770192809317	19.133931807334783	30.948899652584593	0.0
21.0	30.909710867214486	18.926087496150153	19.047335769295145	31.11686586734022	0.0
22.0	31.02659735003728	19.03354808962642	18.893793627714846	31.04603393736128	2.6995260172218962E-5
23.0	31.325274578376117	18.923457639251232	18.98328920530744	30.767978577065215	0.0
24.0	30.906887430084247	19.063151077228003	18.940829617184416	31.088728263118682	4.036123846576708E-4
25.0	31.07176965367727	19.150358841552283	18.935040477971842	30.842831026798606	0.0
26.0	31.22245396298156	18.947703835309568	19.051933533317026	30.77785502469756	5.364369429102348E-5
27.0	30.89831026372119	18.995681192930192	19.188041775694654	30.917966767653965	0.0
28.0	31.250265714453025	19.005582209444754	18.982159229736915	30.761885892120066	1.069542452412714E-4
29.0	31.201112560517767	18.941802021254837	19.211131799121848	30.645953619105544	0.0
30.0	30.90575378180495	19.11398664688625	19.16503718158395	30.815062440268875	1.599494559719129E-4
31.0	30.978877916781467	19.332116773747867	18.864047469782335	30.824957839688327	0.0
32.0	31.02600890614362	19.189201187875714	19.016299396571686	30.768357589827716	1.3291958126078476E-4
33.0	30.859274409141324	18.989456850180233	19.222598668474035	30.928378047608508	2.920245959043285E-4
34.0	30.87104572040915	19.165646409818223	19.11363054312306	30.84813965067183	0.0015376759777365728
35.0	30.984307436247555	18.89655596057676	19.307040405300103	30.808203969702046	0.0038922281735361843
36.0	31.093165606119584	19.044999915381883	19.131733486774188	30.727007141769196	0.0030938499551523974
37.0	30.96386025811536	19.146029445475587	19.161426152323344	30.726280884526286	0.002403259559427063
38.0	31.177345403151733	19.044387128223445	19.106902724150064	30.668753333505666	0.0026114109690866974
39.0	30.978852379242362	19.08254835851497	19.18914667860343	30.74639637871332	0.003056204925917329
40.0	30.90944354633061	18.976673046593643	19.15986019775581	30.945865183625315	0.008158025694622994
41.0	31.13325990320893	18.975912640934578	19.01116435817427	30.87127734242535	0.008385755256869616
42.0	30.975242116762253	19.091116783260855	19.15395684964602	30.77036196718556	0.009322283145312074
43.0	30.860188115734065	19.302127614922817	19.087201912899083	30.7399629854552	0.010519370988833989
44.0	31.182688898259354	19.06393229572739	19.10224696398185	30.638395228644487	0.012736613386914465
45.0	30.979516990980105	19.090150792395765	19.209484034269952	30.706134430284564	0.014713752069612278
46.0	31.014703751347728	19.258686523470704	18.98362221711875	30.73035380133326	0.012633706729554451
47.0	31.126911215486924	19.16043586963424	19.048403042212623	30.65217635592518	0.012073516741028554
48.0	30.87159600736406	19.042227955396818	19.100296583428875	30.96841186741031	0.017467586399930443
49.0	31.00970794761903	19.28013215247624	18.91961907027853	30.775357486848932	0.015183342777268186
50.0	31.003466882152075	19.09584756145244	19.150587805958867	30.734744415191724	0.015353335244897428
51.0	30.88418307626511	19.221304408751763	19.179291738793193	30.69753534351674	0.01768543267319873
52.0	31.031671876342	19.199054710700352	19.0650432953951	30.689290798785073	0.014939318777474422
53.0	30.99174542471608	19.080714234811953	19.2491192224085	30.67054054489872	0.007880573164749754
54.0	30.89445263457752	18.974577434184944	19.104455732735047	31.018119023311037	0.008395175191451582
55.0	30.893097450040692	19.223357609631	19.092292095835226	30.78229176596364	0.008961078529437663
56.0	31.05675950413309	18.917256180944282	19.156384561630848	30.862772705514907	0.006827047776874427
57.0	30.842526763095528	19.269766036130342	19.100101046656576	30.785219429494987	0.002386724622566741
58.0	30.742018778308054	19.324757700296377	19.185941444638008	30.745363435943453	0.0019186408141052252
59.0	31.07182726463293	19.045533651409315	19.060900183361856	30.820313674192207	0.0014252264036925283
60.0	30.85813534330775	19.26974567024026	19.211367178182087	30.659275510999578	0.0014762972703263471
61.0	30.861079641362227	19.11750999840523	19.26826275249727	30.75174959146858	0.0013980162666959387
62.0	31.10471984454627	19.10019431716111	19.03110032060132	30.76346795966463	5.175580266651072E-4
63.0	30.739152658470413	19.15629028886925	19.170077747817288	30.934427569537426	5.173530562114443E-5
64.0	30.900776710426932	19.080747423140267	19.046924563386444	30.971525444590892	2.5858455469283128E-5
65.0	31.02383384652289	19.154369417900355	19.02530517373655	30.796465712802718	2.58490374852402E-5
66.0	30.90732008335332	19.056812355806205	19.181909518651132	30.85380299509638	1.5504709297037154E-4
67.0	31.019886854618857	19.328955251025008	18.86503800489234	30.786119889463798	0.0
68.0	31.081118424909626	19.082867400434044	19.29154611037606	30.544468064280274	0.0
69.0	30.77629176254787	19.158355814635637	19.262878377875918	30.801751062783772	7.229821568003702E-4
70.0	30.91327977925725	19.22703375889513	19.076496824034688	30.783189637812935	0.0
71.0	31.0791760983544	19.104888627998232	19.121615918184965	30.69419028686528	1.2906859711986007E-4
72.0	31.02256079241531	19.120818763079676	19.20888555756192	30.64773488694309	0.0
73.0	30.804554506758564	19.306479404267705	19.07870760863618	30.81025848033755	0.0
74.0	31.152574007622714	18.97667350756284	19.131238876661534	30.739487799943017	2.5808209901268114E-5
75.0	30.863248359561002	19.179425636658085	19.14071321190536	30.816612791875553	0.0
76.0	30.97485964886924	19.11044018326688	18.986942544304295	30.927757623559582	0.0
77.0	31.089733166288024	19.119047655919708	19.06882049804899	30.72239867974328	0.0
78.0	30.848471456553682	19.15090901018203	19.018587030484134	30.982032502780154	0.0
79.0	30.690479177864766	19.35018249993675	19.138509422924304	30.820828899274183	0.0
80.0	31.00172513116652	19.137878545704872	19.097932760424186	30.762437741253045	2.5821451377303307E-5
81.0	30.804723393847482	19.2287874847264	19.152906975092442	30.81353049180023	5.1654533447214363E-5
82.0	30.787342197917855	19.38079660358846	18.987013127924214	30.84482223684411	2.583372536011567E-5
83.0	31.011445302102743	19.300102591667077	18.867822136542532	30.82044907757946	1.808921081941541E-4
84.0	30.703087679680372	19.269977066259692	19.090374239764085	30.936302518575502	2.5849572034485394E-4
85.0	30.8285214099345	19.280991329487243	18.9792171455317	30.911063243283778	2.0687176278014964E-4
86.0	30.990880059394083	19.16219680498124	19.00693405213279	30.839833872476042	1.5521101584316444E-4
87.0	30.648379833243666	19.255985907565368	19.149987280682346	30.945000014233216	6.469642754090691E-4
88.0	30.654848433148597	19.497781168683733	18.915922072562683	30.9311635447348	2.847808701816047E-4
89.0	30.756347967619497	19.454150156882875	19.03657285120707	30.752825419947253	1.0360434330127987E-4
90.0	30.734410336158906	19.345884171188874	19.11776329070395	30.801190696150915	7.515057973489467E-4
91.0	30.715144858714172	19.44642577953328	19.00492295869117	30.83303969817677	4.6670488461110645E-4
92.0	30.932787768160395	19.501836249505786	19.071129633300092	30.493805317081218	4.4103195250552843E-4
93.0	30.627732345230598	19.35678312126142	19.13984389825013	30.87548488135836	1.557538994935662E-4
94.0	30.563697790596407	19.654603575680017	19.064466501279366	30.7168165429552	4.155894890145412E-4
95.0	30.865343079079967	19.40577352835223	19.149550010370582	30.57930739076712	2.599143010566556E-5
96.0	30.685296555584195	19.564816517424166	19.13083463875547	30.618740183325222	3.12104910944765E-4
97.0	30.71169490431404	19.578871424139386	19.149684864107407	30.559384428309965	3.6437912919634624E-4
98.0	30.694591606994205	19.49645924300626	19.18637602974715	30.62233870203152	2.3441822085947097E-4
99.0	30.71405167297089	19.42374969339098	19.220768658706433	30.64064797531175	7.819996199481846E-4
100.0	30.58630415165398	19.619127573244647	19.255744692285475	30.538093112526077	7.304702898166962E-4
101.0	30.641012820569724	19.58594439659145	19.190515342360097	30.581796373227586	7.310672511375275E-4
102.0	30.5579111123074	19.53596998313668	19.195567714729	30.709897876706226	6.533131206964632E-4
103.0	30.61333386343888	19.70996077044564	19.159104379700654	30.516685508082624	9.154783321972682E-4
104.0	30.735405538855293	19.630624295416784	19.0904154691261	30.543345252450887	2.094441509317385E-4
105.0	30.540647844471202	19.64550818486406	19.196333222830354	30.617301097910442	2.0964992393638696E-4
106.0	30.46549634580778	19.69984732664229	19.14891161209425	30.685508622634483	2.3609282120428323E-4
107.0	30.750394807811183	19.576585362779404	19.21951209264683	30.45258866304184	9.190737207412881E-4
108.0	30.487272084913403	19.595610907853985	19.347619105200152	30.5687355782804	7.623237520628744E-4
109.0	30.529001392108928	19.743236166410963	19.14415564251485	30.583054165932015	5.526330332448243E-4
110.0	30.63698059920121	19.668784841874533	19.249470456198033	30.444474302635598	2.8980009062839194E-4
111.0	30.48302026732796	19.64773711265022	19.188879595861447	30.68009926746854	2.637566918369678E-4
112.0	30.531619951638504	19.672386125104538	19.224842925487543	30.57086052248054	2.904752888710731E-4
113.0	30.6649889426743	19.55800839108772	19.353096209838537	30.423906456399447	0.0
114.0	30.66767764963404	19.57117766631314	19.421012807961066	30.34007892656483	5.2949526922451714E-5
115.0	30.358660957385304	19.966508824635763	19.15960848672852	30.515168713717784	5.3017532632954056E-5
116.0	30.7123648600044	19.708905350440915	19.23801070104109	30.34026783659478	4.5125191881606355E-4
117.0	30.527148184671983	19.589487869903486	19.395608338893126	30.4877024451574	5.316137400887264E-5
118.0	30.488699489740238	19.675025486370448	19.34084127647455	30.495220806460626	2.1294095413518027E-4
119.0	30.548183167178045	19.598513811799783	19.340864497945017	30.512331902214807	1.0662086234420359E-4
120.0	30.424317522484095	19.73045247936311	19.526272461403597	30.318930843061402	2.669368779703401E-5
121.0	30.37261225847225	19.810301334237295	19.504892845036203	30.31123114054458	9.624217096673122E-4
122.0	30.51121880689729	19.684159794366497	19.517270001071008	30.286735568169647	6.158294955553175E-4
123.0	30.493970779344416	19.592862012021435	19.58639916374498	30.325614922582588	0.0011531223065878683
124.0	30.46121830906853	19.687443093704225	19.5781830058127	30.271463510407372	0.0016920810071695892
125.0	30.511463844797177	19.706519762448174	19.60499315085445	30.17557055588376	0.0014526860164444059
126.0	30.42609444502527	19.695510557782452	19.635341275427113	30.23903884354262	0.004014878222546047
127.0	30.372865492278095	19.877856175903517	19.59744733495551	30.148943244602872	0.002887752260003498
128.0	30.42899997323768	19.653787503402732	19.65211147938585	30.262830301757308	0.002270742216422819
129.0	30.147404073352185	19.8315018394369	19.665375748244372	30.354635202267655	0.0010831366988917888
130.0	30.361554020716262	19.821226152931008	19.643179249344055	30.173470957116034	5.696198926456376E-4
131.0	30.26217039173393	19.65457330874773	19.797147004430734	30.286027777823065	8.151726454145723E-5
132.0	30.247455823126458	19.831744739811384	19.811219830220345	30.10906240089722	5.172059446017991E-4
133.0	30.154349874988544	19.91971886603921	19.88955685294028	30.036292592253215	8.181377874936185E-5
134.0	30.25972361828953	19.75528970244664	19.94766238907697	30.03636802771959	9.562624672719171E-4
135.0	30.19069820662002	19.81562518648535	19.957833096365775	30.035022290645045	8.212198838138109E-4
136.0	30.110025137240005	19.98949529413862	19.907487277100703	29.992443742911725	5.485486089492963E-4
137.0	30.317137669827453	19.686710020980907	20.000901458989386	29.99489356462719	3.572855750621265E-4
138.0	30.014519911999198	19.717831179032277	20.202975810796072	30.06403964222408	6.334559483716877E-4
139.0	30.1104860297866	20.00285385213458	19.980304556254975	29.90607956065029	2.7600117355698996E-4
140.0	30.202228069044633	19.767936907431757	20.22236428937179	29.807304753492442	1.6598065938030015E-4
141.0	30.076853280504213	19.83490715156463	20.17455461480184	29.91351856802322	1.6638510609268982E-4
142.0	30.098024770297883	19.858133748488342	20.30608415229146	29.73767392724594	8.340167637369511E-5
143.0	29.989434743437705	19.85442866611475	20.399143068185083	29.75479068439384	0.002202837868623307
144.0	29.88182430512199	19.825785395086342	20.353866947728346	29.938495380160536	2.7971902783092437E-5
145.0	29.96311173231101	19.90509231051734	20.361296126479196	29.770499830692454	0.0
146.0	30.163680681547483	19.720456924027012	20.365334874778295	29.750527519647214	0.0
147.0	29.91848554376745	19.770772743175606	20.548714131550312	29.761970739376846	5.6842129795024435E-5
148.0	29.889600602863602	19.904991015013625	20.405802562170308	29.79948988464437	1.1593530809808126E-4
149.0	29.46643642537039	20.075801243351542	21.244825941705912	29.212936389572157	0.0
