#Position (bp)	Coverage	Std
15197.0	72.67400388247293	36.856150236011615
45590.0	61.30852498930675	17.28971547419335
75983.0	57.96515645049847	22.616123893826654
106376.0	58.69298851709275	18.44314257686093
136769.0	53.19191919191919	17.825456025186003
167162.0	70.53545224229264	23.210027138863786
197555.0	60.13417563254697	23.942703516719536
221485.0	67.41632793267304	28.362677254462778
236681.5	85.85022435401517	32.856499965359916
258341.0	63.24443128351923	20.956567118511774
288734.0	62.133715000164514	21.218406502856162
319127.0	59.9004046984503	19.184353441568287
349520.0	58.19369591682295	17.382199366078297
379913.0	56.26193531405258	18.58714748927981
410306.0	61.810680090810386	19.722599135469974
440699.0	63.796137268449975	25.840042464321872
471092.0	59.61971506596914	21.451828889903055
501485.0	63.235218635870105	20.29388105476774
531878.0	55.85098542427533	19.09958455640737
562271.0	54.75599644655019	18.251168614432668
592664.0	52.78659559767052	18.689711968485298
623057.0	55.153949922679566	17.45566743876896
653450.0	58.08018293686046	15.941852603424396
683843.0	58.21468759253776	16.29698787827117
714236.0	55.930905142631524	18.610333691789748
744629.0	56.77846872635146	18.034503392244442
775022.0	53.78669430460961	18.339520317112555
805415.0	59.927252985884905	21.16994297828752
835808.0	58.2654887638601	17.35669689547457
866201.0	60.620076991412496	18.855795202886437
896594.0	58.12190306978581	15.265123182804674
926987.0	59.78919488040009	19.135013753776626
957380.0	61.18185108413122	18.361067848998392
987773.0	59.96930214194058	19.344043473350098
1018166.0	61.774948178856974	20.689166764903458
1038382.5	79.59402390438247	32.32732245164189
1053579.0	80.44799292487593	35.94884233147464
1078952.0	56.18744447734676	17.663549673533662
1109345.0	60.69673938077847	20.106493532117327
1139738.0	55.10183265883592	23.358690763373765
1170131.0	59.7403678478597	19.358522931629615
1200524.0	54.46543612015925	24.741793625190777
1230917.0	57.38706281051558	17.990540841426963
1261310.0	61.65465732240977	20.756453350078953
1291703.0	61.79725594709308	20.791766053338364
1322096.0	62.66531767183233	22.0344404583963
1348657.5	74.05200175978882	29.846555814243004
1363854.0	88.9771629909957	35.66857569602713
1382882.0	63.62866449511401	23.145937279125274
1413275.0	56.42467015431185	18.024933651633507
1443668.0	59.001579311025566	21.347347429124085
1474061.0	56.58661533905833	16.68193457222385
1504454.0	62.88566446221169	21.50980399302252
1534847.0	57.99407758365413	20.007781528343283
1565240.0	59.89267265488764	21.145184091238377
1595633.0	59.6742671009772	21.441290022825683
1626026.0	60.05211726384365	15.54108590904096
1656419.0	57.1345046556773	17.374942465239545
1686812.0	53.34866581120653	19.707957270393546
1717205.0	54.494686276445236	19.069855669498033
1747598.0	54.397756062251176	17.397324420233645
1777991.0	56.82844733984799	19.00789751134502
1808384.0	58.26282367650446	19.05945410483184
1838777.0	57.90089823314579	19.970728423083628
1869170.0	60.28575658868819	22.821059933635592
1899563.0	70.09189616030007	31.784845121999165
1929956.0	54.829862139308396	21.517000522521666
1960349.0	56.424012108051194	17.269055590441333
1990742.0	57.34906063896292	19.820305337421217
2021135.0	62.32935215345639	22.5988544463658
2051528.0	60.637120389563385	19.160507007632237
2081921.0	55.94600730431349	18.377896504217194
2112314.0	57.82301845819761	23.28425327337061
2142707.0	55.88168328233475	20.42911963423071
2173100.0	57.51179547922219	19.45715778430986
2203493.0	54.31270358306189	16.14776468575127
2233886.0	63.240943638337775	21.815016454600414
2264279.0	51.737636955877996	17.43480035303283
2294672.0	54.01148290724838	14.98077382440512
2325065.0	58.09985852005396	17.71554558547503
2355458.0	69.71210476096469	29.171491485813004
2385851.0	56.15727305629586	18.38326220468905
2416244.0	55.84631329582469	18.65474664180488
2446637.0	64.42858552956272	26.259822753664217
2477030.0	58.5699338663508	17.92554344378645
2507423.0	55.27085184088441	16.121762607092258
2537816.0	58.52712795709538	18.468187011652887
2568209.0	62.053696574869214	22.240829409238412
2598602.0	55.245352548284146	17.904760892190698
2628995.0	57.98759582798671	18.78285767503693
2659388.0	62.77514559273517	21.05856123644241
2689781.0	63.087388543414605	19.898852577288785
2720174.0	59.12335077155924	14.322387604526865
2750567.0	61.82709834501365	19.309872797211213
2780960.0	58.580956141216724	17.085187418495803
2811353.0	56.21600368505906	17.239109174723183
2841746.0	57.70470174053236	21.140205799697835
2872139.0	66.8824400355345	35.19476294557356
2889645.5	133.89545454545456	46.07567650472391
2904842.0	69.12710976603422	25.30993616163029
2932925.0	58.02576251110453	18.96423355802858
2963318.0	57.05771065705919	18.294044458402418
2993711.0	57.146020465238706	16.680498652743626
3024104.0	54.39045174875794	17.045188363663762
3054497.0	58.782713124732666	20.738704643711046
3084890.0	62.95528575658869	20.452382195861816
3115283.0	59.325798703648864	18.202624475286708
3145676.0	60.98308821110124	20.694455479965622
3176069.0	57.310992662784194	17.61320207428444
3206462.0	59.96966406738394	19.290603019443157
3236855.0	61.99562399236666	21.880454417728
3267248.0	57.05626295528576	17.057659325096107
3297641.0	62.98055473299773	19.16515059687029
3322340.5	84.60659791644744	41.532374418069246
3337537.0	61.27566523228243	86.5587770512341
3358427.0	171.58171289441648	195.93101882162202
3388820.0	87.6260323100714	151.27281801111022
3410819.5	126.2546670586506	221.5975809276744
3426016.0	80.96759397152559	26.265258864068358
3449606.0	59.541045635508176	20.882391946873035
3479999.0	59.59839436712401	19.025218472157825
3510392.0	58.99193893330701	20.840568282770757
3540785.0	55.555851676372846	22.99464845993961
3571178.0	56.4930411607936	21.26621731327687
3601571.0	58.648307175994475	17.99552564327326
3631964.0	55.782647320106605	18.970626700054503
3662357.0	58.406837100648175	16.73294589428067
3692750.0	57.5703286941072	18.909622321434355
3723143.0	61.58724048300596	19.957411141419133
3753536.0	55.533379396571576	18.764319705453985
3783929.0	60.723094133517584	21.39280926750555
3814322.0	58.879643338926726	18.637659541193145
3844715.0	56.50475438423321	18.650530802463365
3875108.0	71.84361530615602	31.097128304823148
3905501.0	62.950811042016255	24.30786781542907
3935894.0	62.07383279044517	19.333919609625386
3966287.0	59.26996347843254	17.91715967808928
3987990.0	95.32613540305849	31.13984836183132
4003186.5	76.0970080552359	25.52476403076504
4027073.0	60.5127167439871	20.44761980750943
4057466.0	59.098838548349946	16.441293301429102
4087859.0	62.4844536570921	23.95675687800558
4118252.0	58.16493929523246	16.981572458943937
4148645.0	56.89523903530418	20.08178913496795
4179038.0	62.7074655348271	19.214084118851606
4209431.0	55.56236633435331	19.013609756438274
4239824.0	62.11611226269207	17.091794455219443
4259839.0	85.97032271453772	27.67352171459948
4275035.5	71.86548467912893	29.963520893128866
4300610.0	59.150659691376305	17.697452238868934
4331003.0	62.22031388806633	20.05922858929046
4361396.0	57.09916757148027	18.905235329849198
4391789.0	61.02368966538348	17.08689261163388
4422182.0	55.43536340604744	19.232657315775484
4452575.0	59.78129832527227	17.995994611698773
4482968.0	56.570723521863584	18.731342508811544
4513361.0	58.47168755963544	20.951924828419166
4543754.0	59.02921725397295	15.94037375392226
4574147.0	57.50116803211266	18.52217598424991
4604540.0	56.83716645280163	19.63639135958931
4634933.0	57.23383673872273	15.35173006849103
4665326.0	59.67262198532557	20.056061000716845
4695719.0	55.83084920869937	19.668929267617266
4726112.0	58.50656401145	16.31014895006792
4756505.0	56.11334846839733	19.072354685679002
4786898.0	61.56101733951897	19.737751908289418
4817291.0	68.98871450662982	28.579269620794012
4847684.0	62.701214095350906	21.980334321782095
4878077.0	57.763761392425884	19.144932594543565
4908470.0	55.141874773796594	14.8204667379362
4938863.0	55.20629750271444	16.070892406237622
4969256.0	57.857269766064555	19.013284426958545
4999649.0	58.74533609712763	18.653077177542585
5030042.0	56.78916197808706	20.047771394686094
5060435.0	58.20218471358537	19.779686759182585
5090828.0	64.16164906392919	22.5076070083836
5121221.0	58.504195044911654	18.618178241982797
5151614.0	58.71578982002435	18.158101367713613
5182007.0	59.795084394432926	20.281365682954288
5212400.0	56.901325963215214	18.764409131236135
5242793.0	54.375119270884746	17.29242703528639
5273186.0	60.869377817260556	19.795816377874612
5303579.0	57.52248873095779	16.719823433291495
5333972.0	63.80153324778732	25.925725134866166
5352383.0	98.1799657800591	28.984599619244047
5367579.5	66.7027624770489	26.35577939139077
5394758.0	57.54259204422071	18.37217375094232
5425151.0	58.93442569012601	21.085909261270363
5455544.0	63.46938439772316	20.872074727690396
5485937.0	56.927187181258844	18.627192387808382
5516330.0	58.068305201855694	17.61453861216716
5546723.0	59.71016352449577	20.235400276276508
5577116.0	86.93939393939394	91.66803293998893
5607509.0	57.64442470305662	18.973206417843365
5637902.0	55.23564636593952	17.62545501153104
5668295.0	59.34623104004211	19.269730368439145
5698688.0	60.7675122561116	18.24202908245793
5729081.0	61.574145362418975	19.574269886474013
5759474.0	56.422893429408084	20.184624761463766
5789867.0	58.60750830783404	18.036639648836992
5820260.0	57.68423650182608	20.777916424495245
5850653.0	63.664231895502255	19.458530838680883
5881046.0	62.634685618398976	23.714367729246902
5907241.5	78.72665696881535	33.440705028388805
5922438.0	86.05002977963073	31.34130544568787
5941832.0	63.72901654986345	21.986381705249464
5972225.0	58.56483400783075	18.880855145209345
6002618.0	60.50804461553647	18.11895459581071
6033011.0	59.681308195966174	20.542535276874148
6063404.0	58.57292797683677	17.663219036978067
6093797.0	59.03829829236995	15.46757082983752
6124190.0	60.062580199388016	18.068335428909478
6154583.0	58.92995097555358	19.55301181698255
6184976.0	57.672161352943114	18.586615547164794
6215369.0	54.24416806501497	16.493027972571042
6245762.0	62.716020136215576	19.241496452551633
6276155.0	58.84736616984174	18.65764425833432
6306548.0	55.81739216266904	17.762837860098312
6336941.0	59.088836245188034	16.267765067908854
6367334.0	61.27753101043003	17.562724193144422
6397727.0	73.50498470042444	26.917691877613915
6428120.0	60.53992695686507	17.936302661920276
6458513.0	60.71292731879051	20.49983689215298
6488906.0	59.290527424077915	15.477056209454183
6519299.0	58.39762445299905	16.34676102249903
6549692.0	63.279209028394696	17.759885956067016
6580085.0	62.86019807192446	20.462952022816882
6610478.0	61.11959990787352	15.22026284743468
6640871.0	65.38262099825617	18.570014133903417
6660029.5	91.48700151438668	40.09032897765493
6675226.0	74.81169611464685	33.144316702445266
6701657.0	59.7135195604251	19.39493384085509
6732050.0	58.41427302339355	16.839954924552348
6762443.0	54.941762905932286	17.710353792660154
6792836.0	61.59408416411674	17.557259521136583
6823229.0	60.086565985588784	19.070205913795945
6853622.0	60.54917250682723	16.548119508579422
6884015.0	57.42095219293916	16.711849721088726
6914408.0	58.30664955746389	17.256107245221305
6944801.0	55.01704339815089	16.285736591653077
6975194.0	58.64485243312605	19.984141378183747
7005587.0	57.49218570065476	18.589346788849966
7035980.0	62.104399039252456	18.103006649038612
7066373.0	63.744381930049684	20.87385832501229
7096766.0	56.46148784259533	18.431428771121574
7127159.0	57.714967262198535	16.87260294194472
7157552.0	62.033395847728094	17.860711104308848
7187945.0	58.991478300924555	21.1519882466036
7218338.0	54.688875727963676	17.226010347753324
7248731.0	61.16704504326654	17.3760767332962
7279124.0	55.524331260487614	18.42230097725262
7309517.0	65.72171223637022	24.24639230677534
7327760.5	94.84361667213653	40.506631157206115
7342957.0	80.32540433762706	32.82722047902901
7370303.0	57.448655940512616	19.11117375930795
7400696.0	61.67624123975916	21.187436812784895
7431089.0	54.72342315664791	16.753064975179324
7461482.0	55.173164873490606	20.156275084012815
7491875.0	60.8038364096996	20.527615129958466
7522268.0	62.01263448820452	16.239830952546523
7552661.0	58.46862764452341	21.732171315703535
7583054.0	57.77123021748429	19.375367427790007
7613447.0	57.262395946435035	15.609538248622494
7643840.0	57.65673016813082	18.179282059163448
7674233.0	57.77211857993617	19.043982777549086
7704626.0	57.06435692429178	16.382415641871038
7735019.0	58.12308755305498	16.495938307760493
7765412.0	53.195604250978846	16.488820144195866
7795805.0	1657.3537327674135	1507.1857868724842
7826198.0	73.29042871713881	134.7707426022437
7856591.0	53.59368933636035	16.69024588107743
7886984.0	59.31234165761853	17.911348500134718
7917377.0	60.937584312177144	24.982411474837296
7947770.0	56.15957621820814	15.48222654089224
7978163.0	60.861843187576085	26.525701470131665
8008556.0	52.02339354456618	17.41694336268858
8038949.0	55.77672490376074	19.58889074302652
8069342.0	50.05389398874741	22.263477317532526
8099735.0	55.26302109038265	17.911083058397434
8130128.0	52.75046885796071	18.951881777801148
8160521.0	61.78077188826374	20.56834915121221
8190914.0	60.38818148915869	17.233264095144992
8221307.0	57.97308590793933	18.687241012847778
8251700.0	60.093376764386534	15.603944109100903
8282093.0	58.601158161418745	18.204597318744973
8312486.0	62.0195768762544	21.266987786691768
8342879.0	54.43918007435923	19.57876240608675
8373272.0	58.02326193531405	16.480504081281566
8398726.5	110.86824917137844	65.79437725207157
8413923.0	88.26718639262934	42.70522990137661
8434058.0	63.65594051261804	20.336084805366745
8464451.0	58.31184812292304	19.511394158888084
8494844.0	59.04626065212384	17.232798236045518
8525237.0	59.77452044878755	18.17610634790055
8555630.0	59.69736452472609	18.26113420552732
8586023.0	65.31026881189747	28.754828473897874
8616416.0	65.36817688283486	21.688653491114312
8646809.0	56.235416049748295	18.06650341703574
8677202.0	58.859309709472576	18.82880078546834
8707595.0	55.69328463791005	18.62744409229674
8737988.0	59.46382390682065	18.082834731327612
8768381.0	61.82301845819761	26.116778864467943
8798774.0	66.71457243444215	26.41393414133821
8829167.0	52.753364261507585	17.564791387583384
8859560.0	58.93577468496035	19.69534271163298
8889953.0	58.974402000460636	20.36600901096995
8920346.0	54.213930839338005	15.78833982401919
8950739.0	56.75708222288027	18.631115058603378
8981132.0	57.90606389629191	20.787763605482795
9011525.0	60.16595926693647	16.95009037678366
9041918.0	57.08942848682263	16.90913062178232
9072311.0	61.30260257296088	19.422079913550146
9102704.0	61.64906392919422	19.047044881852063
9133097.0	57.59391965255158	17.478603942025295
9163490.0	55.73151712565393	18.80107986490317
9193883.0	60.15269963478433	16.645612997819413
9224276.0	59.728523015167966	20.736262056534066
9254669.0	62.286118514131545	19.689780621644907
9285062.0	61.68387457638272	18.273204759260366
9315455.0	64.44697792254796	19.097713643351337
9332033.5	100.9801013024602	47.87015496751189
9347230.0	80.88117557638714	34.83005072222582
9376241.0	62.33385977034185	18.9925842763301
9406634.0	61.57246734445432	18.409865295453844
9437027.0	68.94495443029645	26.168055914237655
9467420.0	56.35564110156944	18.38873995810301
9497813.0	57.799822327509624	18.39742925568261
9528206.0	57.87283256012898	17.861906627062442
9558599.0	55.53680123712697	17.736893958574957
9588992.0	57.739973020103314	16.56997219513937
9619385.0	56.95048201888593	19.74737633481241
9649778.0	57.43230349093541	15.970054520811448
9680171.0	58.945283453426775	19.542397681530588
9710564.0	56.43306024413516	16.527188560118372
9740957.0	55.877636297831735	18.306730458700706
9771350.0	59.37659987497121	17.180927010874083
9801743.0	55.54334879742046	18.391694690448755
9832136.0	55.25877669200145	17.53261129409572
9862529.0	63.615602276840065	21.67457696348983
9892922.0	65.05994801434541	19.553087539394703
9923315.0	61.923699536077386	19.439047904252273
9953708.0	58.651860625801994	19.55375893195557
9984101.0	61.06797617872537	16.29318076012389
1.0014494E7	62.77195406837101	19.156104474308062
1.0044887E7	60.88826374494127	21.46821257011893
1.007528E7	63.69170532688448	20.111450401990915
1.01041125E7	74.01884716925785	27.354092379444758
1.0119309E7	114.3345081704582	36.84738218455328
1.0136066E7	73.34172342315665	24.541433126864785
1.0166459E7	61.62909222518343	19.872081296203916
1.0196852E7	65.43677820550785	19.845648592038827
1.0227245E7	64.33270818938571	24.377250066353923
1.0257638E7	56.64774783667292	18.996035723564454
1.0288031E7	59.480340867963015	16.36677183646153
1.0318424E7	60.86546244200967	20.493215985410153
1.0348817E7	58.303063205343335	18.84112934957213
1.037921E7	58.01013391241404	17.743366801221818
1.0409603E7	61.001612213338596	19.88152567930722
1.0439996E7	59.0182607837331	16.316630226222024
1.0470389E7	55.03418550324088	16.737785289218646
1.0500782E7	54.9382423584378	18.2238653578647
1.0531175E7	56.38630605731583	17.18915687688387
1.0561568E7	56.40844931398677	18.431886648726817
1.0591961E7	56.12302174842891	16.494341576743064
1.0622354E7	56.88398644424703	19.899249408028645
1.0652747E7	56.384364820846905	17.331224293306164
1.068314E7	57.11818510841312	15.764483349642333
1.0713533E7	63.37916625538775	25.772986500449857
1.0743926E7	59.692527884710294	18.378186533745403
1.0774319E7	53.94235514756687	18.50685286058321
1.0804712E7	53.34741552331129	16.511293343750943
1.0835105E7	62.1795150199059	25.667538990441123
1.0865498E7	57.19201789885829	17.409250201087843
1.0895891E7	55.419372881913596	16.8454286506218
1.0926284E7	59.14759977626427	16.753669863269007
1.0956677E7	59.91336820978515	18.219237396910334
1.098707E7	59.22791432237686	16.591502606469955
1.1017463E7	55.194748790839995	16.33020664284823
1.1047856E7	60.06063896291909	15.088129877884924
1.1078249E7	61.50139834830389	18.963471892367565
1.1108642E7	56.60165169611424	21.11284239446722
1.1139035E7	61.53124074622446	19.39778958487607
1.1169428E7	59.122462409107364	18.457670990647046
1.1196832E7	89.73782510751587	58.08676202886641
1.12120285E7	109.93743726998996	49.47557869548634
1.1230214E7	63.406672589083016	23.93276660032006
1.1260607E7	65.51492119896028	22.71986896152634
1.1291E7	59.226335011351296	17.04356297426191
1.1321393E7	56.37156582107722	16.65689971445045
1.1351786E7	56.91521073931497	18.454435320612365
1.1382179E7	56.66189583127694	19.32853524033572
1.1412572E7	60.93024709637088	21.318620926245515
1.1442965E7	60.19073470865002	16.491297286475042
1.1473358E7	55.03714671141381	14.742499641956497
1.1503751E7	55.6228078833942	17.975022610029722
1.1534144E7	56.15895107426052	16.65410147214307
1.1564537E7	58.965715789820024	18.93828065033153
1.159493E7	56.142861843187575	17.359986493367817
1.1625323E7	54.57187510281973	17.61371017610621
1.1655716E7	56.93768301911624	20.489787105914687
1.1686109E7	58.61073273451124	20.708550792813543
1.1716502E7	55.319942091929065	17.666073483876072
1.1746895E7	55.46632448261113	17.164080685498547
1.1777288E7	54.5504556970355	17.705507984703907
1.1807681E7	56.89135656236633	18.989184182445772
1.1838074E7	57.02023492251505	16.689663337042486
1.1868467E7	59.8795117296746	20.29348221294337
1.189886E7	57.25463100055934	18.07352997534653
1.1929253E7	59.44322705886224	17.853436769649576
1.1959646E7	58.96311650709045	18.062789654015706
1.1990039E7	57.57885039318264	19.504037919028686
1.2020432E7	63.093212252821374	23.840028416319658
1.2050825E7	71.46563353403744	32.37272495219478
1.2081218E7	62.18586516632119	18.382310902810755
1.2111611E7	61.384463527786004	17.575557097417196
1.21419565E7	77.66453231236385	42.67569795237671
