#Insert size (bp)	insert size
141.0	3.0
144.0	2.0
145.0	1.0
146.0	2.0
147.0	1.0
148.0	6.0
149.0	35.0
150.0	8107.0
151.0	15855.0
152.0	16146.0
153.0	16033.0
154.0	16467.0
155.0	16396.0
156.0	16308.0
157.0	16385.0
158.0	16087.0
159.0	16147.0
160.0	16035.0
161.0	16021.0
162.0	15903.0
163.0	15957.0
164.0	15853.0
165.0	16317.0
166.0	16169.0
167.0	15889.0
168.0	15892.0
169.0	15784.0
170.0	15652.0
171.0	15580.0
172.0	15372.0
173.0	15379.0
174.0	15623.0
175.0	15309.0
176.0	15722.0
177.0	15884.0
178.0	15427.0
179.0	15284.0
180.0	15097.0
181.0	15037.0
182.0	15015.0
183.0	15038.0
184.0	14826.0
185.0	14918.0
186.0	15011.0
187.0	15111.0
188.0	15026.0
189.0	14789.0
190.0	14686.0
191.0	14409.0
192.0	13914.0
193.0	14124.0
194.0	14118.0
195.0	14185.0
196.0	14021.0
197.0	13820.0
198.0	13966.0
199.0	13596.0
200.0	13718.0
201.0	13590.0
202.0	13646.0
203.0	13393.0
204.0	13453.0
205.0	13424.0
206.0	13087.0
207.0	13163.0
208.0	13246.0
209.0	13012.0
210.0	12807.0
211.0	12732.0
212.0	12761.0
213.0	12564.0
214.0	12506.0
215.0	12405.0
216.0	12359.0
217.0	12324.0
218.0	12150.0
219.0	12143.0
220.0	11972.0
221.0	11841.0
222.0	11799.0
223.0	11518.0
224.0	11290.0
225.0	11321.0
226.0	11373.0
227.0	11374.0
228.0	11213.0
229.0	11277.0
230.0	11220.0
231.0	10985.0
232.0	11113.0
233.0	10750.0
234.0	10735.0
235.0	10696.0
236.0	10255.0
237.0	10475.0
238.0	10546.0
239.0	10416.0
240.0	10233.0
241.0	10460.0
242.0	10028.0
243.0	10245.0
244.0	9999.0
245.0	9878.0
246.0	9866.0
247.0	9716.0
248.0	9652.0
249.0	9520.0
250.0	9565.0
251.0	9444.0
252.0	9562.0
253.0	9521.0
254.0	9283.0
255.0	9102.0
256.0	8919.0
257.0	8829.0
258.0	8781.0
259.0	8871.0
260.0	9058.0
261.0	8670.0
262.0	8778.0
263.0	8505.0
264.0	8406.0
265.0	8198.0
266.0	7956.0
267.0	7804.0
268.0	7856.0
269.0	7777.0
270.0	7920.0
271.0	7527.0
272.0	7563.0
273.0	7530.0
274.0	7419.0
275.0	7472.0
276.0	7405.0
277.0	7311.0
278.0	7517.0
279.0	7415.0
280.0	7305.0
281.0	7233.0
282.0	7231.0
283.0	7236.0
284.0	7340.0
285.0	7164.0
286.0	7146.0
287.0	6945.0
288.0	7091.0
289.0	7125.0
290.0	6897.0
291.0	6857.0
292.0	6984.0
293.0	6895.0
294.0	6909.0
295.0	6781.0
296.0	6829.0
297.0	6819.0
298.0	6894.0
299.0	6809.0
300.0	6702.0
301.0	6615.0
302.0	6560.0
303.0	6684.0
304.0	6573.0
305.0	6577.0
306.0	6541.0
307.0	6481.0
308.0	6443.0
309.0	6298.0
310.0	6438.0
311.0	6387.0
312.0	6188.0
313.0	6412.0
314.0	6118.0
315.0	6310.0
316.0	6159.0
317.0	6197.0
318.0	6160.0
319.0	6259.0
320.0	6185.0
321.0	6176.0
322.0	6055.0
323.0	6007.0
324.0	5947.0
325.0	5845.0
326.0	5871.0
327.0	5935.0
328.0	5941.0
329.0	5883.0
330.0	5694.0
331.0	5902.0
332.0	5754.0
333.0	5962.0
334.0	5757.0
335.0	5860.0
336.0	5727.0
337.0	5738.0
338.0	5620.0
339.0	5608.0
340.0	5675.0
341.0	5475.0
342.0	5499.0
343.0	5415.0
344.0	5312.0
345.0	5470.0
346.0	5174.0
347.0	5402.0
348.0	5222.0
349.0	5305.0
350.0	5290.0
351.0	5358.0
352.0	5184.0
353.0	5237.0
354.0	5102.0
355.0	5251.0
356.0	5164.0
357.0	5105.0
358.0	4970.0
359.0	5099.0
360.0	5060.0
361.0	5022.0
362.0	4842.0
363.0	5148.0
364.0	5021.0
365.0	4930.0
366.0	4947.0
367.0	4836.0
368.0	4847.0
369.0	4906.0
370.0	4708.0
371.0	4770.0
372.0	4659.0
373.0	4636.0
374.0	4692.0
375.0	4697.0
376.0	4669.0
377.0	4521.0
378.0	4472.0
379.0	4551.0
380.0	4368.0
381.0	4455.0
382.0	4380.0
383.0	4348.0
384.0	4372.0
385.0	4299.0
386.0	4389.0
387.0	4307.0
388.0	4394.0
389.0	4289.0
390.0	4260.0
391.0	4219.0
392.0	4276.0
393.0	4213.0
394.0	4173.0
395.0	4188.0
396.0	4197.0
397.0	4218.0
398.0	4015.0
399.0	4098.0
400.0	3998.0
401.0	4023.0
402.0	3939.0
403.0	4062.0
404.0	4000.0
405.0	3938.0
406.0	4013.0
407.0	3807.0
408.0	3891.0
409.0	3741.0
410.0	3789.0
411.0	3752.0
412.0	3743.0
413.0	3788.0
414.0	3729.0
415.0	3593.0
416.0	3705.0
417.0	3519.0
418.0	3660.0
419.0	3537.0
420.0	3533.0
421.0	3649.0
422.0	3457.0
423.0	3548.0
424.0	3518.0
425.0	3470.0
426.0	3417.0
427.0	3402.0
428.0	3402.0
429.0	3307.0
430.0	3227.0
431.0	3254.0
432.0	3259.0
433.0	3247.0
434.0	3144.0
435.0	3302.0
436.0	3119.0
437.0	3196.0
438.0	3137.0
439.0	3045.0
440.0	3133.0
441.0	3166.0
442.0	3122.0
443.0	3032.0
444.0	3061.0
445.0	3083.0
446.0	3051.0
447.0	2999.0
448.0	2844.0
449.0	2855.0
450.0	2926.0
451.0	2878.0
452.0	2938.0
453.0	2834.0
454.0	2832.0
455.0	2797.0
456.0	2781.0
457.0	2764.0
458.0	2801.0
459.0	2678.0
460.0	2632.0
461.0	2739.0
462.0	2704.0
463.0	2601.0
464.0	2600.0
465.0	2591.0
466.0	2591.0
467.0	2595.0
468.0	2550.0
469.0	2624.0
470.0	2551.0
471.0	2480.0
472.0	2549.0
473.0	2483.0
474.0	2552.0
475.0	2467.0
476.0	2362.0
477.0	2379.0
478.0	2291.0
479.0	2377.0
480.0	2392.0
481.0	2401.0
482.0	2253.0
483.0	2195.0
484.0	2303.0
485.0	2144.0
486.0	2285.0
487.0	2123.0
488.0	2107.0
489.0	2135.0
490.0	2222.0
491.0	2100.0
492.0	2098.0
493.0	2091.0
494.0	2103.0
495.0	2121.0
496.0	1993.0
497.0	2108.0
498.0	1971.0
499.0	2019.0
500.0	2040.0
501.0	1999.0
502.0	2061.0
503.0	2006.0
504.0	1953.0
505.0	1837.0
506.0	1783.0
507.0	1868.0
508.0	1803.0
509.0	1913.0
510.0	1773.0
511.0	1855.0
512.0	1787.0
513.0	1766.0
514.0	1761.0
515.0	1766.0
516.0	1664.0
517.0	1714.0
518.0	1721.0
519.0	1758.0
520.0	1626.0
521.0	1671.0
522.0	1627.0
523.0	1676.0
524.0	1611.0
525.0	1607.0
526.0	1603.0
527.0	1530.0
528.0	1571.0
529.0	1518.0
530.0	1531.0
531.0	1499.0
532.0	1558.0
533.0	1490.0
534.0	1446.0
535.0	1496.0
536.0	1446.0
537.0	1400.0
538.0	1382.0
539.0	1323.0
540.0	1374.0
541.0	1380.0
542.0	1314.0
543.0	1270.0
544.0	1297.0
545.0	1315.0
546.0	1347.0
547.0	1274.0
548.0	1270.0
549.0	1287.0
550.0	1276.0
551.0	1258.0
552.0	1264.0
553.0	1128.0
554.0	1092.0
555.0	1140.0
556.0	1151.0
557.0	1118.0
558.0	1115.0
559.0	1113.0
560.0	1102.0
561.0	1117.0
562.0	1096.0
563.0	1072.0
564.0	1032.0
565.0	1017.0
566.0	1004.0
567.0	1012.0
568.0	1028.0
569.0	989.0
570.0	1008.0
571.0	983.0
572.0	940.0
573.0	962.0
574.0	949.0
575.0	903.0
576.0	934.0
577.0	866.0
578.0	881.0
579.0	874.0
580.0	839.0
581.0	902.0
582.0	863.0
583.0	822.0
584.0	861.0
585.0	815.0
586.0	830.0
587.0	865.0
588.0	811.0
589.0	755.0
590.0	795.0
591.0	755.0
592.0	749.0
593.0	702.0
594.0	770.0
595.0	729.0
596.0	754.0
597.0	713.0
598.0	720.0
599.0	689.0
600.0	669.0
601.0	695.0
602.0	662.0
603.0	619.0
604.0	655.0
605.0	672.0
606.0	576.0
607.0	595.0
608.0	610.0
609.0	617.0
610.0	585.0
611.0	606.0
612.0	568.0
613.0	567.0
614.0	598.0
615.0	587.0
616.0	552.0
617.0	532.0
618.0	517.0
619.0	528.0
620.0	490.0
621.0	493.0
622.0	507.0
623.0	498.0
624.0	487.0
625.0	467.0
626.0	475.0
627.0	486.0
628.0	443.0
629.0	467.0
630.0	441.0
631.0	442.0
632.0	420.0
633.0	396.0
634.0	432.0
635.0	416.0
636.0	418.0
637.0	384.0
638.0	372.0
639.0	362.0
640.0	373.0
641.0	386.0
642.0	362.0
643.0	367.0
644.0	377.0
645.0	342.0
646.0	330.0
647.0	334.0
648.0	357.0
649.0	316.0
650.0	349.0
651.0	332.0
652.0	306.0
653.0	320.0
654.0	318.0
655.0	309.0
656.0	295.0
657.0	295.0
658.0	301.0
659.0	262.0
660.0	279.0
661.0	277.0
662.0	292.0
663.0	247.0
664.0	268.0
665.0	237.0
666.0	263.0
667.0	241.0
668.0	259.0
669.0	242.0
670.0	250.0
671.0	200.0
672.0	210.0
673.0	220.0
674.0	246.0
675.0	218.0
676.0	189.0
677.0	222.0
678.0	211.0
679.0	194.0
680.0	193.0
681.0	196.0
682.0	202.0
683.0	195.0
684.0	185.0
685.0	188.0
686.0	180.0
687.0	188.0
688.0	174.0
689.0	173.0
690.0	140.0
691.0	156.0
692.0	162.0
693.0	167.0
694.0	164.0
695.0	159.0
696.0	124.0
697.0	143.0
698.0	150.0
699.0	134.0
700.0	112.0
701.0	135.0
702.0	126.0
703.0	121.0
704.0	131.0
705.0	136.0
706.0	124.0
