# Position (bp)	A	C	G	T	N
0.0	26.566198374919793	22.696931955041393	34.1677821193565	16.567486059997467	0.0016014906848428646
1.0	22.937425599432316	19.497736067405672	12.108992894020433	45.455741817181014	1.0362196056065283E-4
2.0	32.50685168418161	20.70099799586966	13.545845753176597	33.246121448263935	1.8311850819455324E-4
3.0	21.126247217719847	23.427046256877833	10.527544346360283	44.91875832816236	4.0385087967808236E-4
4.0	40.460718561358455	9.98429140242076	10.123155485382405	39.43151310620189	3.214446364852922E-4
5.0	44.620977202187944	10.58901295856901	23.274518479921927	21.507513594690767	0.007977764630350576
6.0	34.773725245983314	13.971632830987671	20.742667829119444	30.511894382862124	7.971104745298293E-5
7.0	41.20754800946213	15.001155250808626	19.582504476472717	24.208772396518633	1.9866737895544268E-5
8.0	19.15906045228896	31.819303176112584	22.67860939583378	26.342908084803334	1.1889096133447971E-4
9.0	30.356626753727877	19.625126766577512	13.336180021389698	36.68206645830492	0.0
10.0	27.87126039401292	15.220199819092203	28.39193244320596	28.516607343688914	0.0
11.0	27.61442012439965	18.41858908747343	18.208684355562553	35.75830643256436	0.0
12.0	25.342915438355373	20.660068262872173	23.560533105764232	30.436483193008222	0.0
13.0	23.749834071978544	26.64946178537963	18.402118545448985	31.19858559719284	0.0
14.0	32.894470813730884	20.588581262799043	20.251468458599458	26.265479464870612	0.0
15.0	32.658975065826276	19.08425626226336	19.415551392359756	28.84121727955061	0.0
16.0	31.784412428397847	18.603804348886058	18.45649456145449	31.15524965430081	3.9006960792153356E-5
17.0	31.835747164997986	18.374820162515256	18.68662608815186	31.102767642668148	3.894166674617257E-5
18.0	31.510838998194746	18.463803493990493	19.21202978054141	30.81330828878518	1.9438488167695062E-5
19.0	30.992221697346046	19.070427040033476	19.156054744283303	30.781296518337175	0.0
20.0	30.784196130902497	19.142431115550703	19.38402929096904	30.68934346257776	0.0
21.0	30.534585244459716	19.282805686382176	19.38272020567996	30.79988886347815	0.0
22.0	30.775184243380167	19.35949416097344	19.161794532261574	30.703449784139746	7.727924507451071E-5
23.0	30.96600384862091	19.256106912566857	19.253849826619145	30.524039412193087	0.0
24.0	30.62709422787742	19.41293617827902	19.18232790489176	30.776890396439722	7.512925120794351E-4
25.0	30.777282089449738	19.487867669619572	19.166133007129332	30.568717233801358	0.0
26.0	30.961362650966016	19.21407479965168	19.352638208499798	30.471751448787725	1.7289209477790954E-4
27.0	30.665035332465873	19.401674035869785	19.371518140248316	30.561772491416022	0.0
28.0	30.93586372891071	19.362606677307898	19.25576653254017	30.44543738749888	3.256737423437935E-4
29.0	30.91022315074154	19.2400554050538	19.507285305416534	30.34243613878813	0.0
30.0	30.63251589353054	19.434723026855824	19.44188829970177	30.49047152463249	4.0125527937303295E-4
31.0	30.729153347773398	19.589584068854304	19.159626339443324	30.521636243928967	0.0
32.0	30.793897011788008	19.4438302605927	19.279906708437945	30.48215634952161	2.0966965973282748E-4
33.0	30.5784025749849	19.345607803695287	19.44496639912761	30.630604389254955	4.1883293725063973E-4
34.0	30.605358738851805	19.461520908209256	19.361306026204193	30.569779603324015	0.002034723410728887
35.0	30.71382984785458	19.26732767299181	19.504853078048132	30.50952570896727	0.004463692138203507
36.0	30.75396407519206	19.334463798457687	19.395028495955806	30.51299551058488	0.003548119809570323
37.0	30.710601159805417	19.434237099557706	19.384671955510782	30.4674950269007	0.0029947582253972557
38.0	30.87482255288667	19.36089310833945	19.40586436555213	30.35557968329253	0.0028402899292218685
39.0	30.67187785524821	19.390188028794334	19.404602598632923	30.52966166621077	0.003669851113761979
40.0	30.675095908103607	19.271448045580044	19.390701237114843	30.65358875565248	0.009166053549029787
41.0	30.87087342251376	19.284366234548493	19.33959654494284	30.495798247924615	0.00936555007028883
42.0	30.660262293782996	19.416833552021536	19.430511390809812	30.482148533782848	0.010244229602804996
43.0	30.590321683130465	19.61831278280074	19.320064271781266	30.45987801632129	0.011423245966236957
44.0	30.83014516644265	19.38896439700325	19.372483620933863	30.394600634067253	0.01380618155298259
45.0	30.65406087945523	19.404688794236115	19.437550216714115	30.488116342233834	0.01558376736070267
46.0	30.681249273584115	19.51483129661051	19.252794985031603	30.537790364180257	0.013334080593515162
47.0	30.830122796005277	19.426933181983905	19.36814746044931	30.361566015538372	0.013230546023130903
48.0	30.610241507134933	19.338374795244604	19.42812724075929	30.604851477450335	0.01840497941083783
49.0	30.647487955436524	19.580246728214217	19.23018019455231	30.52570038643952	0.016384735357433095
50.0	30.72076282964814	19.361896555540092	19.426999965113126	30.473985082672517	0.01635556702612652
51.0	30.576407418758333	19.48259137314885	19.426319928095516	30.496086585296133	0.018594694701168073
52.0	30.718253510319265	19.520432463540487	19.275021094137553	30.470725233684075	0.015567698318613647
53.0	30.730282160726446	19.388863019646458	19.5002474272898	30.37268747227794	0.007919920059360082
54.0	30.550050235589854	19.353193155234802	19.408771364160586	30.679321032646868	0.008664212367891813
55.0	30.598339226725592	19.56230293794301	19.36500241458883	30.465396566757676	0.00895885398489451
56.0	30.774902299479084	19.27662824075502	19.440146338134937	30.501649295088757	0.0066738265422007365
57.0	30.583393219032928	19.532174035877606	19.401938988710846	30.480139435583354	0.0023543207952671425
58.0	30.49400804778994	19.58177266160715	19.422684532797685	30.49931223053024	0.002222527274985455
59.0	30.760631514450694	19.39795278856901	19.413634796284185	30.426287376151812	0.0014935245443023252
60.0	30.5510658702615	19.52644535053043	19.516554668691082	30.40442251574531	0.0015115947716736098
61.0	30.57567894640718	19.459775490676908	19.45761147346999	30.50534838718223	0.0015857022636925856
62.0	30.82527386045332	19.391502027145474	19.329606021386663	30.45322646217425	3.9162884029375893E-4
63.0	30.5020646072548	19.516094390994926	19.436150053731247	30.54567230428366	1.864373536932867E-5
64.0	30.587874146334737	19.512056015314858	19.32328558219221	30.57676561768731	1.8638470884937823E-5
65.0	30.75084377292507	19.403767961094676	19.404885973030943	30.440483659417044	1.8633532271135038E-5
66.0	30.574037116127663	19.429958813054412	19.48325649785589	30.51272894392156	1.8629040475875114E-5
67.0	30.66143043627824	19.67518038343108	19.192059534494252	30.47132964579643	0.0
68.0	30.758598267591204	19.410944512493284	19.601808158387403	30.228649061528106	0.0
69.0	30.534491560355807	19.520002800120196	19.531713409187297	30.413233695723	5.58534613693258E-4
70.0	30.625721819174196	19.538821306054306	19.370759835914818	30.464697038856674	0.0
71.0	30.765884648523667	19.390235435601557	19.48250217265178	30.36111715530314	2.6058791985134576E-4
72.0	30.602626352230043	19.520952132252336	19.52761544988841	30.348806065629212	0.0
73.0	30.533272782093707	19.581749757112597	19.356506590530927	30.528470870262765	0.0
74.0	30.79601686341394	19.377515795492023	19.46796718140826	30.358500159685782	0.0
75.0	30.581261780899833	19.47196629732088	19.466829601660418	30.479942320118873	0.0
76.0	30.630335189240142	19.48369001300034	19.33950438633633	30.54641457601851	5.58354046717483E-5
77.0	30.65121997887102	19.467974856664675	19.476462184116937	30.40434298034737	0.0
78.0	30.51276639070401	19.532817890331927	19.35513412276597	30.599281596198097	0.0
79.0	30.407649031808422	19.721000138868877	19.38771483257365	30.483635996749054	0.0
80.0	30.658063026751094	19.503273838890266	19.439137501233393	30.399525633125258	0.0
81.0	30.435369569192535	19.577590518578546	19.468062880260334	30.518977031968593	0.0
82.0	30.497801469809016	19.71638969848596	19.298604707642696	30.487204124062327	0.0
83.0	30.721646949552166	19.568516623607373	19.270948304816216	30.43877635227886	1.1176974538293152E-4
84.0	30.415693888312312	19.6294343321042	19.384340768372237	30.570251521819735	2.794893915143294E-4
85.0	30.603180922219934	19.650160432750944	19.264808718237745	30.48181265152396	3.727526741276842E-5
86.0	30.68808656452629	19.48387914673388	19.35255580869001	30.47545983675935	1.864329046619412E-5
87.0	30.333359129590765	19.627321779717988	19.461504680155933	30.577105790451718	7.08620083598522E-4
88.0	30.34932253644742	19.821108956583945	19.252108591899912	30.57719876026082	2.6115480790664836E-4
89.0	30.496288472806395	19.753665809538383	19.378650414817745	30.371283341232846	1.1196160463371761E-4
90.0	30.44690516094612	19.66924440803855	19.505847240355685	30.377200485505945	8.027051537031029E-4
91.0	30.48024253217092	19.76015698706739	19.370920043116165	30.38823224464764	4.481929978807941E-4
92.0	30.61585226869341	19.80875940228906	19.436030804757472	30.138890445817033	4.6707844302203486E-4
93.0	30.396314707803768	19.71001408433592	19.427691841833	30.465792447169722	1.869188575893262E-4
94.0	30.3003684897158	19.931882514168077	19.44546262440081	30.321818840102694	4.6753161261751876E-4
95.0	30.594414361146764	19.743975959973206	19.455207487435494	30.206196369297324	2.0582214721148411E-4
96.0	30.337872725046605	19.919206790254044	19.460687165381955	30.28195250132078	2.808179966144582E-4
97.0	30.400555953081152	19.92711545017589	19.454611525911382	30.21696780791896	7.492629126097202E-4
98.0	30.444655112178694	19.7974440980797	19.509594003541615	30.247913189899343	3.935963006445983E-4
99.0	30.324021805748202	19.817609034367234	19.58128882564178	30.2761801382251	9.001960176828504E-4
100.0	30.26622041695636	19.94601091604106	19.503908438116632	30.283090832833693	7.693960522476217E-4
101.0	30.387981662729196	19.86506373596824	19.517197904580165	30.228911678508503	8.450182138981461E-4
102.0	30.266871113766918	19.849633667626893	19.547735955066734	30.334763335569477	9.959279699793485E-4
103.0	30.26811284884475	20.0479135600264	19.52124048733431	30.161586036619646	0.0011470671748863746
104.0	30.497659593446336	19.902243756814503	19.46225786285899	30.137518879254444	3.1990762573216506E-4
105.0	30.248250798070732	19.950478277466654	19.558236705773435	30.242789397274155	2.448214150188145E-4
106.0	30.239943609199692	19.978344575683728	19.517606104982633	30.263841849437316	2.6386069662993346E-4
107.0	30.443800153171136	19.910040254580984	19.580892089805065	30.064154559482088	0.0011129429607300905
108.0	30.193663467576314	19.921143561838527	19.671196141607798	30.212958449332927	0.0010383796444361543
109.0	30.216690711918982	20.03195325867495	19.581206344167395	30.169450530554474	6.991546841946635E-4
110.0	30.27703725699544	19.944148078518005	19.638428315959597	30.14008373059817	3.0261792878832726E-4
111.0	30.203039438639856	19.95735350134456	19.557204164763988	30.28191066007223	4.922351793667129E-4
112.0	30.24877811111926	19.974374965770437	19.55545246415916	30.220920693342702	4.73765608444853E-4
113.0	30.41219766031416	19.849616015461823	19.645302321663742	30.092865031929467	1.897063080762149E-5
114.0	30.34354077071865	19.926789039436112	19.715664201929314	30.013873049725532	1.3293819038837892E-4
115.0	30.106201756720786	20.21747975208183	19.514582303509638	30.16164112703905	9.506064869386669E-5
116.0	30.37853058845631	20.010190790867423	19.638761778938257	29.971660312808172	8.565289298356245E-4
117.0	30.184059648543755	19.964047902082843	19.732186789309576	30.11936264206186	3.430180019658743E-4
118.0	30.23535658553701	19.987499239212703	19.687248212793783	30.089647931488507	2.480309680019064E-4
119.0	30.35010156758304	19.904304501791618	19.725505822609552	30.01993528863188	1.5281938391629473E-4
120.0	30.132627851523676	19.982981373421143	19.850148869948274	30.034050641602988	1.9126350392061495E-4
121.0	30.1279038635447	20.07557868521738	19.849325242292657	29.946330400503452	8.618084418158649E-4
122.0	30.276990498246143	19.954891264013057	19.862073356447038	29.9053545001631	6.90381130656355E-4
123.0	30.156106509162093	19.945656160856842	19.915390456393762	29.981329747538705	0.0015171260485933552
124.0	30.172283987333266	19.952223784378578	19.88393633401967	29.989805920181567	0.0017499740869221746
125.0	30.18481307353914	19.98089767450369	19.985615486748245	29.846882922193647	0.001790843015278972
126.0	30.150647563532807	19.992359826339353	19.992533378996967	29.86040966911993	0.004049562010943073
127.0	30.073056611294064	20.130822528495283	19.9465540225166	29.84643840571244	0.003128431981612545
128.0	30.132928954739867	19.95848943631192	20.0508554688195	29.85517331008453	0.0025528300441794312
129.0	29.933820985844186	20.124072093443964	20.039798828812742	29.90091354465631	0.0013945472428057825
130.0	30.103421151919395	20.073790502091605	20.05348065569573	29.768880931343215	4.267589500565941E-4
131.0	30.049440921430957	19.950005352683558	20.175925513959626	29.824550496012105	7.771591375165608E-5
132.0	29.972397086514817	20.079990845734276	20.22849467596935	29.718708719204574	4.086725769802911E-4
133.0	29.858537706417348	20.192600640793607	20.234723746691408	29.71407942885669	5.847724095020838E-5
134.0	29.941628714103707	20.05400735132602	20.36161104358565	29.641659466662762	0.0010934243218572593
135.0	29.901865099032655	20.110183192711254	20.340352506416302	29.646914639808884	6.845620309038683E-4
136.0	29.86206083101286	20.212432041418193	20.31619696840264	29.608683180755524	6.269784107821478E-4
137.0	30.029001893220038	19.96160561547317	20.373854523362965	29.63508650023211	4.514677117162741E-4
138.0	29.756022156990845	19.98742921558856	20.552976849067594	29.702962118908765	6.096594442344506E-4
139.0	29.8001206732321	20.224490833445323	20.455768058323557	29.519443090275168	1.7734472385653048E-4
140.0	29.934211825442148	20.032811151052144	20.61107411892107	29.42178442426066	1.1848032397259787E-4
141.0	29.88576540346266	20.106951448317357	20.514016102090736	29.493227463801965	3.95823272825149E-5
142.0	29.82903522556411	20.12068335122462	20.645875742888435	29.404366002734978	3.9677587856594884E-5
143.0	29.8410343817041	20.046646573717045	20.72398283670297	29.386127827050757	0.0022083808251266786
144.0	29.60028350357582	20.106046460026455	20.759852637203817	29.53377749159596	3.990759794771187E-5
145.0	29.683350361598652	20.14435109492881	20.73279748032404	29.439481037748276	2.002540021763605E-5
146.0	29.87440034309522	20.00419410157172	20.7513439137126	29.37006164162046	0.0
147.0	29.67717204976633	20.048352977954682	20.86579100759413	29.408602923910614	8.104077424734901E-5
148.0	29.639772261654574	20.153166593970155	20.769785842684747	29.43713073476347	1.4456692705235472E-4
149.0	29.18781106322786	20.35567303502659	21.682782529498823	28.773668564594757	6.480765196908329E-5
