# Position (bp)	A	C	G	T	N
0.0	26.28862857844493	22.40188171930742	33.849188483490266	17.458985652391448	0.0013155663659379403
1.0	23.012954826718993	20.413146872147507	12.209073081364478	44.3646041544997	2.2106526931979826E-4
2.0	31.574015740098133	21.205610835092077	14.249121220328778	32.97085709194407	3.9511253694055276E-4
3.0	21.168677647442728	23.516336244562037	10.974762204334054	44.3398316957345	3.922079266790814E-4
4.0	40.219453732582785	10.311355568668223	10.451692314416752	39.017166665105634	3.3171922660247703E-4
5.0	44.00846850790616	11.103584239066576	23.426599434953747	21.453093722439817	0.00825409563369994
6.0	34.474643984693074	14.91074507666816	21.38919218304836	29.225283289216453	1.3546637395608647E-4
7.0	39.778933697662204	15.79607150552039	20.30587576748149	24.119080451522446	3.857781347511451E-5
8.0	19.912855832273923	31.974985719588496	22.516352754051887	25.5957287625759	7.693150980011271E-5
9.0	29.77105971888982	20.61059053315567	13.66375994213532	35.95458980581919	0.0
10.0	27.83891333014365	15.319670505060671	28.790920236995465	28.050495927800213	0.0
11.0	27.157804744466347	19.102097053362364	19.210756820814435	34.52934138135685	0.0
12.0	24.836836590636693	21.229575542888124	23.732632834166125	30.200955032309057	0.0
13.0	23.855262390756373	26.91481508701983	18.787387437688	30.4425350845358	0.0
14.0	32.397523360829446	21.201926729631662	20.394739709042835	26.005810200496065	0.0
15.0	32.76432738146996	19.449947261172504	19.696402039990776	28.089323317366766	0.0
16.0	31.714881566212256	19.05618843792929	18.72693956591503	30.501971570459407	1.8859484019604812E-5
17.0	31.64999048786973	18.787708634135246	18.991029242602977	30.571215183580353	5.6451811698584207E-5
18.0	31.22086729899199	18.815624562862794	19.53787614923078	30.425631988914436	0.0
19.0	30.762585674310973	19.41436465744514	19.356717630360592	30.466332037883298	0.0
20.0	30.474777381504747	19.425676623010997	19.554422777170636	30.54512321831362	0.0
21.0	30.252499298172637	19.561686661362934	19.544208595216755	30.641586792028736	1.8653218939359317E-5
22.0	30.43773234702392	19.667998170725237	19.314483563981156	30.579692853823115	9.306444657086364E-5
23.0	30.721221415786303	19.46205150140777	19.472861213878705	30.34386586892722	0.0
24.0	30.390238875919888	19.639284239586104	19.44211134199147	30.527772485568327	5.93056934207005E-4
25.0	30.55194984725338	19.743510695962012	19.332937696874293	30.371601759910316	0.0
26.0	30.66869786106372	19.502215890374554	19.562358190859072	30.26659887816801	1.2917953463995356E-4
27.0	30.4318082336929	19.694268036696087	19.56020899215773	30.313714737453278	0.0
28.0	30.69400993214717	19.630112506144425	19.47033448641795	30.205304189234504	2.3888605594527673E-4
29.0	30.68177171267845	19.517603818768052	19.6564927840636	30.144131684489896	0.0
30.0	30.379262873037423	19.668304214125467	19.701851913536615	30.25028816613597	2.9283316452721536E-4
31.0	30.45645388039504	19.946995846765823	19.353274800302795	30.243275472536336	0.0
32.0	30.568492855960322	19.736945745265082	19.452730313322533	30.241703454708958	1.2763074310994548E-4
33.0	30.31402726707741	19.633788027272537	19.649020319732553	30.402745816351697	4.1856956580687014E-4
34.0	30.390845947336803	19.813811259788498	19.51405062143748	30.279511990698012	0.0017801807392073363
35.0	30.48420147830061	19.522218031205345	19.71404167966285	30.275639956187756	0.0038988546434452096
36.0	30.517086041106733	19.61536038101115	19.648458406934797	30.21627061293633	0.0028245580109897035
37.0	30.462324277900827	19.749780771143154	19.594901234009853	30.190173122994167	0.002820593951995661
38.0	30.56824231252352	19.633248990376522	19.643993507783364	30.15196900956136	0.002546179755234476
39.0	30.376119402985076	19.647382423231274	19.65228840690806	30.3208549398025	0.003354827073093746
40.0	30.420928766441584	19.5645581881233	19.601998422032878	30.403650044440006	0.008864578962228064
41.0	30.563834537788008	19.60219607865724	19.56209458660455	30.26240738904189	0.009467407908309414
42.0	30.268048014278342	19.748197810310984	19.670214256084183	30.303506526829704	0.01003339249678455
43.0	30.32491921523318	19.91069441398194	19.54212654570642	30.210943041911797	0.011316783166662266
44.0	30.567092476874407	19.650335267659568	19.61343626289177	30.15537065373335	0.013765338840904627
45.0	30.320136982543115	19.724449766522515	19.666746103344067	30.272797743639728	0.015869403950567077
46.0	30.414969810001622	19.806355425124522	19.5024934811857	30.262116089632375	0.01406519405578023
47.0	30.56841891180124	19.703170669614227	19.596736914735192	30.11840732851454	0.013266175334796373
48.0	30.284172858792342	19.673981765506316	19.66274666677162	30.360403361512915	0.018695347416803915
49.0	30.394917571980713	19.914143923345957	19.464733200597045	30.209257202987654	0.01694810108862945
50.0	30.49618489723842	19.656605019484644	19.64622488131625	30.18445916442925	0.016526037531435202
51.0	30.300889474492326	19.755296318911064	19.707251841615694	30.216941079010045	0.0196212859708698
52.0	30.456505362895125	19.799247835090394	19.561569005010508	30.16579887100325	0.01687892600071869
53.0	30.482833787077222	19.655250937579854	19.743200038375193	30.10958507889651	0.009130158071211309
54.0	30.279979440062505	19.656269782880216	19.656875744976933	30.39675190058229	0.010123131498052367
55.0	30.284914478632885	19.890613302563796	19.626195025445252	30.188925923874255	0.009351269483815268
56.0	30.456049427815284	19.63456443571418	19.665558293554025	30.236475480315782	0.007352362600721136
57.0	30.3139731727098	19.81136272000951	19.67743267110289	30.194740376413364	0.0024910597644382713
58.0	30.22812149809785	19.911745618804172	19.690629481167605	30.16712026331192	0.0023831386184589736
59.0	30.4968225421476	19.635941137791047	19.656792954965585	30.208701269543248	0.0017420955525189368
60.0	30.2872902887154	19.80900267217853	19.763690428170495	30.138381816249787	0.0016347946857800226
61.0	30.259727387667045	19.760397568237455	19.730094677881695	30.248163975227655	0.0016163909861512593
62.0	30.533140478639968	19.688934802163544	19.565459028380253	30.2118619841282	6.037066880402508E-4
63.0	30.16912351778621	19.817155321059197	19.661607410066043	30.352042748960972	7.10021275787529E-5
64.0	30.315708666216995	19.77020624013904	19.569859386321085	30.344154725266613	7.098205626854074E-5
65.0	30.45249705238784	19.75359629972222	19.606029414738877	30.18784175181301	3.548133805802831E-5
66.0	30.33873168143125	19.664549468028124	19.730473968246987	30.26610299474945	1.4188754418910206E-4
67.0	30.416146839224556	19.963873913681812	19.427302058339357	30.192606262895204	7.092585907173653E-5
68.0	30.506975774483287	19.705747408461132	19.832558720037216	29.95470036860909	1.7728409279474898E-5
69.0	30.3010783374442	19.771215560248905	19.801083211986768	30.12607339643059	5.494938895393203E-4
70.0	30.35442176509057	19.862364265041833	19.61764700669747	30.165566963170125	0.0
71.0	30.514923619521333	19.67382570839921	19.68658502828493	30.124452988463098	2.126553314286504E-4
72.0	30.353737451132645	19.77905629611411	19.721537146986414	30.145669105766835	0.0
73.0	30.337525617776922	19.862384296953934	19.56515961075509	30.234930474514055	0.0
74.0	30.574313040165503	19.550812656983002	19.707239712768175	30.167634590083324	0.0
75.0	30.3336226274545	19.801609675488542	19.660707255021688	30.204060442035274	0.0
76.0	30.339491866115527	19.778235409189108	19.51590062428768	30.3663366617336	3.543867408327238E-5
77.0	30.303635477943814	19.7934805972519	19.631410781771557	30.271473143032722	0.0
78.0	30.09652873311864	19.980460688965394	19.487494468794253	30.435516109121718	0.0
79.0	29.867212446792728	20.108887814075093	19.515656766071977	30.508207526654367	3.544640583192626E-5
80.0	30.20585214677623	19.832647419483262	19.52126533823074	30.440181919313275	5.317619649100915E-5
81.0	30.066966485909987	19.956292906665304	19.44623499219605	30.53047015883754	3.5456391120868705E-5
82.0	30.092894606140806	20.264922245606396	19.215684327499545	30.426445625651528	5.319510172410644E-5
83.0	30.386999613881876	20.02748763739163	19.148904848753258	30.436412801243524	1.9509872971217084E-4
84.0	30.00988154563695	20.12235730746509	19.261083918627158	30.606322415142007	3.5481312879539166E-4
85.0	30.126906602539904	20.23639733108031	19.15552709105393	30.480991515839413	1.7745948644289381E-4
86.0	30.261238859129406	20.105809868155713	19.27423867167308	30.358446327844078	2.6627319772098545E-4
87.0	29.851813010190178	20.30806159740365	19.380030652029504	30.4592246503259	8.700900507688667E-4
88.0	29.78208946421726	20.65599110978162	19.18422369926733	30.377358222439486	3.3750429429806034E-4
89.0	29.986445366724972	20.63982560226427	19.28836042956886	30.08527975355729	8.884788460294592E-5
90.0	29.924211113866424	20.535881731296534	19.463389443951154	30.075486690504572	0.0010310203813175551
91.0	29.980092930482822	20.607729363443266	19.38735877966854	30.0241075785577	7.113478476748174E-4
92.0	30.03558113541506	20.735806066265106	19.50448669612842	29.723449993007605	6.761091838045518E-4
93.0	29.792882807571203	20.72718876880375	19.46954657377593	30.01011482696205	2.670228870656962E-4
94.0	29.65370255388711	20.98089527292391	19.381781419351803	29.98315766075297	4.6309308420350304E-4
95.0	29.9156403055319	20.865128385806642	19.37872471922427	29.840346199625795	1.603898113976208E-4
96.0	29.702620910221732	21.00419248633412	19.413911380054095	29.87881161057665	4.6361281340226185E-4
97.0	29.669863245880872	21.06502288156005	19.409200795725205	29.85525294605661	6.601307772593868E-4
98.0	29.682902658494665	20.937218764655928	19.494044617036124	29.885566169761397	2.6779005188521515E-4
99.0	29.53545937243533	20.917851646979422	19.601043428178205	29.944859515565497	7.860368415467634E-4
100.0	29.550526607082972	21.079978919985326	19.449495559825266	29.919319604628164	6.793084782703519E-4
101.0	29.55447705391355	21.041527282354753	19.58177550867075	29.82145093254813	7.692225128173938E-4
102.0	29.407234351083538	21.05448588845028	19.59905833489979	29.93816518524486	0.0010562403215267147
103.0	29.366543092469954	21.17898813444051	19.639034587636512	29.81426963063188	0.0011645548211494622
104.0	29.53130782405136	21.047380938037	19.619279273851838	29.801709225168473	3.2273889132736054E-4
105.0	29.189363407344715	21.13241975699458	19.763275551980787	29.914654153534947	2.871301449684211E-4
106.0	29.149520937443363	21.236640790828183	19.752418933160083	29.861113980083804	3.053584845740977E-4
107.0	29.28941249574775	21.106019600975518	19.85584070089993	29.747684367765338	0.0010428346114649957
108.0	29.086065511812386	21.10893583079031	19.939053756659924	29.865153017112604	7.91883624782502E-4
109.0	29.173915683151456	21.199087763407956	19.791945345073003	29.8343846321391	6.665762284864773E-4
110.0	29.327185705502874	21.10949461153784	19.79414247643286	29.768834549495278	3.426570311509507E-4
111.0	29.331143033523105	21.06622196213716	19.72851525153931	29.873758635003618	3.6111779680587697E-4
112.0	29.453478513178087	21.096188577120618	19.679925807145583	29.770009382575886	3.9771997982475014E-4
113.0	29.702723667786934	20.877283338024995	19.84000680668032	29.579949981761356	3.620574639503909E-5
114.0	29.637278663510518	20.906217727805434	19.932268278390826	29.524162808507675	7.252178554437753E-5
115.0	29.37819605187929	21.279212613412394	19.715649003307657	29.62679703567664	1.4529572401948996E-4
116.0	29.67786214761965	20.964579465304002	19.89323693191371	29.46359364094159	7.278142210531909E-4
117.0	29.52259927892599	20.888997696923607	20.008564075435324	29.579510823219472	3.2812549560621733E-4
118.0	29.52374012399555	20.94780421728059	20.026649528565237	29.50158697285134	2.1915730727991266E-4
119.0	29.554077474354774	20.833619988055645	20.146472024450794	29.465702433369245	1.2807976954424093E-4
120.0	29.373220214132544	20.88781351868192	20.36715769033408	29.37166191323784	1.4666361361910984E-4
121.0	29.367256039703456	20.93824488757393	20.40572404335194	29.287691139012612	0.001083890358060424
122.0	29.503348973474232	20.78933527345455	20.474255807707085	29.23202901050688	0.0010309348572514207
123.0	29.318073980165988	20.76748869310857	20.636229870264998	29.276307293599885	0.001900162860560515
124.0	29.349722831015196	20.81119879167818	20.661452666821344	29.175666069839007	0.0019596406462746956
125.0	29.37927045552946	20.71802103749062	20.798796227354	29.101763214941485	0.002149064684438567
126.0	29.23860695335098	20.711803170335934	20.918368862533374	29.127043656171907	0.004177357607803676
127.0	29.233024468267793	20.836847392080024	20.94823677509224	28.978579637455187	0.003311727104756068
128.0	29.23751211223824	20.646842465111067	21.10739185405016	29.005289018467284	0.0029645501332462736
129.0	29.027169474128538	20.781122614769217	21.209683552546878	28.980622916639803	0.0014014419155580795
130.0	29.170627242922087	20.71645420000854	21.259099962323027	28.853444072169005	3.7452257734453006E-4
131.0	29.11702349072703	20.549436298746183	21.467359226700932	28.865937010117214	2.4397370864246836E-4
132.0	28.935213963250188	20.67089835356171	21.607106886738457	28.78616013064827	6.206658013707686E-4
133.0	28.91245844367425	20.701360131449654	21.717090321120107	28.669015705308183	7.539844780985417E-5
134.0	28.95562810840711	20.511113470485178	21.922518743484694	28.609889547288592	8.501303344261601E-4
135.0	28.826004698768354	20.567582285249472	22.07546355273542	28.530362495891225	5.869673555265059E-4
136.0	28.735979449683914	20.65824092573587	22.101723760999338	28.503505517128303	5.503464525806315E-4
137.0	28.913011884462243	20.371725191118497	22.22295141591661	28.491683767844005	6.27740658648326E-4
138.0	28.698489536122203	20.30790063863613	22.46014673339163	28.532605068742907	8.580231071342904E-4
139.0	28.69482248257758	20.570369247630264	22.444771115093936	28.289712225499336	3.2492919888323747E-4
140.0	28.755204190524296	20.31689920210875	22.714980231405516	28.212763079052728	1.532969087103495E-4
141.0	28.634986018157665	20.34123188148239	22.80657026512186	28.217000498562427	2.1133667565487952E-4
142.0	28.62696791042677	20.315786553458153	22.949306234392633	28.107881505581762	5.7796140681971335E-5
143.0	28.575431777527317	20.203601405683028	23.180222571633095	28.03827053987072	0.002473705285844376
144.0	28.32675690641155	20.234998689367746	23.331309220801984	28.106915795367655	1.9388051066575466E-5
145.0	28.357106396824538	20.238957284381005	23.413540380865904	27.990357017268515	3.892066003990535E-5
146.0	28.477154580622955	20.070916437514914	23.569584554063518	27.882305312278753	3.9115519864816764E-5
147.0	28.250164424372958	20.112294809111226	23.80547981502578	27.831903466307917	1.5748518212078602E-4
148.0	28.154561555352537	20.153187158404258	23.850996137263387	27.841195044157008	6.010482281098235E-5
149.0	27.763515333795404	20.456723491246112	25.05404715614373	26.72571401881475	0.0
