# Position (bp)	A	C	G	T	N
0.0	27.068604383867452	22.444759246599194	33.68840744552599	16.797003327941706	0.0012255960656572737
1.0	23.25825193451369	19.67638004643633	11.861464761592368	45.203817539400305	8.57180573088073E-5
2.0	33.5499338994824	20.04078065831634	12.43345134329696	33.975554011965315	2.800869389858612E-4
3.0	21.74657719746437	22.52951142026757	9.848426978869998	45.87523440666191	2.4999673615372245E-4
4.0	41.18017857754511	9.366619854791109	9.608432104180915	39.8444656098453	3.0385363757001065E-4
5.0	45.84170411362883	9.950793413951127	22.620273377250218	21.57997464790513	0.007254447264702415
6.0	35.327182071651194	13.120683877496042	19.89386144165336	31.65821785344293	5.4755756472677976E-5
7.0	41.37571222476628	14.71055725780947	19.434509703120188	24.47919352730569	2.7286998372876286E-5
8.0	18.0209651842766	32.478812244982365	23.17023995193778	26.329982618803253	0.0
9.0	30.791351208761146	18.84798395971692	12.775804314191324	37.58486051733061	0.0
10.0	27.652699953815475	15.13366169646101	28.13403691188502	29.079601437838498	0.0
11.0	27.692197990021413	18.014395266977967	17.55857395671048	36.73483278629014	0.0
12.0	25.885571875154127	20.256042544211553	23.012646348815853	30.845739231818463	0.0
13.0	23.7636232197433	26.23731807468176	18.080033692961592	31.919025012613346	0.0
14.0	33.4126857389771	20.07326901941629	20.024584037284	26.489461204322605	0.0
15.0	32.76586877174431	18.698393897974768	19.10180104241413	29.433936287866796	0.0
16.0	31.969115230589225	18.234005805596716	18.23675917359397	31.560119790220092	0.0
17.0	32.076111531776995	18.117697155782807	18.443655406872843	31.362509224855966	2.6680711393144014E-5
18.0	31.82418587954197	18.178690259528942	18.970374169714574	31.026749691214512	0.0
19.0	31.21399498561394	18.812453880620183	19.02797891320944	30.945572220556432	0.0
20.0	30.994928046720876	18.9532379970627	19.20727347022168	30.844560485994748	0.0
21.0	30.798814248511984	19.085042071293415	19.11934220033606	30.996801479858537	0.0
22.0	30.99041465969583	19.11962612572358	18.980554878413127	30.909351457366203	5.287880125872698E-5
23.0	31.220821711286177	19.011680817234907	19.07719010044405	30.69030737103487	0.0
24.0	30.88709598800002	19.165745141606585	18.939125068933237	31.00761223174004	4.215697201224976E-4
25.0	30.995831347383863	19.256660427365805	18.963660544155417	30.783847681094915	0.0
26.0	31.159330664836897	19.048736954579102	19.10569393905734	30.68615966284826	7.877867839313554E-5
27.0	30.891894074208455	19.109809974926883	19.145726087471726	30.852569863392937	0.0
28.0	31.181564447589842	19.10251605183069	19.06265474718563	30.653107716080726	1.5703731311251097E-4
29.0	31.16528594781489	18.992697136550063	19.278273902845893	30.563743012789157	0.0
30.0	30.88621736503262	19.189052955866806	19.219708979110074	30.704811978130124	2.0872186037968594E-4
31.0	30.954459427952163	19.355713509774883	18.977795665941155	30.712031396331795	0.0
32.0	31.076591882712428	19.2406908504738	19.06180555790387	30.620755636239345	1.560726705568647E-4
33.0	30.783964192865433	19.094982569944253	19.243010120367515	30.87765350228405	3.8961453875223086E-4
34.0	30.852735053087315	19.20630849078062	19.188490386393504	30.75080615899507	0.00165991074348699
35.0	30.918454588802298	19.05187657037006	19.355454469401725	30.670536522977613	0.0036778484482976096
36.0	30.998004756098634	19.15641067158037	19.178344387270787	30.6641880878197	0.003052097230506281
37.0	30.978851326951755	19.23649968460647	19.242673235255676	30.539496000624073	0.0024797525620235193
38.0	31.077727986873775	19.145505532465993	19.1843837150206	30.589957716429193	0.0024250492104400945
39.0	30.930206312855958	19.148019013185966	19.232969243739397	30.68548162683943	0.003323803379251634
40.0	30.852029755054055	19.078791597264974	19.240594483414625	30.820734652531712	0.007849511734634001
41.0	31.020530191692757	19.102926534957213	19.105240143577408	30.763102672552144	0.008200457220476876
42.0	30.86780405806212	19.188947386531776	19.252015960252418	30.68193665717043	0.009295937983253958
43.0	30.772677882696485	19.367915806927233	19.19610472626683	30.652810283424152	0.010491300685294839
44.0	31.066047129447373	19.170455925618636	19.165715615197488	30.58507217314791	0.012709156588595888
45.0	30.857999722520717	19.167981962822896	19.282966919043115	30.675359993528893	0.015691402084371107
46.0	30.829194618601058	19.292594963268776	19.07182657265832	30.793392956739062	0.012990888732782277
47.0	31.031333263671495	19.220790634587818	19.14013449162742	30.594992983145495	0.012748626967765901
48.0	30.785861291509082	19.15156415952413	19.183164115314824	30.862130005485323	0.01728042816663846
49.0	30.874819578821743	19.369558675772307	19.058698723408597	30.681188765179606	0.015734256817752933
50.0	30.955261855133216	19.152117743787613	19.237267256088813	30.639607364439147	0.01574578055120933
51.0	30.796526364746974	19.28232616358711	19.206719380971375	30.696582853450888	0.017845237243646547
52.0	30.885140949632266	19.29858031601838	19.158064390583398	30.642875621275493	0.015338722490459086
53.0	30.88455646357374	19.233675689318996	19.307820199689445	30.56578844692796	0.008159200489857047
54.0	30.799888443656936	19.15294394954158	19.13963440405748	30.89899883770076	0.008534365043240783
55.0	30.759390213567393	19.32437165904349	19.24030519780493	30.666693741211347	0.009239188372836786
56.0	30.939502582709476	19.071923988570894	19.229714665452565	30.752238707541917	0.0066200557251434025
57.0	30.760499518777074	19.40052068903722	19.16134136106624	30.67452068447466	0.003117746644810333
58.0	30.693304569559203	19.399942952073154	19.261224280935203	30.642868325177236	0.002659872255201824
59.0	30.987875576493035	19.197506000692158	19.187100834666467	30.62572010204658	0.001797486101761511
60.0	30.814763460258742	19.359848590275263	19.307548473125028	30.516093608859897	0.0017458674810674588
61.0	30.77792046402309	19.23459759865624	19.32419658062163	30.661616281675126	0.0016690750239107643
62.0	31.067560892871317	19.179352312890195	19.12811428380762	30.624290010783493	6.824996473751823E-4
63.0	30.706584768695507	19.30215752810295	19.185703060056547	30.8055041096375	5.05335075054892E-5
64.0	30.820219406759197	19.222994167809095	19.157049899429307	30.799686013349486	5.051265291442853E-5
65.0	30.939721415161696	19.23978433053698	19.139124779467977	30.6813189809527	5.049388064660444E-5
66.0	30.79258420404266	19.19869587306619	19.282967428879626	30.725676778327948	7.571568357002477E-5
67.0	30.912546492459025	19.43272514056857	18.998644143400885	30.65608422357152	0.0
68.0	30.998450069929717	19.204655086961292	19.400811411722717	30.396083431386273	0.0
69.0	30.77620423746337	19.24404500728771	19.35101548827662	30.62820571013572	5.295568365787603E-4
70.0	30.902787057099047	19.308915930441817	19.189361855543787	30.598935156915353	0.0
71.0	30.95670832201075	19.171449040307053	19.264466480699006	30.607149285177353	2.2687180583403371E-4
72.0	30.861908871489725	19.285413268217535	19.29368044731488	30.558997412977856	0.0
73.0	30.73952839665852	19.420836498374676	19.14479112743351	30.69484397753329	0.0
74.0	31.081747235449154	19.097490520207845	19.227987300127978	30.592774944215023	0.0
75.0	30.800033064632785	19.28799647982629	19.189609035918977	30.722361419621947	0.0
76.0	30.868226846183582	19.22905544939632	19.096892662344242	30.805825042075853	0.0
77.0	30.92070507676239	19.246198174801286	19.185606900751292	30.647489847685026	0.0
78.0	30.78005281102099	19.319506677002	19.066366689984182	30.83407382199283	0.0
79.0	30.610599496587444	19.48890818368104	19.219932394275297	30.68053471449086	2.521096535811672E-5
80.0	30.88330781057059	19.27316988174467	19.15271320038298	30.690809107301764	0.0
81.0	30.682929683696948	19.427241419492113	19.147576311396808	30.742252585414132	0.0
82.0	30.71996358894155	19.56029711141123	19.00141562118169	30.71829844907359	2.5229391938856067E-5
83.0	30.920384160520832	19.423557315923926	18.960846497818693	30.695111074319932	1.0095141662599167E-4
84.0	30.557705756563585	19.448303024335562	19.110170240376483	30.88354326196012	2.7771676424623884E-4
85.0	30.706463334214774	19.488653282406773	19.004719622308986	30.800012223990997	1.5153707847120304E-4
86.0	30.821184757727504	19.34738778253334	19.07151194813464	30.759789183261997	1.2632834252161476E-4
87.0	30.512059613061083	19.491934138487128	19.150796980926042	30.844476237178288	7.330303474563847E-4
88.0	30.530374470489136	19.722953693862237	18.994238507044255	30.752205731551296	2.275970530733568E-4
89.0	30.614048537494128	19.693491883007628	19.076184505023118	30.616199169805324	7.590466980709588E-5
90.0	30.575718420194548	19.592557675131694	19.165753599442642	30.664982977456525	9.873277745935756E-4
91.0	30.5985689747629	19.668149264944844	19.165666742405072	30.566981753630312	6.332642568681942E-4
92.0	30.719088268251575	19.720984414393474	19.264322670795725	30.29492030027087	6.843462883465204E-4
93.0	30.549196589035144	19.65035631911625	19.206485520240115	30.59378403343399	1.7753817451190951E-4
94.0	30.465038661216575	19.887030313490246	19.22735942558303	30.420216269309986	3.5533040016548246E-4
95.0	30.770868024053815	19.656723150525302	19.26209980158347	30.31020742807274	1.0159576467576221E-4
96.0	30.578885671643004	19.797771017946538	19.288487659467172	30.334474393750227	3.812571930523756E-4
97.0	30.57727189827671	19.86920084621879	19.27612530081745	30.276664298536062	7.37656150996688E-4
98.0	30.563959797782264	19.73776558006497	19.400871789689074	30.297122808911165	2.8002355252643613E-4
99.0	30.566869956450276	19.699185133832653	19.438518662328256	30.294509035681827	9.172117069844907E-4
100.0	30.47384785490776	19.81671453485155	19.418094913392288	30.290628690361654	7.140064867489321E-4
101.0	30.566725822642844	19.824798597000274	19.355158170556557	30.25260273958617	7.146702141534821E-4
102.0	30.484739594283788	19.733211458888704	19.387029108593858	30.393997973130567	0.0010218651030768104
103.0	30.49239576589044	19.95585974537655	19.4022271113525	30.148417834483503	0.0010995428970040268
104.0	30.612614212944607	19.83102998402548	19.388371236447192	30.167703009613632	2.8155696908530075E-4
105.0	30.43485390467645	19.86590986131584	19.486063813623574	30.21286495646695	3.0746391718766854E-4
106.0	30.423298404945804	19.837850135646423	19.474014546754734	30.26452912082599	3.0779182704972045E-4
107.0	30.576612537747867	19.783977316231667	19.56056489628821	30.078074950617406	7.702991148492871E-4
108.0	30.301163211835235	19.834261656216448	19.638957841571543	30.224923265239184	6.940251375904835E-4
109.0	30.35657717003365	19.8965804485374	19.52526545200762	30.220830645209023	7.462842123060208E-4
110.0	30.473128562750002	19.845667196189495	19.626524095693345	30.05442251181379	2.576335533695635E-4
111.0	30.366068611778864	19.81833157364025	19.51837978570524	30.296807298517294	4.127303583557132E-4
112.0	30.390645177953406	19.84255385092205	19.600030993336432	30.166537527764863	2.3245002324500234E-4
113.0	30.569245220169115	19.71624635603197	19.664573906602694	30.049882793022615	5.1724173602878344E-5
114.0	30.518827368312014	19.78085668410421	19.743201947480188	29.95703630807479	7.769202879784535E-5
115.0	30.283304176354687	20.10615283996579	19.56804969116769	30.04244142714809	5.186536373957572E-5
116.0	30.550649346602043	19.84483827429911	19.67953777148952	29.924325351903086	6.492557062434765E-4
117.0	30.407154991880205	19.783954117168506	19.818441144740444	29.990189663046657	2.6008316419258226E-4
118.0	30.418185090615758	19.864175995569948	19.75722755039874	29.960229035330755	1.8232808480235505E-4
119.0	30.518261452062788	19.761256292116457	19.80312330526635	29.917306779821505	5.217073289706427E-5
120.0	30.34558502157506	19.839651977546367	20.000762840473076	29.813895661710553	1.0449869494192355E-4
121.0	30.30785132076459	19.940549239202962	20.006489343608127	29.744168094932817	9.420014915023615E-4
122.0	30.515158965090112	19.757239541370343	19.997609665756837	29.729284163039665	7.076647430416898E-4
123.0	30.313738596413387	19.755242781633704	20.12557629970499	29.804260909493546	0.0011814127543745745
124.0	30.371177982824854	19.79636069491604	20.082236219279757	29.748305416356363	0.0019196866229924813
125.0	30.440477764601948	19.7903919226954	20.167580048433905	29.599890847235123	0.0016594170336261108
126.0	30.264966274021432	19.753410525565915	20.263607472616194	29.714453821200205	0.003561906596255249
127.0	30.275530743029673	19.94448896227871	20.228334203721595	29.548897496453257	0.0027485945167653692
128.0	30.344862642955878	19.737223556422645	20.32971091520089	29.58592602260925	0.002276862811337824
129.0	30.114729320331087	19.85512900451316	20.335512781104605	29.693196733507015	0.001432160544136138
130.0	30.290550248895805	19.812137868295647	20.380097475333596	29.516815876619095	3.9853085585298356E-4
131.0	30.17731130729559	19.69330382048694	20.60690315272153	29.522375251796113	1.064676998292258E-4
132.0	30.12166420721474	19.82612465928102	20.58483935876835	29.466785132786406	5.866419494858617E-4
133.0	30.11426632576456	19.871921261230934	20.653484762263528	29.360300934274818	2.6716466159588137E-5
134.0	30.165058411399453	19.804600264091317	20.71583040872588	29.313681113348604	8.298024347474149E-4
135.0	30.092443968130983	19.78878608993045	20.789929403157238	29.328411427553824	4.2911122750753156E-4
136.0	30.029095601638296	19.865306202520113	20.864478239569642	29.240555619304732	5.643369672155157E-4
137.0	30.119980999507757	19.68522086995111	20.931535754639448	29.262885382007912	3.769938937760463E-4
138.0	29.97797491158392	19.607374869595393	21.02945295638644	29.384522639534953	6.74622899291754E-4
139.0	29.995107773663815	19.887589673913777	20.959633588744147	29.157587832229904	8.113144836132053E-5
140.0	30.098408202264704	19.734578400612595	21.156611483441644	29.01032059578909	8.131789196918053E-5
141.0	29.99695662924951	19.71634154228247	21.129987255884984	29.156687399629906	2.717295312937315E-5
142.0	29.97275857625351	19.73348139619721	21.303588898881436	28.990171128667846	0.0
143.0	29.994678901640032	19.67524628869104	21.44637674742875	28.881784981165715	0.0019130810744628548
144.0	29.76471030163244	19.71598968062754	21.42873790038773	29.09056211735229	0.0
145.0	29.823492721318118	19.7407717940686	21.49802721653934	28.93770826807394	0.0
146.0	30.022967546508035	19.535810883373134	21.55542159204013	28.885799978078698	0.0
147.0	29.81223576571547	19.592555682643926	21.68175275617864	28.913427911617134	2.7883844825288195E-5
148.0	29.765543446668758	19.711789326435223	21.584686153424844	28.937867205716618	1.1386775455919373E-4
149.0	28.789334001673833	20.047768443885506	22.877355042464984	28.28551267534614	2.983662953498121E-5
