#Position (bp)	Coverage	Std
15197.0	66.98743131642155	28.091313073038656
45590.0	55.40591583588326	15.191201799549354
75983.0	52.69631165070904	18.32995545016017
106376.0	52.58908301253578	15.13328406675005
136769.0	52.71973809758826	22.42163554250113
167162.0	63.24670154311848	18.875281397113582
197555.0	55.373967689928605	20.03389028072712
221485.0	61.03486574683689	20.596854967050003
236681.5	80.68451183660838	27.345758350572577
258341.0	57.45082749317277	18.032051219632343
288734.0	55.03635705590103	13.997506252606023
319127.0	56.99358404895864	16.66693119916412
349520.0	56.71664528016319	15.800447173589777
379913.0	52.982660481031814	17.684495690280905
410306.0	57.86487020037509	17.22751061629855
440699.0	57.87526733129339	19.96098833991449
471092.0	55.801730661665516	18.405028467204918
501485.0	57.80814661270687	19.23170098145459
531878.0	54.83377751455927	15.956475817710276
562271.0	54.95008719112953	16.939723518480797
592664.0	51.91623071101898	16.9714943102493
623057.0	53.65775013983483	16.025147422601115
653450.0	54.85305826999638	16.827083095296178
683843.0	54.751159806534396	17.0840184300154
714236.0	54.82854604678709	16.197127982791542
744629.0	56.04300332313362	12.812451684667822
775022.0	52.95808245319646	16.335657817065613
805415.0	54.484585266344226	15.394937894942254
835808.0	55.331359194551375	15.221354489044765
866201.0	55.65919784160827	16.43117011748115
896594.0	54.20758069292271	12.587476953452445
926987.0	54.31586220511302	14.455946942364601
957380.0	54.063567268778996	13.095845449306152
987773.0	55.4087783371171	13.762825247736144
1018166.0	56.380087520152664	16.051847156148032
1038382.5	69.98316733067729	25.298593334436514
1053579.0	70.11732914066722	23.013902518560133
1078952.0	53.43677820550785	15.722203242342912
1109345.0	51.894251965913206	18.407023410679745
1139738.0	49.903497515875365	23.44187776759403
1170131.0	57.40384299016221	16.548330265032472
1200524.0	52.727239824959696	24.193124533664758
1230917.0	56.676570262889484	16.52717462451841
1261310.0	52.9516665021551	17.26812960159512
1291703.0	54.01243707432633	14.605172318990642
1322096.0	58.16878886585727	16.678890986331755
1348657.5	68.98033435987682	23.174051169406855
1363854.0	73.58932532950541	26.090455384967182
1382882.0	58.4796170170763	19.25132368504807
1413275.0	49.835718751028196	15.843741676061436
1443668.0	54.80133583390912	16.369094586818438
1474061.0	53.212812160694895	12.622677383918946
1504454.0	57.506202086006645	16.88243512257878
1534847.0	57.17533642615076	15.245456579041019
1565240.0	55.59408416411674	15.774354407298734
1595633.0	55.329220544204254	15.380340198024943
1626026.0	56.56634751423025	15.66693758336985
1656419.0	53.49221860296779	15.38971578969709
1686812.0	53.190043760076335	15.297993074584173
1717205.0	52.95383805481525	17.037294507612145
1747598.0	52.63225084723456	16.057565971633828
1777991.0	53.677787648471686	15.849474340505175
1808384.0	56.71223637021683	17.663749915199002
1838777.0	55.644194386865394	16.651761176069748
1869170.0	60.111275622676274	20.72791589979025
1899563.0	66.27183891027539	27.926034261890614
1929956.0	53.90951863916033	17.163469174458566
1960349.0	55.68943506728523	16.272190809132585
1990742.0	55.89201460862699	18.597686717405796
2021135.0	58.58868818477939	18.98922836591349
2051528.0	59.15375250880137	13.731389148176898
2081921.0	55.10591254565196	14.956746772291861
2112314.0	58.00233606422532	20.402483747632743
2142707.0	54.73355706906195	16.83800489500291
2173100.0	57.5956634751423	17.827803734341344
2203493.0	53.732010660349424	15.345008494321014
2233886.0	60.07544500378376	18.923907359030324
2264279.0	52.36113578784589	13.791798306353911
2294672.0	54.103247458296316	14.531184804406937
2325065.0	56.49320567235877	16.729997138796517
2355458.0	64.21728687526733	26.759947525431492
2385851.0	54.58019938801698	15.60562245609872
2416244.0	53.85786200769914	16.68192273822778
2446637.0	60.78929358733919	21.975102041383426
2477030.0	56.454315138354225	15.645590108705917
2507423.0	53.49544302964498	14.780875712973335
2537816.0	57.774849471917875	17.954735308217582
2568209.0	60.05211726384365	17.732093441773575
2598602.0	53.078307505017605	14.574969540637777
2628995.0	55.48952061329911	14.013963593489338
2659388.0	57.129075774026916	13.967631358223237
2689781.0	58.25413746586385	16.520150581967467
2720174.0	56.76938768795446	15.883247901885277
2750567.0	55.47593195801665	15.965498657087416
2780960.0	54.98970157602079	17.794180034181664
2811353.0	53.51054519132695	15.055811456887383
2841746.0	54.42223538314744	14.987849738554127
2872139.0	63.84058829335702	29.656914148959363
2889645.5	100.12207792207792	31.069772061132607
2904842.0	60.599580956815274	21.339555629450718
2932925.0	55.28470371467114	17.3668233750665
2963318.0	52.09926627841937	12.62039118575331
2993711.0	55.325370973579446	16.02202322359885
3024104.0	51.99137959398546	16.73450609584004
3054497.0	52.792748330207615	15.184452502547645
3084890.0	59.08544730694568	15.361178812082077
3115283.0	54.70789326489652	15.566509696478407
3145676.0	55.23929852268615	14.382421400424462
3176069.0	52.346099430789984	13.967068355728461
3206462.0	57.79100450761688	17.459195628461615
3236855.0	56.16395222584148	15.059989278561192
3267248.0	53.15128483532392	14.19259212779304
3297641.0	56.4719507781397	15.123274144625091
3322340.5	75.1434283910344	30.667128092614178
3337537.0	0.03266883287959954	0.31917166876257475
3358427.0	0.04063435659526865	0.41841750399152466
3388820.0	0.018820123054650743	0.18745578230298315
3410819.5	0.0	0.0
3426016.0	72.41264073390123	18.97637838989121
3449606.0	55.966637054584936	18.793206615115636
3479999.0	55.597538906985164	16.710884980559264
3510392.0	55.25624321389794	15.955056064963438
3540785.0	53.42243279702563	20.68522081459897
3571178.0	55.29302799986839	16.364525158927243
3601571.0	52.45605896094496	14.983657292263636
3631964.0	53.52061329911493	15.954690022529435
3662357.0	56.13443885105123	14.845231897076534
3692750.0	54.64939295232455	16.449881208720086
3723143.0	56.16335998420689	15.243569141048658
3753536.0	50.67811667160201	16.239075227418777
3783929.0	54.408120290856445	15.264507806197324
3814322.0	55.18744447734676	14.681118991017494
3844715.0	56.943967360905475	17.690495771485235
3875108.0	63.564735300891655	27.30063093975695
3905501.0	57.27776132662126	18.127380255144942
3935894.0	54.98404237817918	17.971524286789617
3966287.0	57.850327378014676	18.04378086309399
3987990.0	78.69991546914623	25.412213677902457
4003186.5	63.175489067894134	23.57677881782467
4027073.0	55.54305267660317	17.875947570127785
4057466.0	54.18408844141743	14.92050685108204
4087859.0	55.52021847135854	19.6943520427918
4118252.0	56.658605599973676	17.899083555216055
4148645.0	53.24390484651071	14.89063764234375
4179038.0	56.59171519757839	15.410775070929322
4209431.0	50.46951600697529	16.210578173957423
4239824.0	56.998157470470176	16.908384379070654
4259839.0	76.55847255369929	20.886506043118334
4275035.5	66.73891886683369	22.455103919618267
4300610.0	55.18882637449413	13.849916565065532
4331003.0	54.73220807422762	17.005818842695522
4361396.0	54.081828052512094	17.06620987105841
4391789.0	57.555917480998914	16.12718120887696
4422182.0	54.88727667555029	17.497320371481997
4452575.0	55.49192248215049	15.950931157270928
4482968.0	54.60247425394005	15.321467816124391
4513361.0	55.80633698549008	17.716208613655162
4543754.0	57.07570822228803	15.376204481756798
4574147.0	55.48517750797881	16.10868761675254
4604540.0	55.48807291152568	14.689427874637506
4634933.0	53.17230941335176	12.37942338655859
4665326.0	55.040075017273715	16.09332769387044
4695719.0	54.752146875925376	17.476053999578305
4726112.0	54.85565755272596	16.24230352854549
4756505.0	53.675319974994245	17.646320389855163
4786898.0	58.902345934919225	20.243913731485687
4817291.0	65.77636297831738	23.830310327887666
4847684.0	61.496232685157764	18.273290286469866
4878077.0	57.06132991149278	14.067431881924103
4908470.0	54.65725660513934	16.181917073299562
4938863.0	52.753430066133646	15.599771706896062
4969256.0	55.96275458164709	16.484789877499217
4999649.0	55.71595433158951	16.12520007479116
5030042.0	54.811074918566774	16.64951639566908
5060435.0	54.55976705162373	15.89840619622503
5090828.0	61.473760405356494	20.560414119448126
5121221.0	55.48001184483269	16.05792044860361
5151614.0	55.91869838449643	16.605575530021518
5182007.0	54.015496989438354	14.192217721652364
5212400.0	56.067252327838645	13.673517859200402
5242793.0	51.67380646859474	16.287760821181823
5273186.0	55.73780146744316	17.49303154780603
5303579.0	53.965485473628796	16.585470957215392
5333972.0	58.754482940150695	19.187317693392338
5352383.0	82.06361798102348	23.288535535436427
5367579.5	61.981680854615256	23.0514164793089
5394758.0	53.23498831967888	15.305357655223176
5425151.0	53.8084756358372	17.767126370232063
5455544.0	60.50890007567532	18.75411359913914
5485937.0	54.11199947356299	14.417205764789905
5516330.0	55.1146316586056	14.086373573145321
5546723.0	54.69993090514263	16.654662541109627
5577116.0	91.89678544401671	106.38039452559039
5607509.0	56.635113348468394	17.269278506266637
5637902.0	52.25752640410621	15.845928264668261
5668295.0	55.78208798078505	17.14621520005237
5698688.0	56.3996972987201	15.330141119045155
5729081.0	58.85022867107558	18.27917359761035
5759474.0	55.0224064751752	14.774418886263373
5789867.0	55.449840423781794	14.81402938836393
5820260.0	53.96351133484684	17.814072080348023
5850653.0	58.64429309380449	15.0644400492015
5881046.0	57.903333004310205	21.06800550878476
5907241.5	72.89549049913629	28.753660277637003
5922438.0	72.00416914830257	26.05809928632024
5941832.0	59.00148060408647	18.217341092146455
5972225.0	57.03846280393512	14.765599646210916
6002618.0	56.043595564768204	14.866229207011088
6033011.0	53.0816306386339	14.812757797617838
6063404.0	54.218372651597406	13.791433298078873
6093797.0	55.042213667620835	13.067101926802257
6124190.0	59.84858355542394	18.706980172193308
6154583.0	55.18497680386931	13.758483114020567
6184976.0	56.309906886454115	14.91442705039108
6215369.0	50.01441121310828	12.92432461226186
6245762.0	56.925048530911724	16.314176982356607
6276155.0	55.00697529036291	14.78768015905671
6306548.0	52.81617477708683	16.107812373250677
6336941.0	56.81025236074096	18.277635442217424
6367334.0	57.63409337676438	15.991153001059482
6397727.0	65.96722929621953	24.55158469948287
6428120.0	56.07662948705294	14.316282471467568
6458513.0	57.06215246931859	15.156151003358353
6488906.0	55.49972033033922	15.005624144418128
6519299.0	55.79347218109433	16.492826484165118
6549692.0	57.412595005428884	16.52064051993421
6580085.0	56.40772546310006	15.779564944106946
6610478.0	56.56901260158589	15.421651294890726
6640871.0	59.93820945612477	18.120067711816855
6660029.5	76.01792024230187	28.01521410056426
6675226.0	66.96359428545996	25.15713844357302
6701657.0	55.26437008521699	14.56939369316551
6732050.0	54.12604876122791	14.597284315031649
6762443.0	53.699338663508044	15.469917995286966
6792836.0	58.01036422860527	14.30251051371863
6823229.0	55.14434244727404	15.585766968746832
6853622.0	56.53726186950943	15.496285573682508
6884015.0	53.963281018655614	17.297580683515086
6914408.0	52.369756193860425	14.718093675689996
6944801.0	52.454348040667256	15.05203905923555
6975194.0	56.48313756457079	17.125964331838272
7005587.0	54.24857697496134	14.209994013097557
7035980.0	56.22544664889942	16.135981154026947
7066373.0	57.54163787714276	18.181749662622178
7096766.0	55.51462507814299	16.867364311323527
7127159.0	57.378639818379234	15.867606511374959
7157552.0	57.23258645082749	14.716713189085064
7187945.0	54.113282663771265	15.596508505135105
7218338.0	52.77906096798605	15.312322255133704
7248731.0	56.12798999769684	13.889650227545548
7279124.0	52.23479090580068	14.937214919903449
7309517.0	61.11552002105748	15.614904924958193
7327760.5	80.89924515917296	31.044242543137127
7342957.0	68.62582822338368	29.21183686137081
7370303.0	54.45717763958806	15.680270766911523
7400696.0	55.91682295265357	17.173605176836
7431089.0	49.71006481755668	16.19834777280946
7461482.0	53.31398677327016	16.029424626433286
7491875.0	57.22949363340243	15.350455864423559
7522268.0	56.44901786595598	15.32386419945127
7552661.0	56.38160102655217	18.839405670067777
7583054.0	54.31355904320074	15.13834251197286
7613447.0	54.99634784325338	17.809460486911533
7643840.0	56.613430724179906	16.55691432116057
7674233.0	54.91113085249893	18.106205176044234
7704626.0	54.81805020892969	17.219573276169708
7735019.0	54.79455795742441	16.33581592634427
7765412.0	53.3906162603231	15.83583795369186
7795805.0	1377.5110716283355	1231.5573222398903
7826198.0	71.95436449182378	124.33812357084537
7856591.0	53.03829829236995	13.446282769493518
7886984.0	58.40983121113414	16.139140375844086
7917377.0	60.21189089592998	20.072940561434383
7947770.0	57.31290099694009	14.078669315235622
7978163.0	57.59697956766361	22.55614446685472
8008556.0	53.801960977856744	17.77678677361587
8038949.0	54.544730694567825	16.019841159086027
8069342.0	48.16563024380614	19.379484159227808
8099735.0	52.49317277004573	14.862284716413614
8130128.0	51.125851347349716	15.655254508172586
8160521.0	55.440825190010855	16.88941953858132
8190914.0	57.461224624091074	16.102966524178726
8221307.0	52.272562761162106	12.629649425678316
8251700.0	55.33425459809825	15.0205202974767
8282093.0	53.92583818642451	16.449757198639325
8312486.0	60.04853091172309	19.534120008428033
8342879.0	51.72766755502912	15.824851356085684
8373272.0	56.82765768433521	18.065952502383574
8398726.5	89.05673620588809	42.69491219563819
8413923.0	78.99696264047788	33.31471148025228
8434058.0	57.23261935314053	16.608767261173856
8464451.0	52.7269437041424	17.01954821818179
8494844.0	54.15092290988056	13.778243576440438
8525237.0	56.291646102721025	14.843183843215526
8555630.0	56.31474352646991	14.370029442960698
8586023.0	62.60984437205936	23.965038447948857
8616416.0	58.892376534070344	19.52274227315031
8646809.0	52.30569539038594	13.843575738031761
8677202.0	55.455433816997335	14.617713820303115
8707595.0	54.58253545224229	15.583425639883336
8737988.0	56.10841312144244	14.149892523546859
8768381.0	58.552528542756555	21.867626841410765
8798774.0	60.45793439278781	20.116920438807284
8829167.0	53.49557463889712	14.865598424448347
8859560.0	55.011976441943865	15.452553091065933
8889953.0	55.81923469219886	17.134755383981922
8920346.0	55.46356068831639	15.392379434373657
8950739.0	55.88948113052348	17.34365652364688
8981132.0	55.900240186885135	17.77364373839943
9011525.0	55.602243937748824	15.291926728326986
9041918.0	55.12384430625473	14.374406583806998
9072311.0	56.93126706807489	17.99679356679632
9102704.0	55.3980850853815	14.238929483006485
9133097.0	56.41779357088804	15.137000351893029
9163490.0	54.97384266113908	18.097767840339216
9193883.0	57.41545750666272	16.485379661151352
9224276.0	56.4344092389695	17.07411444656808
9254669.0	57.46829862139308	16.84743640969701
9285062.0	56.799460402066266	15.93816399597302
9315455.0	60.553647221399665	16.851286223878347
9332033.5	74.0734442836469	31.111436652673934
9347230.0	71.14857577183395	25.95000301789778
9376241.0	56.426282367650444	16.356477813574738
9406634.0	55.18642450564275	15.018935393693896
9437027.0	61.8521699075445	22.190606684781287
9467420.0	52.76435363406048	17.259111951350746
9497813.0	55.05001151580956	13.57728777756664
9528206.0	53.2262363044122	13.201043959080707
9558599.0	53.82249202118909	15.962358660976443
9588992.0	54.796400486954234	15.579451542577454
9619385.0	55.1916230711019	14.59748942780371
9649778.0	54.75152173197776	16.194060327958837
9680171.0	55.362748001184485	14.784065234958772
9710564.0	53.64129898331853	15.165056627644326
9740957.0	54.462211693482054	13.77564997478579
9771350.0	54.78557562596651	16.23534673882287
9801743.0	53.12877965320962	13.877415719848356
9832136.0	53.51028197282269	15.871548881451108
9862529.0	57.286579146514	15.943773974068252
9892922.0	60.107755075181785	17.1392538433786
9923315.0	57.27420787681374	14.68623572233655
9953708.0	56.07455664133189	13.620202643403628
9984101.0	53.9412693712368	16.920589630289086
1.0014494E7	55.75602934886322	16.308401882687008
1.0044887E7	55.01474023623861	14.78686023068637
1.007528E7	57.70450432665417	16.972575090476276
1.01041125E7	65.94312848342622	24.72716107575898
1.0119309E7	89.84107657801987	27.713529743709927
1.0136066E7	65.77991642812489	19.91768669829185
1.0166459E7	57.114434244727406	15.72989632526482
1.0196852E7	57.618563485013	16.43442675160593
1.0227245E7	60.425163689007334	19.952600694423154
1.0257638E7	54.98180502089297	17.831323795905185
1.0288031E7	55.95281808311124	16.682907889661223
1.0318424E7	55.71871812588425	16.035264292114874
1.0348817E7	53.43016484058829	16.115115165417116
1.037921E7	54.363932484453656	16.616854790434253
1.0409603E7	57.76994702727602	16.989329527778352
1.0439996E7	56.29217253972954	15.881935545837313
1.0470389E7	52.88181489158688	16.68373324202137
1.0500782E7	52.07120060540256	13.25453345805881
1.0531175E7	55.32813476787418	15.676585674192243
1.0561568E7	52.685750008225575	16.701125171946206
1.0591961E7	53.107787977494816	14.625474949128305
1.0622354E7	54.990293817655385	16.69019265454771
1.0652747E7	54.61441779357089	16.69673331815286
1.068314E7	56.41315434475044	15.012685058446422
1.0713533E7	59.788471029513374	21.26943207583316
1.0743926E7	57.12854933701839	14.189811086019702
1.0774319E7	52.52140295462771	14.893054745635627
1.0804712E7	51.15447635968808	13.873332386107172
1.0835105E7	58.81601026552167	22.387310154938557
1.0865498E7	53.90543875234429	16.403721872520773
1.0895891E7	53.12631197973217	12.65330691021744
1.0926284E7	57.321159477511266	14.86654901461184
1.0956677E7	54.88974434902774	17.03299609416391
1.098707E7	57.256572237028266	14.745092765682243
1.1017463E7	53.588293357023	14.835522192296636
1.1047856E7	55.413779488698054	15.50599316517423
1.1078249E7	56.13983483038858	14.33139579175892
1.1108642E7	54.17645510479387	15.136035227206518
1.1139035E7	56.73671569111308	17.491290705694464
1.1169428E7	54.6273484025927	17.458090318809386
1.1196832E7	77.83444603727217	41.97148422952475
1.12120285E7	93.98260287721646	42.63262030988068
1.1230214E7	59.314282894087455	17.788049380228934
1.1260607E7	61.60546836442602	19.029990167600257
1.1291E7	53.92843746915408	16.76169140293419
1.1321393E7	53.44924818214721	15.396413572109154
1.1351786E7	53.838219326818674	16.142418217538328
1.1382179E7	54.476754515842465	15.491674274771594
1.1412572E7	57.176422202480836	15.896018807990894
1.1442965E7	57.46968051854045	14.482970143469172
1.1473358E7	54.067120718586516	12.891832884220333
1.1503751E7	55.45043266541638	16.154179741289084
1.1534144E7	55.50307636626855	14.578968070669253
1.1564537E7	57.0178659559767	13.637912698950442
1.159493E7	53.91149277794229	17.243031825839164
1.1625323E7	54.88408515118613	16.32331553573889
1.1655716E7	57.58944493797914	19.062592257727648
1.1686109E7	54.42562432138979	16.959365465471066
1.1716502E7	53.593031290099695	15.736665719845263
1.1746895E7	55.35629914783009	15.419344793486802
1.1777288E7	53.62465041292403	16.202516303459777
1.1807681E7	54.694534925805286	15.903421958614715
1.1838074E7	55.30362254466489	14.970504786270666
1.1868467E7	55.4991938933307	15.042484719193201
1.189886E7	54.613364919553845	15.909481595759381
1.1929253E7	56.07123350771559	13.662279522432804
1.1959646E7	57.227552396933504	16.22141203887196
1.1990039E7	54.57148027506334	16.975542762585288
1.2020432E7	59.99657815944461	21.19278127614846
1.2050825E7	66.49248182147205	26.87147928884567
1.2081218E7	58.139472904945215	15.93344414077966
1.2111611E7	58.64113447175336	16.927147203246168
1.21419565E7	70.24727704798997	28.704602216287086
