#Position (bp)	insert size
15197.0	268.5479295027941
45590.0	272.71181556195967
75983.0	269.18230665899057
106376.0	271.3432637571157
136769.0	270.1360163964971
167162.0	267.10926997029856
197555.0	274.7985257985258
221485.0	266.12308564946113
236681.5	275.2849162011173
258341.0	268.87851929092807
288734.0	270.0965981444424
319127.0	270.3180545836249
349520.0	271.78407677270303
379913.0	269.6604624929498
410306.0	271.1748492678725
440699.0	270.4530452534876
471092.0	265.4125089094797
501485.0	268.2433453546282
531878.0	270.46297312122874
562271.0	270.0350018135655
592664.0	271.8200076511094
623057.0	273.0459278542209
653450.0	271.02129963898915
683843.0	268.5194947830862
714236.0	271.2981207808794
744629.0	271.73070753876317
775022.0	270.5557641757417
805415.0	272.5557392102847
835808.0	272.21358695652174
866201.0	267.64564240790656
896594.0	273.03020257826887
926987.0	270.625182748538
957380.0	271.6326944342057
987773.0	269.7563597276962
1018166.0	267.4633590462833
1038382.5	260.2044011849344
1053579.0	265.8180875337067
1078952.0	269.83803863298664
1109345.0	270.9912858249419
1139738.0	271.836439333862
1170131.0	263.648266344661
1200524.0	266.3972118959108
1230917.0	272.13164335664334
1261310.0	271.45705637533104
1291703.0	270.74550509731233
1322096.0	270.64686971235193
1348657.5	262.1268191268191
1363854.0	268.4092805005214
1382882.0	269.60288624787773
1413275.0	273.7985597119424
1443668.0	275.5433272394881
1474061.0	270.11485853475733
1504454.0	268.6917345347427
1534847.0	270.61512928022364
1565240.0	268.1284387281172
1595633.0	270.4307692307692
1626026.0	271.7633167613636
1656419.0	270.53027793116144
1686812.0	267.8115478653376
1717205.0	270.6747982735973
1747598.0	272.24218897936
1777991.0	268.3980708588388
1808384.0	268.3735170969993
1838777.0	269.0413208228077
1869170.0	270.90746753246754
1899563.0	271.04781829049614
1929956.0	268.52766035655213
1960349.0	270.66476258479116
1990742.0	270.2874387683695
2021135.0	269.93820698970114
2051528.0	267.8814902225219
2081921.0	271.9756629131856
2112314.0	278.82027806035944
2142707.0	273.1764493407983
2173100.0	270.3136678200692
2203493.0	270.96197157098027
2233886.0	270.9608745684695
2264279.0	273.6983134356642
2294672.0	270.08255537250596
2325065.0	265.08352544777443
2355458.0	265.58736230110156
2385851.0	271.13408430232556
2416244.0	270.63157894736844
2446637.0	270.4518494378361
2477030.0	267.9566590629935
2507423.0	270.9211509715994
2537816.0	267.7012341446692
2568209.0	268.70219798380435
2598602.0	271.4062968515742
2628995.0	268.9458627557487
2659388.0	273.59175186276207
2689781.0	268.82963727007046
2720174.0	269.44523273922823
2750567.0	270.07218531154604
2780960.0	276.5194968553459
2811353.0	272.047265987025
2841746.0	270.5806687374383
2872139.0	269.0638428483732
2889645.5	280.32242672119975
2904842.0	271.969355141944
2932925.0	270.0825953370685
2963318.0	273.91432932646444
2993711.0	271.91135833482866
3024104.0	272.2615944806439
3054497.0	272.1490321368164
3084890.0	268.8269715823104
3115283.0	271.87579792084625
3145676.0	272.1053685168335
3176069.0	271.75981873111783
3206462.0	268.70605385011146
3236855.0	269.916326892395
3267248.0	271.22220135236665
3297641.0	278.9420593368237
3322340.5	262.5005192107996
3337537.0	206.0
3358427.0	196.9090909090909
3388820.0	204.0
3410819.5	0.0
3426016.0	265.75036390101894
3449606.0	270.9166666666667
3479999.0	271.448906418071
3510392.0	270.92413543364114
3540785.0	263.84929733727813
3571178.0	270.2281048097631
3601571.0	273.0839174086001
3631964.0	270.65220657276996
3662357.0	268.7864112116374
3692750.0	269.8680517587024
3723143.0	269.3095827439887
3753536.0	272.4518226600985
3783929.0	270.0550458715596
3814322.0	269.15680954964733
3844715.0	266.67599230634727
3875108.0	267.98685034439575
3905501.0	268.3806462821404
3935894.0	272.9950953678474
3966287.0	270.8767429850232
3987990.0	263.8338183934808
4003186.5	266.62640901771334
4027073.0	268.95803824362605
4057466.0	269.25251771726965
4087859.0	267.8324746846687
4118252.0	271.2914175167077
4148645.0	269.31824110303705
4179038.0	268.59736379613355
4209431.0	269.7312549329124
4239824.0	271.3174103237095
4259839.0	266.65133470225874
4275035.5	263.47734593085676
4300610.0	272.51343500363106
4331003.0	268.4391304347826
4361396.0	270.2863970588235
4391789.0	271.5067311011391
4422182.0	270.56948476052247
4452575.0	270.44436519258204
4482968.0	274.74832031959323
4513361.0	274.6095767575323
4543754.0	268.53672612801677
4574147.0	270.1656751397152
4604540.0	271.3293949158611
4634933.0	270.7628361858191
4665326.0	267.36264326647563
4695719.0	269.2957822638789
4726112.0	270.4412250137539
4756505.0	267.1463909913236
4786898.0	276.1219430485762
4817291.0	266.4168674698795
4847684.0	267.22843043616683
4878077.0	273.12460623031154
4908470.0	272.1639701872387
4938863.0	270.60766905931246
4969256.0	270.6835058907533
4999649.0	271.3069642857143
5030042.0	269.1495208822998
5060435.0	268.0056610664719
5090828.0	269.3875443691513
5121221.0	271.2153598281418
5151614.0	268.7840241949831
5182007.0	269.0782656623186
5212400.0	270.50223254152525
5242793.0	270.663249516441
5273186.0	268.7247029168167
5303579.0	272.1460111317254
5333972.0	266.14663099816084
5352383.0	271.03834979662986
5367579.5	263.9455089820359
5394758.0	271.5576097105509
5425151.0	273.19044104078245
5455544.0	267.1023840627041
5485937.0	269.00146869836607
5516330.0	274.1607272727273
5546723.0	270.0097301266752
5577116.0	271.20795073998056
5607509.0	271.4893692416726
5637902.0	267.65731195112636
5668295.0	273.1187230989957
5698688.0	271.9368682390495
5729081.0	265.4729912221472
5759474.0	270.13135516555093
5789867.0	270.50548068283916
5820260.0	270.3673394495413
5850653.0	269.44975344329197
5881046.0	270.4050525601899
5907241.5	266.6942710246052
5922438.0	268.30970504281635
5941832.0	271.7705714764538
5972225.0	271.86621076626335
6002618.0	270.2254674977738
6033011.0	272.2903286034354
6063404.0	271.3138365929446
6093797.0	272.63308957952466
6124190.0	268.8695580474934
6154583.0	272.49682107175295
6184976.0	271.5940628842438
6215369.0	275.01557819053323
6245762.0	272.23177766124803
6276155.0	269.43123209169056
6306548.0	269.4659048332709
6336941.0	268.2546972860125
6367334.0	267.49583766909467
6397727.0	266.53914084717854
6428120.0	271.3879264154313
6458513.0	269.1057759220598
6488906.0	270.81716147719044
6519299.0	269.14063059835183
6549692.0	268.629855425884
6580085.0	270.22124050185545
6610478.0	271.0861581920904
6640871.0	268.9528658236164
6660029.5	264.08947885939034
6675226.0	264.4221254700178
6701657.0	273.24364292155093
6732050.0	271.122279601623
6762443.0	270.7136481963555
6792836.0	267.2555689863581
6823229.0	267.4993672030374
6853622.0	269.2805373873078
6884015.0	269.545
6914408.0	269.1967181835528
6944801.0	274.77693330799923
6975194.0	269.56638714185885
7005587.0	269.7756992035562
7035980.0	271.14463618573205
7066373.0	271.22469982847343
7096766.0	272.5572573463936
7127159.0	270.3354026556303
7157552.0	270.83038992830916
7187945.0	265.44724351953266
7218338.0	273.54536862003783
7248731.0	267.0594006421691
7279124.0	270.27137970353476
7309517.0	272.8654498465514
7327760.5	261.2450738916256
7342957.0	267.52459893048126
7370303.0	268.8898678414097
7400696.0	274.52811997857526
7431089.0	268.95114656031905
7461482.0	269.7753394085922
7491875.0	269.4885097493036
7522268.0	266.8698727015559
7552661.0	268.44265734265736
7583054.0	269.69316929856774
7613447.0	270.7667153818049
7643840.0	270.5542168674699
7674233.0	275.36
7704626.0	269.87019143117595
7735019.0	271.22311337951146
7765412.0	270.5330338760996
7795805.0	271.23498756967143
7826198.0	259.9440839431175
7856591.0	271.6469368520264
7886984.0	270.9109131403118
7917377.0	269.1193956314666
7947770.0	273.3374147280042
7978163.0	269.90578084555654
8008556.0	268.2108478341355
8038949.0	270.0592008797654
8069342.0	269.8381622516556
8099735.0	270.04352806414664
8130128.0	272.2419010669253
8160521.0	268.7919523637676
8190914.0	272.07241079199304
8221307.0	274.78205865439907
8251700.0	265.826071299964
8282093.0	273.96339434276206
8312486.0	267.84435990737677
8342879.0	273.64703603254554
8373272.0	270.4139072847682
8398726.5	268.2697847548147
8413923.0	263.1903515332835
8434058.0	270.6405481377372
8464451.0	274.09963802629073
8494844.0	270.55747767857144
8525237.0	271.8191168646923
8555630.0	270.01632942847
8586023.0	264.63659108678655
8616416.0	269.25482560108367
8646809.0	267.4946585272797
8677202.0	268.5331541218638
8707595.0	271.9483137829912
8737988.0	271.6126110124334
8768381.0	264.8980827447023
8798774.0	270.30208162596296
8829167.0	270.82402234636874
8859560.0	268.7906807426283
8889953.0	268.97610130194397
8920346.0	272.3380028735632
8950739.0	272.09363831308076
8981132.0	269.74296972953607
9011525.0	272.05740773756463
9041918.0	270.8335439610038
9072311.0	268.75253407899334
9102704.0	272.6540413193186
9133097.0	270.10014104372357
9163490.0	270.8165402672445
9193883.0	269.57483350858746
9224276.0	270.4813763746009
9254669.0	270.6744666207846
9285062.0	269.25180999470246
9315455.0	270.6793046357616
9332033.5	257.04545454545456
9347230.0	268.25748232816966
9376241.0	268.17207906812564
9406634.0	271.23215586307356
9437027.0	268.21133772281996
9467420.0	270.11507262780606
9497813.0	273.38465753424657
9528206.0	271.5931473506834
9558599.0	272.04130394517506
9588992.0	270.91417638483966
9619385.0	267.1327193932828
9649778.0	271.54728739002934
9680171.0	265.4168024624298
9710564.0	274.1500751314801
9740957.0	269.44332355099044
9771350.0	270.1793329688354
9801743.0	272.29548872180453
9832136.0	271.79422788605694
9862529.0	267.47086287394086
9892922.0	269.1923014455092
9923315.0	270.48220795000867
9953708.0	269.05884438142505
9984101.0	271.66184649610676
1.0014494E7	269.58802502234136
1.0044887E7	269.96237337192474
1.007528E7	267.16530054644807
1.01041125E7	265.25623130608176
1.0119309E7	257.1203235591507
1.0136066E7	266.3574748837907
1.0166459E7	268.75366108786613
1.0196852E7	267.50241046831957
1.0227245E7	267.9628724963361
1.0257638E7	269.35399027202305
1.0288031E7	269.3896914571072
1.0318424E7	270.45418541854184
1.0348817E7	269.8647288988262
1.037921E7	270.53203598310995
1.0409603E7	269.5535928657177
1.0439996E7	268.2454160789845
1.0470389E7	270.5485618229361
1.0500782E7	272.92123876887786
1.0531175E7	269.9051254089422
1.0561568E7	268.2545112781955
1.0591961E7	271.9288403614458
1.0622354E7	271.2374636627907
1.0652747E7	271.4994487320838
1.068314E7	269.9437922447528
1.0713533E7	267.35813262949523
1.0743926E7	271.5396714435512
1.0774319E7	272.1575459193335
1.0804712E7	270.8949119373777
1.0835105E7	267.1698956780924
1.0865498E7	270.02227998514667
1.0895891E7	269.556860551827
1.0926284E7	268.06386320013956
1.0956677E7	268.8685076810534
1.098707E7	267.5873457326612
1.1017463E7	269.70986281053024
1.1047856E7	267.49963820549925
1.1078249E7	272.30015994313135
1.1108642E7	269.9047442550037
1.1139035E7	271.1520745428973
1.1169428E7	269.2893772893773
1.1196832E7	270.36187322611164
1.12120285E7	271.9958549222798
1.1230214E7	266.5165695253955
1.1260607E7	271.29253112033194
1.1291E7	273.5201851851852
1.1321393E7	270.66548375046693
1.1351786E7	270.837727441515
1.1382179E7	270.82583855510507
1.1412572E7	266.32720970537264
1.1442965E7	271.25868055555554
1.1473358E7	272.9064587973274
1.1503751E7	270.76689976689977
1.1534144E7	272.3028725314183
1.1564537E7	271.175822253324
1.159493E7	272.5486033519553
1.1625323E7	270.04695431472084
1.1655716E7	266.84165526675787
1.1686109E7	270.4902894833272
1.1716502E7	271.0244951383695
1.1746895E7	268.5673265560906
1.1777288E7	265.48973552801925
1.1807681E7	266.67183276265996
1.1838074E7	268.5904540579192
1.1868467E7	270.29701198783323
1.189886E7	271.2562694490207
1.1929253E7	272.3362878922177
1.1959646E7	272.44756456924944
1.1990039E7	267.26219068413394
1.2020432E7	265.7827591890555
1.2050825E7	267.7387706855792
1.2081218E7	266.0268581081081
1.2111611E7	268.95301327885596
1.21419565E7	268.55223880597015
