#Insert size (bp)	insert size
136.0	1.0
141.0	1.0
143.0	1.0
144.0	1.0
145.0	1.0
147.0	2.0
148.0	3.0
149.0	37.0
150.0	9489.0
151.0	18627.0
152.0	18522.0
153.0	18778.0
154.0	18491.0
155.0	18880.0
156.0	18837.0
157.0	18749.0
158.0	18421.0
159.0	18425.0
160.0	18251.0
161.0	18496.0
162.0	18325.0
163.0	18435.0
164.0	18342.0
165.0	18590.0
166.0	18369.0
167.0	18188.0
168.0	18288.0
169.0	18130.0
170.0	17828.0
171.0	17983.0
172.0	18053.0
173.0	18131.0
174.0	17860.0
175.0	17674.0
176.0	17767.0
177.0	17986.0
178.0	17838.0
179.0	17580.0
180.0	17449.0
181.0	17268.0
182.0	17260.0
183.0	17332.0
184.0	17200.0
185.0	17254.0
186.0	17244.0
187.0	16717.0
188.0	16933.0
189.0	16788.0
190.0	16811.0
191.0	16523.0
192.0	16590.0
193.0	16410.0
194.0	16205.0
195.0	16057.0
196.0	16215.0
197.0	15925.0
198.0	16135.0
199.0	15595.0
200.0	15927.0
201.0	15584.0
202.0	15441.0
203.0	15197.0
204.0	15096.0
205.0	15093.0
206.0	15228.0
207.0	15009.0
208.0	14991.0
209.0	14932.0
210.0	14673.0
211.0	14330.0
212.0	14235.0
213.0	13960.0
214.0	14044.0
215.0	13759.0
216.0	13825.0
217.0	13712.0
218.0	13475.0
219.0	13590.0
220.0	13368.0
221.0	13077.0
222.0	13144.0
223.0	12818.0
224.0	12578.0
225.0	12375.0
226.0	12365.0
227.0	12319.0
228.0	12339.0
229.0	12045.0
230.0	12166.0
231.0	12080.0
232.0	11711.0
233.0	11601.0
234.0	11369.0
235.0	11177.0
236.0	11164.0
237.0	10994.0
238.0	11024.0
239.0	10778.0
240.0	10792.0
241.0	10736.0
242.0	10499.0
243.0	10349.0
244.0	10340.0
245.0	9895.0
246.0	9912.0
247.0	9592.0
248.0	9621.0
249.0	9759.0
250.0	9507.0
251.0	9447.0
252.0	9453.0
253.0	9150.0
254.0	9002.0
255.0	9039.0
256.0	8817.0
257.0	8725.0
258.0	8676.0
259.0	8497.0
260.0	8391.0
261.0	8188.0
262.0	8303.0
263.0	8130.0
264.0	7646.0
265.0	7274.0
266.0	7122.0
267.0	6756.0
268.0	6834.0
269.0	6732.0
270.0	6662.0
271.0	6553.0
272.0	6396.0
273.0	6412.0
274.0	6369.0
275.0	6384.0
276.0	6430.0
277.0	6219.0
278.0	6146.0
279.0	6103.0
280.0	6190.0
281.0	6172.0
282.0	5979.0
283.0	6173.0
284.0	6146.0
285.0	6062.0
286.0	5877.0
287.0	5776.0
288.0	5901.0
289.0	5906.0
290.0	5699.0
291.0	5798.0
292.0	5596.0
293.0	5899.0
294.0	5792.0
295.0	5703.0
296.0	5751.0
297.0	5577.0
298.0	5567.0
299.0	5424.0
300.0	5432.0
301.0	5430.0
302.0	5402.0
303.0	5488.0
304.0	5450.0
305.0	5358.0
306.0	5377.0
307.0	5116.0
308.0	5323.0
309.0	5288.0
310.0	5356.0
311.0	5270.0
312.0	5192.0
313.0	5322.0
314.0	5047.0
315.0	5090.0
316.0	5038.0
317.0	4992.0
318.0	5048.0
319.0	5025.0
320.0	5020.0
321.0	5034.0
322.0	4914.0
323.0	4865.0
324.0	4825.0
325.0	4853.0
326.0	4821.0
327.0	4874.0
328.0	4851.0
329.0	4588.0
330.0	4684.0
331.0	4741.0
332.0	4552.0
333.0	4664.0
334.0	4659.0
335.0	4617.0
336.0	4662.0
337.0	4568.0
338.0	4383.0
339.0	4448.0
340.0	4529.0
341.0	4389.0
342.0	4326.0
343.0	4379.0
344.0	4443.0
345.0	4269.0
346.0	4311.0
347.0	4160.0
348.0	4220.0
349.0	4213.0
350.0	4300.0
351.0	4296.0
352.0	4089.0
353.0	4107.0
354.0	3993.0
355.0	3983.0
356.0	4003.0
357.0	3998.0
358.0	3999.0
359.0	4057.0
360.0	3935.0
361.0	3850.0
362.0	3888.0
363.0	3810.0
364.0	3840.0
365.0	3822.0
366.0	3806.0
367.0	3684.0
368.0	3779.0
369.0	3749.0
370.0	3805.0
371.0	3726.0
372.0	3651.0
373.0	3500.0
374.0	3578.0
375.0	3493.0
376.0	3574.0
377.0	3555.0
378.0	3445.0
379.0	3413.0
380.0	3500.0
381.0	3416.0
382.0	3411.0
383.0	3422.0
384.0	3421.0
385.0	3343.0
386.0	3236.0
387.0	3288.0
388.0	3408.0
389.0	3405.0
390.0	3212.0
391.0	3170.0
392.0	3197.0
393.0	3143.0
394.0	3167.0
395.0	3103.0
396.0	3082.0
397.0	3076.0
398.0	3072.0
399.0	3013.0
400.0	2982.0
401.0	2979.0
402.0	2929.0
403.0	2921.0
404.0	2951.0
405.0	2914.0
406.0	2979.0
407.0	2914.0
408.0	2741.0
409.0	2846.0
410.0	2776.0
411.0	2785.0
412.0	2753.0
413.0	2784.0
414.0	2709.0
415.0	2802.0
416.0	2701.0
417.0	2656.0
418.0	2712.0
419.0	2620.0
420.0	2632.0
421.0	2696.0
422.0	2588.0
423.0	2712.0
424.0	2509.0
425.0	2521.0
426.0	2442.0
427.0	2416.0
428.0	2449.0
429.0	2419.0
430.0	2452.0
431.0	2415.0
432.0	2378.0
433.0	2346.0
434.0	2388.0
435.0	2395.0
436.0	2244.0
437.0	2247.0
438.0	2286.0
439.0	2190.0
440.0	2237.0
441.0	2281.0
442.0	2203.0
443.0	2227.0
444.0	2203.0
445.0	2098.0
446.0	2119.0
447.0	2129.0
448.0	2137.0
449.0	2086.0
450.0	2091.0
451.0	2182.0
452.0	2048.0
453.0	2117.0
454.0	1990.0
455.0	2014.0
456.0	1961.0
457.0	1850.0
458.0	1937.0
459.0	1935.0
460.0	1900.0
461.0	1897.0
462.0	1920.0
463.0	1890.0
464.0	1846.0
465.0	1797.0
466.0	1850.0
467.0	1754.0
468.0	1748.0
469.0	1738.0
470.0	1728.0
471.0	1758.0
472.0	1661.0
473.0	1671.0
474.0	1764.0
475.0	1673.0
476.0	1679.0
477.0	1645.0
478.0	1642.0
479.0	1590.0
480.0	1653.0
481.0	1530.0
482.0	1552.0
483.0	1499.0
484.0	1515.0
485.0	1556.0
486.0	1455.0
487.0	1534.0
488.0	1505.0
489.0	1449.0
490.0	1517.0
491.0	1448.0
492.0	1410.0
493.0	1414.0
494.0	1370.0
495.0	1322.0
496.0	1477.0
497.0	1325.0
498.0	1326.0
499.0	1300.0
500.0	1305.0
501.0	1363.0
502.0	1272.0
503.0	1265.0
504.0	1323.0
505.0	1264.0
506.0	1208.0
507.0	1305.0
508.0	1265.0
509.0	1213.0
510.0	1160.0
511.0	1197.0
512.0	1180.0
513.0	1207.0
514.0	1115.0
515.0	1072.0
516.0	1045.0
517.0	1096.0
518.0	1095.0
519.0	1147.0
520.0	1051.0
521.0	1064.0
522.0	1103.0
523.0	1037.0
524.0	997.0
525.0	1088.0
526.0	1005.0
527.0	1049.0
528.0	1000.0
529.0	987.0
530.0	1004.0
531.0	988.0
532.0	970.0
533.0	968.0
534.0	959.0
535.0	858.0
536.0	894.0
537.0	853.0
538.0	856.0
539.0	872.0
540.0	847.0
541.0	837.0
542.0	879.0
543.0	796.0
544.0	813.0
545.0	844.0
546.0	780.0
547.0	795.0
548.0	764.0
549.0	800.0
550.0	771.0
551.0	748.0
552.0	734.0
553.0	760.0
554.0	728.0
555.0	731.0
556.0	727.0
557.0	747.0
558.0	710.0
559.0	672.0
560.0	703.0
561.0	670.0
562.0	658.0
563.0	645.0
564.0	691.0
565.0	600.0
566.0	593.0
567.0	589.0
568.0	609.0
569.0	615.0
570.0	610.0
571.0	593.0
572.0	559.0
573.0	544.0
574.0	544.0
575.0	587.0
576.0	532.0
577.0	549.0
578.0	511.0
579.0	529.0
580.0	554.0
581.0	473.0
582.0	558.0
583.0	501.0
584.0	528.0
585.0	494.0
586.0	449.0
587.0	512.0
588.0	448.0
589.0	471.0
590.0	462.0
591.0	441.0
592.0	462.0
593.0	435.0
594.0	428.0
595.0	386.0
596.0	375.0
597.0	372.0
598.0	403.0
599.0	380.0
600.0	391.0
601.0	413.0
602.0	406.0
603.0	374.0
604.0	385.0
605.0	368.0
606.0	364.0
607.0	357.0
608.0	352.0
609.0	342.0
610.0	319.0
611.0	323.0
612.0	327.0
613.0	313.0
614.0	281.0
615.0	320.0
616.0	306.0
617.0	319.0
618.0	296.0
619.0	300.0
620.0	286.0
621.0	291.0
622.0	291.0
623.0	252.0
624.0	255.0
625.0	248.0
626.0	284.0
627.0	278.0
628.0	266.0
629.0	256.0
630.0	257.0
631.0	234.0
632.0	236.0
