# Position (bp)	A	C	G	T	N
0.0	26.28075483111027	22.455645374131965	34.52558656433721	16.7368719390208	0.0011412913997511033
1.0	23.403838531801767	20.127954104193417	12.090982482223776	44.37708789572987	1.3698605116702983E-4
2.0	32.513654092728494	20.344665460147635	13.052612783658338	34.08882091626656	2.4674719897066044E-4
3.0	21.499152860628598	22.815841851289477	10.232188090540511	45.45246102279585	3.5617474556323133E-4
4.0	40.766009523297	9.678120888424706	9.885763399596897	39.66979614226967	3.100464117332192E-4
5.0	45.065515963972445	10.246335793363626	22.99770216466358	21.68216003132831	0.008286046672039374
6.0	35.28670811244592	13.716452466711823	20.79997013971758	30.196759500674602	1.0978045007788922E-4
7.0	40.053309093837306	15.323180637345862	20.27314510086758	24.35034328588134	2.1882067907934262E-5
8.0	18.6707342535365	32.391422112932915	23.31250451342005	25.625273668701986	6.545140854703764E-5
9.0	30.019792389861998	19.69702870473092	12.912614325147388	37.370564580259696	0.0
10.0	27.637076553689788	14.96958314753394	28.014859611606035	29.37848068717024	0.0
11.0	27.414106902030603	18.289165800371364	18.26858249414696	36.02814480345107	0.0
12.0	25.413681238900793	20.485649974900273	23.14311161010682	30.95755717609211	0.0
13.0	23.964397945004688	26.18494914746041	18.410844406112943	31.439808501421957	0.0
14.0	33.038711765421375	20.384117641749512	20.115771254637018	26.461377848131463	2.149006063205707E-5
15.0	32.973006236521236	18.830902063502478	19.26142915525434	28.934662544721938	0.0
16.0	32.062469285984314	18.421541882631974	18.316860173434037	31.199085869595216	4.278835446471876E-5
17.0	32.10616785623863	18.18935008255204	18.523977236387452	31.18046212917227	4.269564961217407E-5
18.0	31.75618003400992	18.248836460778787	19.101278449969143	30.893705055242155	0.0
19.0	31.138835990127706	18.866637517140582	19.091827171510385	30.902699321221327	0.0
20.0	30.9451387006358	18.956927268338397	19.197997284064687	30.899936746961114	0.0
21.0	30.69371357857122	19.115316363814948	19.208372327154795	30.98255539380602	4.233665302085779E-5
22.0	30.809512603295225	19.242813643778458	19.04924666681595	30.898363711568095	6.33745422773684E-5
23.0	31.187842758848088	19.101438172011843	19.130679337416694	30.580039731723375	0.0
24.0	30.83775954458347	19.19708345571867	19.113721156686616	30.85099399336973	4.418496415126575E-4
25.0	30.963461637396573	19.322757811162987	19.06218797607436	30.65157157691052	2.0998455563593296E-5
26.0	31.11430449777824	19.09812650379836	19.22546145822833	30.562065626121854	4.1914073215922236E-5
27.0	30.844616937516395	19.170484107718558	19.31643299088959	30.66846596387546	0.0
28.0	31.00926512743308	19.219607568079397	19.224805424808935	30.546113130412344	2.0874926624632917E-4
29.0	31.07620470707261	19.115888390993206	19.371234704430808	30.436672197503373	0.0
30.0	30.767151013943096	19.281764830422993	19.316642326597282	30.63417146084923	2.7036818739759803E-4
31.0	30.846669009834454	19.47869983667719	19.064258089482298	30.61037306400606	0.0
32.0	30.965467418961357	19.331833496566304	19.20220731319634	30.50024308795059	2.4868332541000626E-4
33.0	30.661360993996468	19.229967189510575	19.34695541000699	30.761468155620193	2.4825086577489437E-4
34.0	30.790820030189064	19.347992245594984	19.24241932975655	30.61695102032134	0.001817374138063848
35.0	30.910729826281713	19.09668222544637	19.39932897736984	30.589568408289207	0.0036905626128688473
36.0	30.85943329675417	19.234525954017297	19.325613627292295	30.577462912907627	0.002964209028610175
37.0	30.809746540293087	19.34556207082533	19.292984062985084	30.549179141782208	0.002528184114288721
38.0	30.99956096680897	19.188377668707073	19.310892353946546	30.49860336542853	0.002565645108884952
39.0	30.82285167082818	19.251653774935754	19.358564477853125	30.563917063858238	0.003013012524703628
40.0	30.777588661483087	19.168688891868353	19.358523896714527	30.686806016832147	0.008392533101890469
41.0	30.94427576524516	19.17482857989149	19.255716916578308	30.616020796704124	0.009157941580918283
42.0	30.7324351173932	19.263257137280696	19.37015455210269	30.6242719195844	0.009881273639007676
43.0	30.675927300368816	19.46376518449766	19.305395380095685	30.543473296326685	0.011438838711150768
44.0	30.949856085497007	19.250552980760283	19.300815627528532	30.485272820473757	0.01350248574041787
45.0	30.742408871777982	19.31462032509592	19.348469650438588	30.578817360716844	0.01568379197067151
46.0	30.76185957579532	19.37298903066071	19.20700119578701	30.644373756081798	0.013776441675158414
47.0	30.96077290348064	19.288852967246513	19.270849296283796	30.466412802051163	0.01311203093789789
48.0	30.677243982536233	19.225388153481926	19.344107196300264	30.734991520358037	0.018269147323539504
49.0	30.7945071401385	19.463463139854102	19.16794836502688	30.557734763487915	0.0163465914926018
50.0	30.87190777951022	19.248872083834602	19.348029548924597	30.514718306795217	0.01647228093535844
51.0	30.65155006677889	19.381283391971248	19.36565515082971	30.58297180810865	0.01853958231149976
52.0	30.72017956767289	19.448740818457395	19.271791032807016	30.543068184044746	0.016220397017951717
53.0	30.810932118456176	19.267796216115634	19.40725091795906	30.505544484838993	0.008476262630135858
54.0	30.677780343230715	19.284863749242547	19.314546823941257	30.71361378327121	0.009195300314273586
55.0	30.678167177163175	19.462590431625774	19.2987224625046	30.551432943083235	0.00908698562322013
56.0	30.842696934598774	19.192605944372648	19.33907212316769	30.61855838222418	0.007066615636709115
57.0	30.695898786698162	19.42224469189247	19.313345475270744	30.565453096586342	0.0030579495522819844
58.0	30.619223148919744	19.46872320470924	19.376745934654924	30.532975610442588	0.0023321012735082343
59.0	30.863766196532833	19.272721355043025	19.325901976080974	30.53604338188568	0.0015670904574839317
60.0	30.661226037038876	19.37239474106379	19.456602291593843	30.508130526120503	0.0016464041829909986
61.0	30.708308742833303	19.37054473818818	19.37407653934858	30.545444548414068	0.0016254312158646904
62.0	30.925445602302204	19.309981315069326	19.255326488877692	30.508504491523585	7.421022271891815E-4
63.0	30.585509738113714	19.41738716752996	19.341506282676647	30.655496572730073	1.0023894960807574E-4
64.0	30.708916716262983	19.383562879111235	19.264171020121076	30.64330930667356	4.007783114808959E-5
65.0	30.85319926438082	19.33996987735207	19.26902000437878	30.537790822868295	2.0031020037630272E-5
66.0	30.682226391594863	19.31122586897713	19.37468087279164	30.63170667729256	1.6018934380437677E-4
67.0	30.8027896137909	19.506278952972057	19.15818773986317	30.532723676627864	2.0016746009711724E-5
68.0	30.84866428703211	19.3242854392859	19.499456317937746	30.327573945362857	2.0010381385862985E-5
69.0	30.64287811970613	19.393351241960925	19.43082092412679	30.53238956946475	5.601447414011781E-4
70.0	30.701711225411486	19.451958240627622	19.291748371699697	30.554562161029118	2.0001232075895875E-5
71.0	30.850240709250865	19.325114175158102	19.344032544394672	30.480332595330285	2.799758660803439E-4
72.0	30.713226204697254	19.409190144464088	19.39271332778507	30.48487032305359	0.0
73.0	30.593158931514935	19.535287055987574	19.276935467488208	30.594618545009283	0.0
74.0	30.917232552899193	19.247529764886043	19.337683674344643	30.49755400787012	0.0
75.0	30.701489729207943	19.376316726558542	19.33652876639529	30.585644783888394	1.9993949830781203E-5
76.0	30.72389742658725	19.37998321674295	19.19673500268824	30.69936435963197	1.9994349596803944E-5
77.0	30.74909761910618	19.407523030184144	19.333836838976374	30.5095425117333	0.0
78.0	30.524865634941396	19.477394113774547	19.271397020651303	30.726323232856505	1.9997776247281302E-5
79.0	30.435377428778015	19.689840459948975	19.26759385841308	30.60712824907969	6.0003780238155E-5
80.0	30.677279519012775	19.442861261055082	19.286601227234417	30.593157967071168	1.0002562656552609E-4
81.0	30.53066629793857	19.507503863540723	19.245985729662408	30.71578407714955	6.003170874856099E-5
82.0	30.531067954751943	19.727517239847	19.105199346896487	30.636195441846702	2.001665786267332E-5
83.0	30.757721748727896	19.564820399208983	19.044143501220244	30.633013994981255	3.003558616248531E-4
84.0	30.425328703698142	19.602855342328994	19.131478674873094	30.839896590391465	4.406887083133521E-4
85.0	30.515807715213448	19.682955978220356	19.06518343009345	30.735912605694033	1.4027077871122415E-4
86.0	30.67494624787623	19.533135866323857	19.12597292596992	30.665564058999532	3.8090083046404745E-4
87.0	30.347817854928007	19.698192556983514	19.204031908040147	30.748994951289937	9.627287583927884E-4
88.0	30.319360708675514	19.990556397930035	19.049728009812032	30.639953540528026	4.013430543972349E-4
89.0	30.496360629747986	19.885666832378547	19.119644246839496	30.498187743799253	1.4054723471307884E-4
90.0	30.41462562461864	19.804542158631385	19.280556662260608	30.499130340789478	0.0011452136998901198
91.0	30.396807095415006	19.920390492295077	19.21571024213972	30.466227679814494	8.644903357017017E-4
92.0	30.651304383163584	19.910185724269933	19.26528687497259	30.17253900958054	6.840080133550553E-4
93.0	30.417994273356047	19.842406559507854	19.294888340106763	30.444328299131985	3.825278973568933E-4
94.0	30.366369883010595	20.065124632815103	19.27547687442866	30.29238385129936	6.447584462852746E-4
95.0	30.641422274705477	19.83014057957162	19.32542616093996	30.202889993672166	1.2099111078309076E-4
96.0	30.44722429590988	19.945565446692505	19.354821782943528	30.252065564453744	3.2291000034107367E-4
97.0	30.467456416150647	19.98464806186831	19.351097815075804	30.19637350861476	4.241982904808894E-4
98.0	30.472574527246543	19.816776002476306	19.4476147459896	30.262771889721897	2.6283456565678214E-4
99.0	30.444725015850437	19.83752716531792	19.480955490667515	30.236043568120873	7.48760043249999E-4
100.0	30.3140816352161	20.03866112509019	19.461701664782158	30.185049168054555	5.064068569919189E-4
101.0	30.43476674027644	19.963936548926846	19.45108775324862	30.14953983920478	6.691183433116451E-4
102.0	30.3073278566373	19.893993800709726	19.52382663177917	30.274100700003025	7.510108707808666E-4
103.0	30.329064510249626	20.070214408339577	19.502500966677417	30.097285439775746	9.346749576399214E-4
104.0	30.501405789713715	19.986216710895512	19.464441107561324	30.0477940024792	1.4238935025298518E-4
105.0	30.230435918620703	20.013363503380283	19.565272730938425	30.190744562192528	1.8328486806238773E-4
106.0	30.274283218633226	20.0445955156958	19.548421469217534	30.132332788734654	3.6700771878400555E-4
107.0	30.426034628404242	19.91806916453575	19.630962155523648	30.024219550305176	7.14501231187693E-4
108.0	30.211259717366488	19.989812504292484	19.73487982679622	30.063189454715516	8.584968292850438E-4
109.0	30.231470470362698	20.060876438963703	19.621261027739695	30.08581895410094	5.731088329580153E-4
110.0	30.318409459131253	19.99840134287199	19.68695014136843	29.99597261377366	2.6644285466874494E-4
111.0	30.243808831874624	19.96283195466771	19.635523292624985	30.157528068441742	3.078523909355942E-4
112.0	30.30625960850728	19.971924661081744	19.64979816996473	30.071729819051768	2.877413944770095E-4
113.0	30.509697357159883	19.845980124050755	19.729479282404217	29.914802070010005	4.116637514012005E-5
114.0	30.43474854809286	19.922303821168498	19.818442287270944	29.82438164969966	1.2369376803996298E-4
115.0	30.226181778835215	20.242622877700278	19.620867681986777	29.91026571310221	6.194837552774853E-5
116.0	30.462446828667716	19.981023388353233	19.724650895710962	29.83092736760845	9.515196596372807E-4
117.0	30.295942441845288	19.937625440167295	19.871007205544295	29.895051933213512	3.7297922961554544E-4
118.0	30.313944480470685	20.01307323586044	19.846388440751962	29.826510811885726	8.303103118728562E-5
119.0	30.418761311916104	19.870441131457774	19.880235088232943	29.83041691064917	1.4555774400468448E-4
120.0	30.243710588650448	19.92882391773005	20.06941376180635	29.757989238179693	6.249363346109116E-5
121.0	30.21697911394717	20.099447456159115	20.04760538247617	29.635028879416048	9.391680015026689E-4
122.0	30.357516640412967	19.915883603785133	20.09559232676792	29.63027554570789	7.318833260876884E-4
123.0	30.263528958224644	19.867942198784387	20.15562832737261	29.711454856680724	0.001445658937629245
124.0	30.230677589835363	19.948106201749734	20.170859071180782	29.64840482200868	0.0019523152254346788
125.0	30.263036395749538	19.89702177586219	20.28490964532691	29.55334946360162	0.0016827194597460904
126.0	30.1610936080378	19.87973987124229	20.36059492324465	29.595030939658972	0.003540657816286647
127.0	30.115868519735155	20.039380978657867	20.36894959348769	29.473266739608484	0.00253416851080221
128.0	30.229816027827965	19.85702997668447	20.438711987414948	29.472283554744088	0.002158453328525484
129.0	30.038172293132337	19.96193372923499	20.45135418128892	29.5472887324093	0.0012510639344561242
130.0	30.156120388375918	19.9517759767192	20.47785043583502	29.41378574731088	4.6745175897847346E-4
131.0	30.11040583630281	19.80461910050351	20.658244816755353	29.426496038045663	2.3420839266612617E-4
132.0	29.993679912534425	19.92677489478612	20.699609357996895	29.37929571778868	6.401168938797143E-4
133.0	29.963515090707617	19.966880888810195	20.76487868799736	29.304618413866574	1.0691861825220562E-4
134.0	30.064682376570502	19.83135691547658	20.888815833745163	29.214201919940614	9.42954267146659E-4
135.0	29.936742681979695	19.87272503900424	20.96428534608961	29.225817370804897	4.295621215557709E-4
136.0	29.920428240429292	19.993645109048163	20.966576330485328	29.118876717053	4.736029842154583E-4
137.0	30.031968252694192	19.74928569856544	21.05951799918785	29.158990704263886	2.3734528863129015E-4
138.0	29.836554368582004	19.711515897618685	21.236534081434513	29.214681925427648	7.137269371576409E-4
139.0	29.83985088855255	20.004774098628715	21.149452051854254	29.005641111363328	2.8184960115029326E-4
140.0	29.97434729270691	19.73243543786098	21.36247566666174	28.930611187379963	1.3041539040716554E-4
141.0	29.8538319556773	19.802264387473578	21.371739595222593	28.97205508996809	1.0897165843313139E-4
142.0	29.828242606498762	19.795591436389227	21.492578087436947	28.883522305076447	6.556459861352729E-5
143.0	29.837902166866076	19.708963648629656	21.607402393899072	28.843407744467182	0.00232404613801633
144.0	29.629381137486067	19.73324751310896	21.703864351837694	28.93348499990211	2.1997665167819086E-5
145.0	29.713350823781564	19.80694996894161	21.702317753055215	28.77738145422161	0.0
146.0	29.828674093216172	19.620572071906096	21.768560861495132	28.782170776307197	2.2197075402133316E-5
147.0	29.68222826170762	19.696278594841537	21.957874924546783	28.663506477746637	1.117411574193782E-4
148.0	29.605474734228082	19.744994607064505	21.93733270121772	28.71206139866732	1.365588223713394E-4
149.0	29.301149476579536	19.94260094028879	22.650482641543558	28.105743205313317	2.3736274795802762E-5
