#Insert size (bp)	insert size
141.0	1.0
142.0	1.0
143.0	1.0
144.0	2.0
146.0	3.0
147.0	7.0
148.0	8.0
149.0	27.0
150.0	7224.0
151.0	14148.0
152.0	13976.0
153.0	14383.0
154.0	14304.0
155.0	14302.0
156.0	14587.0
157.0	14127.0
158.0	14024.0
159.0	14072.0
160.0	14117.0
161.0	14146.0
162.0	14233.0
163.0	14359.0
164.0	14101.0
165.0	14219.0
166.0	14366.0
167.0	14388.0
168.0	14140.0
169.0	14127.0
170.0	14024.0
171.0	13818.0
172.0	13921.0
173.0	14017.0
174.0	14140.0
175.0	14018.0
176.0	14316.0
177.0	14263.0
178.0	14403.0
179.0	14239.0
180.0	13857.0
181.0	13805.0
182.0	13861.0
183.0	14083.0
184.0	14017.0
185.0	13878.0
186.0	14313.0
187.0	14191.0
188.0	13820.0
189.0	14031.0
190.0	14265.0
191.0	13666.0
192.0	13494.0
193.0	13759.0
194.0	13938.0
195.0	13767.0
196.0	13946.0
197.0	13772.0
198.0	13672.0
199.0	13708.0
200.0	13791.0
201.0	13642.0
202.0	13539.0
203.0	13302.0
204.0	13243.0
205.0	13534.0
206.0	13566.0
207.0	13585.0
208.0	13691.0
209.0	13459.0
210.0	13457.0
211.0	13363.0
212.0	13275.0
213.0	13108.0
214.0	12874.0
215.0	13111.0
216.0	13006.0
217.0	12931.0
218.0	13152.0
219.0	13252.0
220.0	13272.0
221.0	12849.0
222.0	12815.0
223.0	12322.0
224.0	12483.0
225.0	12378.0
226.0	12375.0
227.0	12563.0
228.0	12256.0
229.0	12383.0
230.0	12701.0
231.0	12409.0
232.0	12194.0
233.0	12091.0
234.0	11890.0
235.0	11680.0
236.0	11788.0
237.0	11609.0
238.0	11600.0
239.0	11740.0
240.0	11754.0
241.0	11743.0
242.0	11569.0
243.0	11545.0
244.0	11232.0
245.0	10989.0
246.0	10964.0
247.0	10655.0
248.0	10728.0
249.0	10733.0
250.0	10724.0
251.0	10660.0
252.0	10423.0
253.0	10395.0
254.0	10064.0
255.0	10004.0
256.0	9762.0
257.0	9523.0
258.0	9495.0
259.0	9350.0
260.0	9107.0
261.0	8892.0
262.0	8888.0
263.0	8385.0
264.0	7806.0
265.0	6906.0
266.0	6688.0
267.0	6320.0
268.0	6152.0
269.0	6009.0
270.0	6119.0
271.0	5182.0
272.0	5143.0
273.0	5327.0
274.0	5105.0
275.0	5204.0
276.0	5228.0
277.0	5192.0
278.0	5078.0
279.0	5080.0
280.0	5065.0
281.0	5028.0
282.0	5076.0
283.0	5143.0
284.0	5052.0
285.0	4918.0
286.0	4949.0
287.0	4908.0
288.0	5029.0
289.0	5000.0
290.0	4949.0
291.0	4888.0
292.0	4892.0
293.0	4811.0
294.0	4824.0
295.0	4739.0
296.0	4774.0
297.0	4695.0
298.0	4723.0
299.0	4681.0
300.0	4656.0
301.0	4720.0
302.0	4656.0
303.0	4721.0
304.0	4657.0
305.0	4577.0
306.0	4734.0
307.0	4538.0
308.0	4541.0
309.0	4571.0
310.0	4599.0
311.0	4571.0
312.0	4395.0
313.0	4498.0
314.0	4365.0
315.0	4442.0
316.0	4433.0
317.0	4449.0
318.0	4437.0
319.0	4318.0
320.0	4262.0
321.0	4377.0
322.0	4271.0
323.0	4358.0
324.0	4192.0
325.0	4234.0
326.0	4201.0
327.0	4090.0
328.0	4242.0
329.0	4124.0
330.0	4177.0
331.0	4082.0
332.0	4142.0
333.0	4113.0
334.0	4176.0
335.0	3998.0
336.0	4134.0
337.0	4143.0
338.0	3882.0
339.0	3919.0
340.0	4017.0
341.0	3824.0
342.0	3840.0
343.0	3854.0
344.0	3905.0
345.0	3849.0
346.0	3854.0
347.0	3865.0
348.0	3828.0
349.0	3819.0
350.0	3784.0
351.0	3882.0
352.0	3672.0
353.0	3702.0
354.0	3687.0
355.0	3682.0
356.0	3601.0
357.0	3730.0
358.0	3577.0
359.0	3622.0
360.0	3474.0
361.0	3597.0
362.0	3547.0
363.0	3531.0
364.0	3544.0
365.0	3563.0
366.0	3389.0
367.0	3497.0
368.0	3341.0
369.0	3454.0
370.0	3338.0
371.0	3465.0
372.0	3290.0
373.0	3320.0
374.0	3341.0
375.0	3395.0
376.0	3248.0
377.0	3275.0
378.0	3276.0
379.0	3165.0
380.0	3230.0
381.0	3106.0
382.0	3079.0
383.0	3247.0
384.0	3082.0
385.0	3072.0
386.0	3125.0
387.0	2991.0
388.0	3102.0
389.0	3051.0
390.0	2923.0
391.0	3050.0
392.0	3058.0
393.0	2922.0
394.0	2945.0
395.0	2852.0
396.0	2814.0
397.0	2827.0
398.0	2835.0
399.0	2816.0
400.0	2812.0
401.0	2813.0
402.0	2715.0
403.0	2777.0
404.0	2710.0
405.0	2767.0
406.0	2748.0
407.0	2739.0
408.0	2702.0
409.0	2722.0
410.0	2695.0
411.0	2630.0
412.0	2565.0
413.0	2514.0
414.0	2517.0
415.0	2545.0
416.0	2536.0
417.0	2511.0
418.0	2597.0
419.0	2545.0
420.0	2477.0
421.0	2495.0
422.0	2442.0
423.0	2432.0
424.0	2347.0
425.0	2358.0
426.0	2312.0
427.0	2273.0
428.0	2315.0
429.0	2352.0
430.0	2296.0
431.0	2261.0
432.0	2304.0
433.0	2203.0
434.0	2243.0
435.0	2135.0
436.0	2202.0
437.0	2258.0
438.0	2087.0
439.0	2139.0
440.0	2124.0
441.0	2138.0
442.0	2094.0
443.0	2070.0
444.0	2031.0
445.0	2037.0
446.0	2060.0
447.0	2081.0
448.0	2042.0
449.0	2036.0
450.0	2038.0
451.0	1943.0
452.0	1920.0
453.0	1929.0
454.0	1895.0
455.0	1887.0
456.0	1902.0
457.0	1871.0
458.0	1872.0
459.0	1799.0
460.0	1821.0
461.0	1788.0
462.0	1833.0
463.0	1686.0
464.0	1686.0
465.0	1675.0
466.0	1728.0
467.0	1673.0
468.0	1644.0
469.0	1565.0
470.0	1618.0
471.0	1532.0
472.0	1634.0
473.0	1679.0
474.0	1680.0
475.0	1500.0
476.0	1520.0
477.0	1608.0
478.0	1529.0
479.0	1539.0
480.0	1466.0
481.0	1565.0
482.0	1453.0
483.0	1491.0
484.0	1499.0
485.0	1468.0
486.0	1430.0
487.0	1416.0
488.0	1427.0
489.0	1378.0
490.0	1339.0
491.0	1318.0
492.0	1301.0
493.0	1338.0
494.0	1320.0
495.0	1338.0
496.0	1231.0
497.0	1264.0
498.0	1293.0
499.0	1223.0
500.0	1245.0
501.0	1251.0
502.0	1219.0
503.0	1205.0
504.0	1189.0
505.0	1140.0
506.0	1142.0
507.0	1166.0
508.0	1089.0
509.0	1166.0
510.0	1110.0
511.0	1016.0
512.0	1047.0
513.0	1037.0
514.0	1107.0
515.0	1063.0
516.0	1031.0
517.0	1069.0
518.0	1043.0
519.0	981.0
520.0	989.0
521.0	971.0
522.0	973.0
523.0	953.0
524.0	894.0
525.0	926.0
526.0	943.0
527.0	940.0
528.0	885.0
529.0	889.0
530.0	909.0
531.0	856.0
532.0	822.0
533.0	843.0
534.0	848.0
535.0	850.0
536.0	831.0
537.0	840.0
538.0	830.0
539.0	794.0
540.0	770.0
541.0	747.0
542.0	708.0
543.0	754.0
544.0	740.0
545.0	749.0
546.0	750.0
547.0	731.0
548.0	705.0
549.0	678.0
550.0	699.0
551.0	708.0
552.0	705.0
553.0	685.0
554.0	653.0
555.0	631.0
556.0	596.0
557.0	679.0
558.0	597.0
559.0	612.0
560.0	590.0
561.0	591.0
562.0	597.0
563.0	582.0
564.0	580.0
565.0	585.0
566.0	545.0
567.0	542.0
568.0	558.0
569.0	494.0
570.0	555.0
571.0	490.0
572.0	484.0
573.0	479.0
574.0	542.0
575.0	472.0
576.0	491.0
577.0	510.0
578.0	463.0
579.0	472.0
580.0	434.0
581.0	422.0
582.0	466.0
583.0	442.0
584.0	431.0
585.0	425.0
586.0	421.0
587.0	410.0
588.0	387.0
589.0	371.0
590.0	425.0
591.0	343.0
592.0	399.0
593.0	366.0
594.0	365.0
595.0	366.0
596.0	329.0
597.0	343.0
598.0	356.0
599.0	355.0
600.0	352.0
601.0	332.0
602.0	302.0
603.0	311.0
604.0	328.0
605.0	319.0
606.0	282.0
607.0	282.0
608.0	274.0
609.0	290.0
610.0	293.0
611.0	284.0
612.0	263.0
613.0	258.0
614.0	256.0
615.0	268.0
616.0	234.0
617.0	248.0
618.0	244.0
619.0	228.0
620.0	241.0
621.0	220.0
622.0	237.0
623.0	235.0
624.0	230.0
625.0	224.0
626.0	190.0
627.0	223.0
628.0	203.0
629.0	209.0
630.0	215.0
631.0	187.0
632.0	196.0
633.0	195.0
634.0	144.0
635.0	176.0
636.0	178.0
637.0	181.0
638.0	202.0
