#Position (bp)	insert size
15197.0	272.5655845101179
45590.0	278.2684724158534
75983.0	279.6182464454976
106376.0	281.088525378879
136769.0	277.2514354066986
167162.0	272.56859534206694
197555.0	283.57218858924966
221485.0	268.3405038211152
236681.5	280.5208455666471
258341.0	273.15180765180764
288734.0	277.1530547973966
319127.0	277.5550260948491
349520.0	277.13894639981595
379913.0	276.69393077287816
410306.0	277.5640362225097
440699.0	278.26420695504663
471092.0	270.1502755404833
501485.0	274.14249895528627
531878.0	276.07297830374756
562271.0	276.05705009276437
592664.0	274.80172839506173
623057.0	278.8168542015801
653450.0	279.7863209655789
683843.0	276.473231827112
714236.0	276.2529002320186
744629.0	278.5079617834395
775022.0	277.4445847008331
805415.0	278.45937719503627
835808.0	278.36702626641653
866201.0	275.64972004479284
896594.0	276.1170366795367
926987.0	279.4304651723307
957380.0	277.24272486772486
987773.0	275.46627506582945
1018166.0	275.4961832061069
1038382.5	268.5347194978423
1053579.0	268.91117824773414
1078952.0	276.97262247838614
1109345.0	279.14536395147314
1139738.0	276.89211618257264
1170131.0	267.83496895653917
1200524.0	272.01902748414375
1230917.0	274.0575201432408
1261310.0	279.18677390527256
1291703.0	278.17195362065195
1322096.0	278.1078617546525
1348657.5	265.9500768049155
1363854.0	269.26823416506716
1382882.0	275.9942567567568
1413275.0	280.90522371611195
1443668.0	277.2852664576802
1474061.0	277.16638655462185
1504454.0	274.65164198325823
1534847.0	273.5385142857143
1565240.0	275.4152484683458
1595633.0	274.53277422202603
1626026.0	276.3727863707689
1656419.0	278.0956316410862
1686812.0	273.9227582846004
1717205.0	277.97220135236665
1747598.0	279.64826226275574
1777991.0	273.589552238806
1808384.0	274.2143934496876
1838777.0	276.7353206865402
1869170.0	273.1768292682927
1899563.0	276.47984099943216
1929956.0	273.73554525494023
1960349.0	274.51829988193623
1990742.0	271.2447747329308
2021135.0	275.1000418585182
2051528.0	277.86470078057243
2081921.0	276.77085222121485
2112314.0	285.8630733944954
2142707.0	276.3777934603623
2173100.0	276.390833717181
2203493.0	278.57090194150896
2233886.0	276.2710733778047
2264279.0	277.13524384112617
2294672.0	277.1142857142857
2325065.0	272.22673594709494
2355458.0	274.6617347882375
2385851.0	274.9855736203343
2416244.0	276.02322274881516
2446637.0	276.3495867768595
2477030.0	277.1435779816514
2507423.0	276.01679240691163
2537816.0	277.80226757369616
2568209.0	274.11231732776616
2598602.0	277.20814371257484
2628995.0	276.34580098800285
2659388.0	281.53949691085614
2689781.0	274.2013719849524
2720174.0	275.3428763140237
2750567.0	276.1695032198712
2780960.0	278.6380471380471
2811353.0	275.6564225690276
2841746.0	278.49291975724884
2872139.0	273.3912759353047
2889645.5	281.31161853593017
2904842.0	280.0857904085258
2932925.0	275.2402347702894
2963318.0	278.280260707635
2993711.0	277.28276670574445
3024104.0	277.2367027980842
3054497.0	275.54442075337596
3084890.0	274.2038814246108
3115283.0	277.2587412587413
3145676.0	274.77027639329407
3176069.0	275.57532246288633
3206462.0	269.9731985940246
3236855.0	274.8673763583943
3267248.0	277.1298641492056
3297641.0	284.9842449991149
3322340.5	271.43364293085654
3337537.0	214.8932131495228
3358427.0	226.1095995401418
3388820.0	218.14684122393058
3410819.5	220.44756725815685
3426016.0	272.56718192627824
3449606.0	276.1472217259246
3479999.0	276.4338266384778
3510392.0	277.5314130188251
3540785.0	268.6416514134635
3571178.0	275.1655188791261
3601571.0	277.2819514429684
3631964.0	275.8131222874649
3662357.0	274.8147638697845
3692750.0	277.03795379537956
3723143.0	277.03010327400574
3753536.0	281.09296724470136
3783929.0	276.3779017857143
3814322.0	277.6111236208061
3844715.0	273.89949050486337
3875108.0	276.3397733605796
3905501.0	273.68201013513516
3935894.0	277.86489317134476
3966287.0	275.06769574111956
3987990.0	269.6037893563667
4003186.5	272.0594161715319
4027073.0	277.8445402862184
4057466.0	274.99822182707265
4087859.0	273.5619648490311
4118252.0	274.9397755896496
4148645.0	273.2991888760139
4179038.0	277.1901973541531
4209431.0	277.0473531382622
4239824.0	278.23596112311014
4259839.0	268.8285595682856
4275035.5	266.2732183669229
4300610.0	279.42075763432547
4331003.0	275.18047842802224
4361396.0	275.3575757575758
4391789.0	275.9857358979901
4422182.0	275.38936614813093
4452575.0	279.27414036740464
4482968.0	281.00885803208047
4513361.0	279.18131868131866
4543754.0	275.1723169941697
4574147.0	272.3403153153153
4604540.0	276.3732251521298
4634933.0	275.73596321393995
4665326.0	274.7960243957533
4695719.0	276.48018979833927
4726112.0	277.4937599273882
4756505.0	275.1695988740324
4786898.0	284.18965873836606
4817291.0	272.20699655609934
4847684.0	270.6467259498787
4878077.0	276.0916999764872
4908470.0	278.10054541142995
4938863.0	277.44573925710125
4969256.0	274.3563619446383
4999649.0	277.9236095599732
5030042.0	272.98842750170184
5060435.0	274.91601652134005
5090828.0	274.1788634505315
5121221.0	275.99350503919374
5151614.0	274.2563283922463
5182007.0	271.30041152263374
5212400.0	274.9343844191978
5242793.0	277.00151247794304
5273186.0	281.2260027039207
5303579.0	279.66264791248045
5333972.0	273.26133909287256
5352383.0	275.385831381733
5367579.5	272.41217547000895
5394758.0	275.71385237613754
5425151.0	279.327743902439
5455544.0	269.96795277250686
5485937.0	274.2405910875087
5516330.0	279.50394248608535
5546723.0	280.0039952996475
5577116.0	268.9860118595104
5607509.0	276.09280742459396
5637902.0	275.2821376986038
5668295.0	278.4825970548862
5698688.0	277.2554112554113
5729081.0	272.55514059753955
5759474.0	275.06573426573425
5789867.0	273.10601719197706
5820260.0	273.12235996326905
5850653.0	275.3630794363896
5881046.0	277.0373917848591
5907241.5	271.2352285395764
5922438.0	273.9965472593871
5941832.0	278.29707325325666
5972225.0	277.1702348784037
6002618.0	275.9640969162996
6033011.0	280.4736842105263
6063404.0	273.82160278745647
6093797.0	278.66295201273596
6124190.0	272.95451505016723
6154583.0	276.89995410738874
6184976.0	276.6013368345667
6215369.0	280.034018786494
6245762.0	277.7265144863916
6276155.0	275.4728752260398
6306548.0	276.4643962848297
6336941.0	274.7072033898305
6367334.0	275.37516059957176
6397727.0	275.75548090523336
6428120.0	278.59658963428313
6458513.0	273.8446153846154
6488906.0	277.32306639288157
6519299.0	272.9997680352586
6549692.0	276.704979253112
6580085.0	276.9673487157161
6610478.0	280.75364344180474
6640871.0	277.7615371706662
6660029.5	266.5301743406348
6675226.0	269.2875236294896
6701657.0	276.9593701399689
6732050.0	279.94513154935913
6762443.0	278.0986183897094
6792836.0	277.8649935093033
6823229.0	275.5783105534394
6853622.0	271.99861207494797
6884015.0	274.27597402597405
6914408.0	275.21894189891356
6944801.0	280.80561769823515
6975194.0	273.9249256122682
7005587.0	276.8831265508685
7035980.0	275.1092081850534
7066373.0	275.7611779879622
7096766.0	276.1483991586819
7127159.0	276.748031496063
7157552.0	277.2564491654021
7187945.0	272.4577319587629
7218338.0	281.6680190930788
7248731.0	274.5883351007423
7279124.0	278.2381259402536
7309517.0	279.79153981733697
7327760.5	264.76895734597156
7342957.0	273.0819160013884
7370303.0	276.72804190169217
7400696.0	277.8917458945549
7431089.0	280.1464984552008
7461482.0	273.6776625824694
7491875.0	272.762569213732
7522268.0	275.50611518790305
7552661.0	272.6587595212187
7583054.0	276.6682253916296
7613447.0	278.06485207100593
7643840.0	279.93436474449135
7674233.0	279.29073192839337
7704626.0	277.60654268429306
7735019.0	271.6225501498732
7765412.0	275.21647976596785
7795805.0	278.42072551390567
7826198.0	259.1129167364718
7856591.0	275.34769905040173
7886984.0	276.3744364292155
7917377.0	272.04075173095947
7947770.0	278.76557452699586
7978163.0	278.6146983857264
8008556.0	273.07458107151285
8038949.0	274.53398738612475
8069342.0	273.67481777568776
8099735.0	277.47207118141375
8130128.0	276.0669585372135
8160521.0	278.10540419830284
8190914.0	273.3061043285239
8221307.0	281.5246022031824
8251700.0	277.16931340495097
8282093.0	278.5095039406583
8312486.0	273.6679528838343
8342879.0	275.94510076441975
8373272.0	276.9001636661211
8398726.5	277.06485424172945
8413923.0	273.8436073059361
8434058.0	278.7424907781486
8464451.0	276.5187376725838
8494844.0	276.88611435239204
8525237.0	278.69864918553833
8555630.0	276.77005960568545
8586023.0	270.46195982958005
8616416.0	276.6156812339332
8646809.0	273.5211904761905
8677202.0	275.76335530802453
8707595.0	278.6539674836205
8737988.0	274.5112547359037
8768381.0	270.23621722073096
8798774.0	277.47277639235244
8829167.0	282.9955078612428
8859560.0	276.7976245924546
8889953.0	274.19295454545454
8920346.0	271.4751886576721
8950739.0	275.46736111111113
8981132.0	276.2063887630267
9011525.0	280.13142601698706
9041918.0	276.9794139016711
9072311.0	277.20197802197805
9102704.0	281.3771868439468
9133097.0	280.1832245588591
9163490.0	276.9729921819474
9193883.0	275.08323934130385
9224276.0	275.0993666739463
9254669.0	272.6834959694527
9285062.0	281.1850307722851
9315455.0	279.7134020618557
9332033.5	252.00227014755959
9347230.0	274.64438100961536
9376241.0	274.7995373939861
9406634.0	277.9855516637478
9437027.0	272.92729793977816
9467420.0	279.210858881348
9497813.0	277.64420610865005
9528206.0	278.27127796348674
9558599.0	277.79773111272027
9588992.0	279.2842590346835
9619385.0	277.69374858948316
9649778.0	278.6787148594378
9680171.0	272.5675612052731
9710564.0	277.9786388474913
9740957.0	275.36210680321875
9771350.0	277.4225384974335
9801743.0	274.2687099073414
9832136.0	280.14832651095594
9862529.0	273.4453075792568
9892922.0	274.2740830310359
9923315.0	276.85971685971685
9953708.0	275.31723237597913
9984101.0	278.8415102871354
1.0014494E7	277.00850873264665
1.0044887E7	275.99977915194347
1.007528E7	272.6411654135338
1.01041125E7	270.82344405030636
1.0119309E7	258.3795036028823
1.0136066E7	274.3906976744186
1.0166459E7	276.56028509206095
1.0196852E7	278.0432307043442
1.0227245E7	270.83441490475195
1.0257638E7	275.5676876315174
1.0288031E7	277.7327626099028
1.0318424E7	277.6244354110208
1.0348817E7	274.2865275142315
1.037921E7	279.1660658495554
1.0409603E7	272.71850349335136
1.0439996E7	272.8616296947068
1.0470389E7	275.58711671024486
1.0500782E7	278.08073619631904
1.0531175E7	277.52204836415365
1.0561568E7	272.3257033857892
1.0591961E7	277.87733786737914
1.0622354E7	281.05033949894636
1.0652747E7	277.7813184140112
1.068314E7	278.8233364573571
1.0713533E7	275.9942516936974
1.0743926E7	275.2783459315251
1.0774319E7	276.2790413303986
1.0804712E7	274.93051737065736
1.0835105E7	271.5045215562566
1.0865498E7	276.924469273743
1.0895891E7	274.0055142651642
1.0926284E7	273.7772905608124
1.0956677E7	277.92547457229904
1.098707E7	277.4321517272522
1.1017463E7	275.2361179361179
1.1047856E7	280.57745504840943
1.1078249E7	279.0879536851481
1.1108642E7	273.49248473461716
1.1139035E7	275.3504550050556
1.1169428E7	277.38895304080063
1.1196832E7	273.71218979241456
1.12120285E7	280.9957356076759
1.1230214E7	272.2846715328467
1.1260607E7	275.84715025906735
1.1291E7	281.48632218844983
1.1321393E7	278.71838269863656
1.1351786E7	277.8096244131455
1.1382179E7	276.40755800047833
1.1412572E7	274.8192393736018
1.1442965E7	277.0894490296676
1.1473358E7	275.2165921510184
1.1503751E7	275.95828558331425
1.1534144E7	275.78915516824014
1.1564537E7	276.38182223212294
1.159493E7	275.3460347701834
1.1625323E7	276.35125448028674
1.1655716E7	268.7437810945274
1.1686109E7	277.17440490219184
1.1716502E7	274.42839893745474
1.1746895E7	277.495780081987
1.1777288E7	273.08528933302347
1.1807681E7	276.2401123332553
1.1838074E7	277.95435028248585
1.1868467E7	276.08116953960285
1.189886E7	277.20591607429486
1.1929253E7	274.6486172437834
1.1959646E7	278.3951667039606
1.1990039E7	274.90183066361556
1.2020432E7	274.3243693975401
1.2050825E7	274.2932369643779
1.2081218E7	274.58201754385965
1.2111611E7	277.39812646370024
1.21419565E7	271.81453880764906
