# Position (bp)	A	C	G	T	N
0.0	26.591689806711706	22.518638887255545	34.96208476372974	15.926377563104593	0.0012089791984138192
1.0	23.307329001183057	19.80625343738583	12.268522975915548	44.61778907343245	1.0551208311186788E-4
2.0	32.93527801918696	20.21502758108866	13.110776376237393	33.7387885044043	1.2951908269404872E-4
3.0	21.496394955276575	22.665242248363406	9.97079102770701	45.867160483291144	4.1128536186556985E-4
4.0	41.01393766627395	9.501222272544657	9.655812450020317	39.82874630562721	2.813055338680355E-4
5.0	45.55306700434731	10.078708737970318	22.635563197932793	21.7254337709321	0.007227288817475585
6.0	35.12873929158779	13.642617312674735	20.64623457920181	30.582231325538267	1.7749099740305314E-4
7.0	40.55576223962862	15.258566830171741	19.984299873428473	24.201345782903545	2.5273867629634723E-5
8.0	18.662604452524743	32.542160928902604	22.6818829163969	26.113326500251645	2.5201924116502445E-5
9.0	30.079132791872865	19.69954574429365	12.86195673812631	37.359364725707174	0.0
10.0	27.749137921092387	14.892115406504617	27.940908796890344	29.41783787551265	0.0
11.0	27.460961310608422	18.078394285572788	18.034972802794183	36.425671601024604	0.0
12.0	25.456977340471852	20.34486501728692	23.139644130245184	31.05851351199604	0.0
13.0	23.937005874359322	26.18076016609742	18.27407767778315	31.60815628176011	0.0
14.0	33.3351053760962	20.225309440897323	20.100132008905263	26.339453174101212	0.0
15.0	33.165516988368374	18.668068689188264	19.305374188309273	28.861040134134093	0.0
16.0	32.18191136393205	18.315798950954683	18.30350583762108	31.19878384749218	0.0
17.0	32.15037926554957	18.229898284116807	18.42639908396713	31.193298683437238	2.468292926143986E-5
18.0	31.80577508894027	18.260103400532103	18.996479337259196	30.937642173268433	0.0
19.0	31.182742834977155	18.826364698071146	19.067659014945942	30.92323345200576	0.0
20.0	30.924457157716812	18.96794341830564	19.2417503428413	30.865849081136247	0.0
21.0	30.72030661472197	19.101378336398696	19.20097817421843	30.9773368746609	0.0
22.0	30.927925486618975	19.201519472455896	18.95851237137056	30.912018234451395	2.4435103176001406E-5
23.0	31.12762892425757	19.151984068241617	19.08033407722835	30.64005293027246	0.0
24.0	30.81987330921149	19.237299645182066	19.028249621645987	30.914017620660733	5.598032997240413E-4
25.0	30.920445488357878	19.339953908128653	19.019929499404963	30.719671104108503	0.0
26.0	31.079559243637682	19.08941320169508	19.185397405880806	30.645605904228663	2.4244557763507432E-5
27.0	30.834234487544716	19.22801351090084	19.28057042154175	30.657181580012693	0.0
28.0	31.136543224664702	19.17871108466416	19.159922372188458	30.524605968338363	2.1735014432049582E-4
29.0	31.089897791048692	19.069547594507846	19.403647744046648	30.43690687039681	0.0
30.0	30.79665663895772	19.285782004890493	19.31672657464788	30.600449779080797	3.850024231090005E-4
31.0	30.879695149651642	19.504526894101645	18.983358105707367	30.632419850539343	0.0
32.0	30.9939722337081	19.33418270185534	19.105059466989275	30.566617706455553	1.6789099173688507E-4
33.0	30.68956112960001	19.220755960722933	19.347396705425105	30.742046762496045	2.3944175591259515E-4
34.0	30.767333052206414	19.321331891362615	19.27818273440869	30.63140723146403	0.001745090558247298
35.0	30.889336521342063	19.05298286242415	19.389709720777123	30.66400856055295	0.0039623349037069076
36.0	30.954753361817684	19.204720227544257	19.245196483857647	30.592254875505713	0.003075051274692185
37.0	30.84729257563943	19.345408658281794	19.28428997446444	30.52084213784442	0.002166653769918036
38.0	30.97453811290991	19.26303576024353	19.245624459167406	30.514518218357694	0.0022834493214587627
39.0	30.81615514689738	19.296552196117904	19.270650656188188	30.613695403593518	0.0029465972030138935
40.0	30.811546136232256	19.16887951388188	19.292332054095954	30.718386950116866	0.008855345673047818
41.0	31.05008436227316	19.18203345694132	19.13962104462151	30.619081268396798	0.009179867767207093
42.0	30.7579252441709	19.263311129945755	19.34963130241545	30.6194384875151	0.009693835952802158
43.0	30.729708864776285	19.522968281558594	19.22695475492448	30.50945111987837	0.010916978862266091
44.0	31.03962415594102	19.22916378766912	19.217710898796216	30.50034453318593	0.013156624407715273
45.0	30.81281474855231	19.268919082206995	19.342979651551172	30.559821762788157	0.015464754901369624
46.0	30.881666268099746	19.36813121894368	19.129038325754262	30.607742091597295	0.013422095605019864
47.0	30.963890759771438	19.338601822559724	19.183754148085104	30.501166139723278	0.01258712986045053
48.0	30.789856332900413	19.24737443436965	19.2607798706989	30.68417051620606	0.01781884582497362
49.0	30.822594432818107	19.49478418725598	19.06104520056536	30.60567776316361	0.015898416196947884
50.0	30.88396299988024	19.24167011652831	19.279650028431888	30.57882705961455	0.01588979554501056
51.0	30.69146629970687	19.34088617020274	19.344656305079315	30.60444687408692	0.018544350924154313
52.0	30.85565657205584	19.4022177260289	19.201584715810725	30.524526143171283	0.01601484293325037
53.0	30.901780180237864	19.261341607555273	19.366731064796035	30.46240242294529	0.007744724465537507
54.0	30.759854817551314	19.209826286964756	19.241945256569387	30.779667398069332	0.008706240845211273
55.0	30.743312767485186	19.45084881455717	19.224948263952506	30.572094026370976	0.008796127634163877
56.0	30.9655615858339	19.158159037130293	19.281491747452414	30.58804030059703	0.006747328986360756
57.0	30.713671995811136	19.414245332415845	19.272203750236187	30.59741128981465	0.00246763172218133
58.0	30.626746257520377	19.439163107294714	19.304454749479806	30.627498030706647	0.0021378549984576905
59.0	30.908362866047124	19.254930143095685	19.242717808167704	30.592462640823488	0.0015265418659978064
60.0	30.703563410908625	19.403894400689683	19.339940920507516	30.551145645364336	0.0014556225298437836
61.0	30.721949657902048	19.285255615888968	19.40539827561604	30.585800494183207	0.0015959564097364608
62.0	30.9599486047687	19.27593354472704	19.158051129620443	30.605433196758046	6.335241257719022E-4
63.0	30.657008448243424	19.378554213588973	19.219648229913076	30.744789108254526	0.0
64.0	30.763140200049584	19.29942073383096	19.127463182861096	30.809928977216096	4.690604227219436E-5
65.0	30.911576703379772	19.302446305500496	19.17695866926833	30.60897142811589	4.6893735512766584E-5
66.0	30.77042089724869	19.266629050206255	19.293891997938047	30.669011170775995	4.6883831009106476E-5
67.0	30.85295329506138	19.529852170012223	18.99425733208521	30.622937202841193	0.0
68.0	30.942829237566947	19.296374267251803	19.433105502617927	30.327690992563323	0.0
69.0	30.751636643859126	19.357746296713263	19.341556168848744	30.548545430646858	5.15459932010835E-4
70.0	30.82842980039222	19.338150146151325	19.192385371888765	30.641034681567692	0.0
71.0	30.961700504801932	19.271608457921342	19.270202911682734	30.49630071942884	1.874061651474664E-4
72.0	30.832072298300766	19.31606613289357	19.3495635959878	30.502297972817864	0.0
73.0	30.707781248499373	19.464704635345846	19.189350311369406	30.63816380478538	0.0
74.0	31.024217037426755	19.16273637390495	19.208836400656082	30.604210188012214	0.0
75.0	30.7362122423126	19.378781390755346	19.21101109129871	30.67399527563334	0.0
76.0	30.749355397362656	19.341756875117273	19.15386343442786	30.755024293092216	0.0
77.0	30.83956844829206	19.361592628849085	19.237487663877467	30.56135125898139	0.0
78.0	30.567847937933006	19.47057145092696	19.102073288263956	30.859507322876073	0.0
79.0	30.36372645371686	19.651372686370127	19.15437787208721	30.830522987825802	0.0
80.0	30.710159478067517	19.390438345026986	19.090062406498618	30.809316340146463	2.343026041562939E-5
81.0	30.474780417308466	19.58437878386305	19.087811751648996	30.85300561315249	2.343402700396668E-5
82.0	30.503993825327363	19.784383356603986	18.921349568178403	30.790249811260434	2.343862981520281E-5
83.0	30.81827057983738	19.631883144055053	18.753681930439207	30.796070575852163	9.376981619943903E-5
84.0	30.437674785146307	19.709351660387085	18.91380740227331	30.938931678952674	2.3447324062417715E-4
85.0	30.57394485945141	19.798505974927586	18.824762820587996	30.802645620536396	1.4072449661674857E-4
86.0	30.671091329517196	19.653075591874117	18.93621827857125	30.73945058768083	1.6421235660449195E-4
87.0	30.240748266693195	19.829902698299026	19.05260129766887	30.875809165900947	9.385714379571429E-4
88.0	30.243495314617462	20.198709225577595	18.85317851675946	30.704382239717532	2.3470332795236834E-4
89.0	30.36708178724493	20.183828492477236	18.953093213723513	30.495973029096785	2.3477457532214005E-5
90.0	30.30550975321692	20.093700586022038	19.132552111527605	30.46732163293316	9.159163002805757E-4
91.0	30.410627945554076	20.13932627876485	19.11699098840467	30.332350003888052	7.047833883495077E-4
92.0	30.519897439995113	20.26380294566247	19.16168241650549	30.053912156556766	7.050412801669538E-4
93.0	30.336364102291625	20.11096310179462	19.177869634459828	30.374662100686358	1.4106076756806066E-4
94.0	30.23389874916418	20.338906114285322	19.298804717158415	30.128061146851554	3.2927254052815785E-4
95.0	30.507942147797717	20.08193336384461	19.4601386655121	29.94998582284557	0.0
96.0	30.354643386294207	20.305802061279053	19.366663512272243	29.972679177842405	2.1186231209578435E-4
97.0	30.361807677126222	20.22977493530485	19.557152640984555	29.85086437617108	4.0037041328589183E-4
98.0	30.40131013113093	20.09849546991529	19.578283869599538	29.92167489425875	2.3563509549112246E-4
99.0	30.27117352616113	20.049098100012447	19.71010761692449	29.969054947624922	5.658092770089058E-4
100.0	30.141512983326173	20.210482665113616	19.732749854401533	29.91478273217501	4.717649836686757E-4
101.0	30.15550762362383	20.17846475842613	19.74526006088703	29.920153919245735	6.136378172714028E-4
102.0	30.086467581446367	20.097625831407697	19.83379521009981	29.98154460879412	5.667682520040571E-4
103.0	30.059490755728252	20.239357189813223	19.9303719968109	29.76992937953902	8.506781086022934E-4
104.0	30.208392939817823	20.2021410570411	19.857105226942874	29.73224254846037	1.1822773783519337E-4
105.0	29.8256963791926	20.224373733162267	20.08301321746851	29.866751031808718	1.6563836790363823E-4
106.0	29.806502579894563	20.23279555238445	20.125569313782858	29.835037831112516	9.472282561977736E-5
107.0	30.04667474994146	20.094103159397566	20.225709174643292	29.632707116536615	8.057994810651342E-4
108.0	29.79312850880657	20.128159423187718	20.32972493589301	29.748441591186335	5.455409263616998E-4
109.0	29.866192264761082	20.226318955518174	20.161582466500587	29.745241618796797	6.646944233562225E-4
110.0	29.98392059477879	20.13321170614917	20.204496198041625	29.67811012456015	2.6137647027234717E-4
111.0	29.9296292191431	20.12823616879284	20.11677249555604	29.825100497409256	2.6161909876501514E-4
112.0	30.07869254438433	20.017045488361575	20.185714880877985	29.718261407800217	2.8567857589229916E-4
113.0	30.379055610919725	19.85904740203263	20.273305409451613	29.48859157759603	0.0
114.0	30.294272640744797	19.92007492260003	20.328602619045117	29.456978217265995	7.160034406352E-5
115.0	30.037576130444936	20.319147334236344	20.177313635323905	29.465915096254026	4.7803740786127735E-5
116.0	30.372166591933457	19.952833090859382	20.34193256008203	29.332445312887156	6.224442379738387E-4
117.0	30.142693322065718	19.890927281177113	20.502860628930698	29.46335090461485	1.678632116261101E-4
118.0	30.082389274550692	19.922678691436772	20.58384409303344	29.4108477530176	2.4018796149114448E-4
119.0	30.26592458437104	19.76828613441011	20.609720655767994	29.35597239276792	9.623268292870698E-5
120.0	30.04362019942246	19.85060063624137	20.898319221010375	29.207363550420602	9.639290519299907E-5
121.0	30.009152930229373	19.944213240337692	20.93324155454468	29.112498952760884	8.933221273718004E-4
122.0	30.163560693954842	19.769212309579956	21.004505345743677	29.062020109556542	7.015411649840968E-4
123.0	30.0049276140047	19.7056811050847	21.153934250165243	29.13390578974043	0.001551241004923009
124.0	30.035815554266833	19.688719411797276	21.220448767826422	29.053267744338918	0.0017485217705531448
125.0	30.019530741513666	19.689211327392115	21.33641659677498	28.953259799252105	0.0015815350671337304
126.0	29.93251177929453	19.717686994396015	21.45656367620769	28.88933691963799	0.003900630463777648
127.0	29.82362592388951	19.813804159240092	21.52258602837491	28.836857338196747	0.003126550298744323
128.0	29.910508545926017	19.599546240514552	21.627048372865964	28.860278056176597	0.00261878451686485
129.0	29.692424912348592	19.699342856603348	21.7128300277527	28.893832729944396	0.0015694733509555763
130.0	29.822896535455705	19.658152840965634	21.822390350041957	28.69604425927996	5.160142567367504E-4
131.0	29.724181163598868	19.536498684947237	22.022788010343145	28.7164336537292	9.848738155045729E-5
132.0	29.65866475870917	19.610826014013618	22.14474982729695	28.58519194710352	5.674528767393664E-4
133.0	29.509892463175984	19.657875810877396	22.268654413875236	28.563478420815425	9.889125596097947E-5
134.0	29.600771030844953	19.520756759837024	22.490687300165625	28.38671953876895	0.0010653703834466218
135.0	29.505930443539373	19.489797134438284	22.608928388764582	28.394648846038873	6.951872188836683E-4
136.0	29.381819846574604	19.604483731891705	22.69501128596281	28.317739662495967	9.454730749172961E-4
137.0	29.584491692851056	19.312272946365407	22.761854914582077	28.34075705781628	6.233883851772205E-4
138.0	29.30951837080704	19.291134318048112	23.01775375665972	28.380743829371198	8.49725113925645E-4
139.0	29.302223754110546	19.572172313389615	22.959604906406746	28.1657735846788	2.2544141428917818E-4
140.0	29.38049084366627	19.345320820066423	23.26911232286619	28.004900251164237	1.7576223688079277E-4
141.0	29.266566886012935	19.37851554378191	23.296391333481342	28.058400378179755	1.2585854405829366E-4
142.0	29.243695824676387	19.330154240036183	23.480743720054033	27.945305259587254	1.0095564614642204E-4
143.0	29.16712447790531	19.25019886307537	23.68814927971313	27.892502039264254	0.0020253400419346654
144.0	28.936496608055833	19.261772751170227	23.82353762886467	27.978142215291307	5.079661796117615E-5
145.0	29.00659124827851	19.257641988194184	23.926583069766682	27.80918369376062	0.0
146.0	29.194965226790824	19.026447525487285	24.00830108181609	27.7702861659058	0.0
147.0	28.93410000598641	19.084735493806136	24.300132526613698	27.680954563188564	7.741040519702497E-5
148.0	28.827119899090803	19.16359695957663	24.318390922169023	27.690734449936272	1.5776922726999022E-4
149.0	28.228276512059576	19.41782602551984	25.53605799240798	26.817812032272272	2.7437740337456767E-5
