# Position (bp)	A	C	G	T	N
0.0	25.606468248912016	23.306282086978225	35.14566371684509	15.940362462581032	0.0012234846836322044
1.0	22.60488923644911	19.788610320154127	12.392809399171778	45.21348953840558	2.0150581940410364E-4
2.0	31.831884916243347	21.2395499153859	13.8070765544261	33.12124103538673	2.47578557914319E-4
3.0	20.731758680043143	24.238699158319207	10.610481194803569	44.41865126220981	4.097046242705414E-4
4.0	40.329104943179736	10.196218506240646	10.269271387621458	39.20494848051149	4.5668244667620804E-4
5.0	44.175567924524934	10.667529799263221	23.901953592497176	21.24666806625338	0.00828061746128933
6.0	34.61555952195805	14.184132602636328	21.46377406631977	29.7363072397167	2.2656936914834032E-4
7.0	40.904131277645064	15.386116036188616	19.99666629446205	23.713054119627426	3.2272076843687614E-5
8.0	18.946789349339657	32.58950967543191	23.085325767948326	25.378262544117685	1.1266316241312263E-4
9.0	29.81565841338778	20.321505522925765	13.281210234701666	36.58162582898479	0.0
10.0	27.288565590749453	15.324619107748827	28.913175054236955	28.473640247264765	0.0
11.0	27.07885942117375	18.713431688127326	18.813251918989586	35.394456971709346	0.0
12.0	24.698263690013704	21.07109410024745	23.992571662872194	30.238070546866645	0.0
13.0	23.293587185995378	27.16573565455037	18.828407113449515	30.71227004600473	0.0
14.0	32.43608786695655	21.044168193160978	20.63417197688575	25.88557196299673	0.0
15.0	32.39786834716966	19.468707784999285	19.775348192220534	28.358075675610518	0.0
16.0	31.462508974305187	19.01435018114838	18.834112095899012	30.688981255080822	4.749356660062423E-5
17.0	31.504981629992496	18.796934381543082	19.065681665547345	30.632354916446097	4.740647098328922E-5
18.0	31.116039085966698	18.884347363444945	19.597322867757487	30.402290682830873	0.0
19.0	30.664693881631955	19.461481330209672	19.536570814863406	30.337253973294974	0.0
20.0	30.449009731053746	19.5247733842666	19.680518654225068	30.345698230454587	0.0
21.0	30.120458675304473	19.767957280013583	19.75592255284336	30.355630110542187	3.138129640215006E-5
22.0	30.35951273461899	19.772973289620854	19.514454423382322	30.35304388931414	1.5663063692125568E-5
23.0	30.576478215224245	19.685716546322066	19.682464130386855	30.055341108066834	0.0
24.0	30.20685359617108	19.819933874286214	19.57494403666574	30.39769090755825	5.775853187178231E-4
25.0	30.334513445896476	19.868076526647908	19.56576553607956	30.23164449137606	0.0
26.0	30.590797549543762	19.627017498169252	19.779202548469506	30.00273348122447	2.4892259300798213E-4
27.0	30.25849859181924	19.80663355413703	19.75419856552409	30.180669288519642	0.0
28.0	30.524993227849563	19.784944102429957	19.629963807953445	30.059974815508326	1.2404625871056705E-4
29.0	30.575065568608554	19.64637071443234	19.870330355564374	29.908233361394725	0.0
30.0	30.212600784105675	19.843667346521716	19.822319465094125	30.121165071836163	2.473324423182099E-4
31.0	30.35482293431602	20.02434992763252	19.548296029915186	30.072531108136282	0.0
32.0	30.478557851946743	19.834746161162574	19.69851965241198	29.988006764308256	1.6957017044885223E-4
33.0	30.151982561952174	19.802759792738456	19.80049691047299	30.2444066784275	3.540564088828135E-4
34.0	30.235103980701343	19.88741118438398	19.690990296712837	30.184788134622636	0.001706403579204567
35.0	30.3422637828098	19.652070818406006	19.894132274318302	30.107479831026794	0.0040532934390997265
36.0	30.330482311857885	19.79854212963176	19.80312768864821	30.064688588399303	0.0031592814628393353
37.0	30.33952484171911	19.86841129559596	19.730078302388048	30.059273749487513	0.002711810809369812
38.0	30.466358568342365	19.749576098199185	19.809213957402097	29.97215726332028	0.002694112736065888
39.0	30.26199166894176	19.81782405973523	19.798323234965054	30.118419714339684	0.0034413220182665373
40.0	30.34454659436091	19.679218085486827	19.73348713895262	30.234403798436393	0.008344382763256107
41.0	30.482226374865828	19.675712028469686	19.751287291520924	30.081657628634854	0.009116676508706885
42.0	30.186858486988726	19.87884068541991	19.798820604102787	30.12556163980129	0.009918583687286892
43.0	30.230943899377742	20.03108305950384	19.679980505993296	30.04715067125776	0.01084186386736146
44.0	30.504724727189824	19.80260198303219	19.775034470819584	29.904517963228688	0.01312085572971464
45.0	30.20028969840571	19.849275198103484	19.809480122184436	30.12548165672399	0.015473324582376342
46.0	30.299823235847946	19.860570482593687	19.635037507395616	30.19121975484381	0.013349019318938211
47.0	30.440835993931298	19.812343602554357	19.76845457531319	29.965328429121197	0.013037399079958201
48.0	30.203308414449204	19.773564858078526	19.7822620889228	30.222709929409504	0.018154709139968552
49.0	30.273750593464683	20.024075973206095	19.608893854775772	30.07709417805825	0.016185400495197268
50.0	30.38212258052854	19.75348341460073	19.8112802010994	30.036800072181425	0.016313731589900737
51.0	30.129198770258476	19.91950506699055	19.804349641325388	30.128272668615026	0.018673852810566667
52.0	30.35277293845028	19.926501907481565	19.65096751902057	30.05358186359151	0.016175771456075877
53.0	30.381119803911457	19.76819142901346	19.856755863089912	29.984983937363303	0.008948966621871274
54.0	30.203360453720684	19.81763783366809	19.790802477221785	30.179026698299033	0.009172537090404526
55.0	30.20957931833491	19.98161757741493	19.76124066955663	30.03807571042456	0.009486724268965303
56.0	30.35041671766818	19.760610030552428	19.818963835184135	30.062889404088285	0.007120012506983671
57.0	30.139815651775177	20.02854252173967	19.783202223191072	30.045486615316978	0.0029529879770987455
58.0	30.11887725806161	20.002252592866093	19.78477444021629	30.091688704382157	0.002407004473849259
59.0	30.400427245075868	19.767015838728	19.806347446555396	30.02451453309719	0.0016949365435431467
60.0	30.148790032394597	19.941746306724013	19.88710226680482	30.02081828995925	0.001543104117319483
61.0	30.183511561447673	19.894704125701676	19.807466750959833	30.112895870970963	0.0014216909198567118
62.0	30.438008687138275	19.804497805533607	19.695383114894774	30.06149042260017	6.199698331751906E-4
63.0	30.044957212187217	19.973350402298866	19.79154414977231	30.190118000209836	3.0235531768926762E-5
64.0	30.189276402796146	19.918533912714906	19.69479690156811	30.19737766861893	1.5114301908180616E-5
65.0	30.416112530462065	19.79383337637475	19.81585023218943	29.974188749885343	1.5111088410898297E-5
66.0	30.154125669421905	19.869487655805646	19.870937994399277	30.105342926517388	1.0575385578558194E-4
67.0	30.310776700832886	20.07248118224714	19.56745714848039	30.04926986378776	1.5104651824936482E-5
68.0	30.352078504727658	19.87399349670161	20.000111756091425	29.773816242479306	0.0
69.0	30.141255495685293	19.94845426206665	19.889352428732007	30.0203489091982	5.889043178464585E-4
70.0	30.215454661848117	19.963746146933488	19.77796251292408	30.04283667829431	0.0
71.0	30.3960052398316	19.842971117972148	19.895961232371917	29.864820859445306	2.4155037903028694E-4
72.0	30.175151447080477	19.97837893653715	19.899047356801592	29.94742225958078	0.0
73.0	30.147969839907546	20.040489222122332	19.682321140521903	30.129219797448215	0.0
74.0	30.483575831036276	19.7515598088118	19.799521410545122	29.965342949606804	0.0
75.0	30.164576791859883	19.9277756416324	19.81381266322075	30.093834903286957	0.0
76.0	30.222571112629122	19.927492857601134	19.678103310978347	30.171787430132806	4.528865858767318E-5
77.0	30.18374046628944	19.9350525639156	19.850618783519515	30.03058818627544	0.0
78.0	30.01075494132488	20.039758862258854	19.732222492622206	30.21723351024739	3.0193546672882513E-5
79.0	29.840857156445544	20.222351563685447	19.73055707166901	30.206219109974718	1.5098225279109568E-5
80.0	30.189283822448417	19.94057775718784	19.76446431494393	30.10565900523614	1.5100183678634268E-5
81.0	29.971602707317302	20.09670241648819	19.676511887024564	30.2551376839806	4.5305189346998185E-5
82.0	30.050325669112087	20.27472417095714	19.50492374118236	30.16999621035734	3.0208391075414192E-5
83.0	30.289855794963177	20.071551875336223	19.466388338875266	30.172007602348987	1.9638847634719853E-4
84.0	29.901418730139063	20.23787037862521	19.51709683902271	30.343266509416146	3.475427968733237E-4
85.0	30.03965872937905	20.24126230833755	19.460133455251682	30.2587792547363	1.662522954152151E-4
86.0	30.13278480752416	20.148618365597066	19.594307779939847	30.12401694072801	2.721062109149662E-4
87.0	29.770017634657613	20.359297643778103	19.650327858268337	30.219585734479786	7.711288161615295E-4
88.0	29.82116703760323	20.593406746306613	19.45434213559037	30.130736232950177	3.4784754961062245E-4
89.0	29.90660101204929	20.584628650525314	19.594196978979934	29.91449771948535	7.563896011557633E-5
90.0	29.877975885119735	20.496013893037773	19.74892716657269	29.876205358129187	8.77697140614043E-4
91.0	29.90797151316122	20.55547095230728	19.680402567484883	29.855443492414015	7.11474632599041E-4
92.0	30.058383980483654	20.574753982429534	19.868679580144146	29.49759187848621	5.905784564550604E-4
93.0	29.8255906957467	20.562419789352752	19.777491574473654	29.83425556642199	2.423740049032261E-4
94.0	29.70775958715431	20.765926713040177	19.7571346176519	29.768709305606617	4.697765469969004E-4
95.0	30.000133411682377	20.582966602810984	19.828629661904476	29.588149040254553	1.2128334761444752E-4
96.0	29.700921881874816	20.76007972261795	19.839214021498293	29.69939003794878	3.9433606016718933E-4
97.0	29.70288466353179	20.784083442962988	19.841192527885383	29.671035161910485	8.042037093516752E-4
98.0	29.80674524377729	20.606756174132705	19.897118029621264	29.689001026238927	3.7952622981679514E-4
99.0	29.625019631167948	20.625104990675766	19.99497867379272	29.753727187975304	0.0011695163882660751
100.0	29.603355761096527	20.75760221241473	19.879684221227492	29.75858280971747	7.749955437756233E-4
101.0	29.630888717459236	20.68566657230265	20.02020261606242	29.662436300488675	8.05793687016961E-4
102.0	29.48022733627082	20.701233397536978	20.05464357850485	29.762754807895618	0.0011408797917331545
103.0	29.430800887609088	20.883180173077683	20.04993562094587	29.634865747603666	0.0012175707636908222
104.0	29.638840869968824	20.74670131338345	19.993159588089036	29.620993668811984	3.0455974670374987E-4
105.0	29.306735717505113	20.84594083037148	20.124612708966502	29.722436473909227	2.7426924768250103E-4
106.0	29.352453421201453	20.86514580741641	20.06866691560126	29.713398419209412	3.3543657146011116E-4
107.0	29.4937986030131	20.737555134081724	20.227031350197404	29.540455359569034	0.001159553138734888
108.0	29.23811693469456	20.79263494103244	20.326562322020084	29.641830735201918	8.550670509989473E-4
109.0	29.30552909053208	20.90145328506113	20.153853512007515	29.638323683425995	8.404289732845965E-4
110.0	29.46538660275828	20.741047940310988	20.220186651264548	29.57318000948411	1.9879618207344722E-4
111.0	29.403505506902395	20.780389510630037	20.134051823025516	29.681685843856286	3.6731558576658227E-4
112.0	29.559677330660712	20.718667327776398	20.113589557774876	29.607790066106375	2.7571768163706453E-4
113.0	29.812889098846192	20.52141986129632	20.275404897392058	29.390270809653725	1.533281171107892E-5
114.0	29.706359178608782	20.62650865754153	20.33124693586914	29.335762432504698	1.227954758462834E-4
115.0	29.43920457785156	20.937218988684318	20.146794816919904	29.476750878680264	3.0737863961283815E-5
116.0	29.753136788108115	20.639787965451124	20.332884515380492	29.2734366307166	7.541003436696892E-4
117.0	29.560430398384657	20.610333623629344	20.406520240556812	29.422469157910914	2.465795182730064E-4
118.0	29.627723422583944	20.58669657702715	20.405718936647176	29.37964500789067	2.1605585105480008E-4
119.0	29.676926821541304	20.503181588128253	20.525868030737964	29.2939308357126	9.272387987621362E-5
120.0	29.433806450973886	20.609557851260135	20.67630668621207	29.280205201982934	1.2380957097507465E-4
121.0	29.43980327374853	20.65848854739848	20.719159449144176	29.181711675877875	8.370538309318673E-4
122.0	29.55165724694453	20.44734907872416	20.862782580019505	29.137403733917616	8.073603941906072E-4
123.0	29.388210245719026	20.50974314550526	20.929344990322562	29.171115280863404	0.0015863375897466603
124.0	29.42004244860927	20.4744903300423	20.98194812445942	29.12157177005466	0.0019473268343507205
125.0	29.457632646437155	20.467565865803618	21.07140822949006	29.001692337821527	0.0017009204476385687
126.0	29.314646170746293	20.46817628854845	21.193289339817476	29.019761757277273	0.004126443610506863
127.0	29.261112281028627	20.593740532475127	21.194792831963223	28.9474265163501	0.0029278381829241275
128.0	29.34735028724153	20.35417855697144	21.30629691720176	28.9893982004058	0.002776038179464752
129.0	29.144208091308606	20.567608874208727	21.33701342895549	28.949724212779408	0.0014453927477733096
130.0	29.266143106319912	20.439611907915868	21.39885701407557	28.895120426171676	2.675455169679727E-4
131.0	29.21949256863794	20.345576624254594	21.63681046747455	28.79800997911348	1.1036051943858658E-4
132.0	29.064598983658747	20.447636818631384	21.707133626415143	28.77999879330404	6.317779906869606E-4
133.0	28.985963817446713	20.515962779464147	21.763329848074793	28.734648617584433	9.493742990453092E-5
134.0	29.095124881148987	20.34710361779479	21.9449304870173	28.61190574095979	9.352730791313944E-4
135.0	28.96753747432164	20.372055277056273	22.04558141677036	28.61434938765009	4.764442016343624E-4
136.0	28.913436358237966	20.43348490793665	22.04431910288711	28.6080595172971	7.001136411733013E-4
137.0	29.01876421552615	20.177753162907237	22.17728095276129	28.625707458321713	4.942104836072774E-4
138.0	28.792176740566283	20.207456498222744	22.38863142479063	28.610856770801718	8.785656186284025E-4
139.0	28.84848921381496	20.413472427301794	22.302813491634755	28.434920749250708	3.0411799778313987E-4
140.0	28.926031057151985	20.175759971152598	22.597696827684267	28.300447981644428	6.416236671872373E-5
141.0	28.810740976652944	20.25085600939657	22.567250072426	28.370976096687183	1.7684483730435736E-4
142.0	28.758496667406362	20.2063679539846	22.742536252098432	28.292583011064703	1.6115445897466764E-5
143.0	28.788925736451194	20.093716196060345	22.900354186913344	28.21477385073473	0.002230029840384806
144.0	28.49853741910588	20.216678170779595	22.97249531097327	28.312224272019787	6.482712146349819E-5
145.0	28.601910073459237	20.167863613294116	23.05697615554826	28.17323389594134	1.626175704707307E-5
146.0	28.7077733516782	20.033892583840604	23.170247330575066	28.08805405690667	3.267699946066612E-5
147.0	28.52065168602137	20.074711405820718	23.336429866805215	28.06809194895817	1.1509239453015174E-4
148.0	28.425670615952715	20.15568620532784	23.30829169304229	28.110150634805915	2.0085087124086673E-4
149.0	28.04394070273713	20.38508319590957	24.377474718390353	27.193326876597823	1.7450636511966774E-4
