#Position (bp)	Coverage	Std
15197.0	26.294936334024282	14.131470210174742
45590.0	19.299542657848846	7.9748910902795105
75983.0	19.20491560556707	8.851366655631468
106376.0	21.15279834172342	8.127285851383864
136769.0	20.1236139900635	8.50747279805623
167162.0	25.0830454380943	8.830196037294561
197555.0	22.712335077155924	11.768176632158506
221485.0	24.539474437510734	13.629619626866672
236681.5	32.26667182423024	12.622560230308068
258341.0	24.524232553548515	11.432890539243415
288734.0	20.046129042871716	7.404598936769274
319127.0	21.29365314381601	7.752070313791585
349520.0	21.41976770966999	8.752094099147001
379913.0	20.4917250682723	9.421644264503913
410306.0	22.522390024018687	9.096623578218724
440699.0	22.4434902773665	10.846624421591837
471092.0	22.76066857500082	10.860042017323737
501485.0	22.712203467903795	10.417924413259117
531878.0	20.016122133385977	7.25063518536511
562271.0	21.261112756226762	8.795628290481293
592664.0	19.9336031323002	9.696734031288909
623057.0	19.740598164050933	9.588208109003075
653450.0	21.355674003882473	8.363357225768203
683843.0	20.603132300200706	9.63757411713606
714236.0	19.25492712137663	7.871347747083056
744629.0	20.88484190438588	9.445352698154673
775022.0	18.179251801401637	7.218447087170343
805415.0	20.29062613101701	7.61781632675197
835808.0	19.397854769190275	8.22776283898107
866201.0	21.280755437107228	8.391697698767265
896594.0	19.28894811305235	7.407184600560092
926987.0	19.129865429539695	7.236183605563648
957380.0	20.141414141414142	8.131501142356877
987773.0	19.49198828677656	8.418131384398864
1018166.0	20.63981837923206	9.838374042002393
1038382.5	28.475498007968127	13.522027182471792
1053579.0	31.928806564142878	17.673593806763797
1078952.0	20.67216135294311	9.5967094103789
1109345.0	18.835323923271805	10.004947284099106
1139738.0	19.415918139045175	10.661514153826786
1170131.0	24.040239528838878	8.471765016064529
1200524.0	21.973678149573914	12.461296644376876
1230917.0	22.258151548053828	8.50359865449107
1261310.0	19.54552035008061	9.348050215890563
1291703.0	18.293225413746587	8.50880116695179
1322096.0	21.378277892935873	10.240337312556248
1348657.5	28.59700835899692	13.831669826495185
1363854.0	32.82147983818348	14.712601914546434
1382882.0	22.35323923271806	10.445542938905588
1413275.0	17.431941565492053	7.662863360329739
1443668.0	18.713091830355673	9.07911863325838
1474061.0	18.657717237521798	8.381006661581178
1504454.0	20.79383410653769	9.904829596068158
1534847.0	20.112822031388806	7.744048631777278
1565240.0	18.753594577698813	9.044403635783292
1595633.0	18.970914355279177	10.21983867244024
1626026.0	21.04481295035041	7.710182366061253
1656419.0	20.106603494225645	7.677677458398485
1686812.0	19.43404731352614	9.163244935259527
1717205.0	19.827953805152504	9.807271533664087
1747598.0	19.405521008126872	8.492941942779185
1777991.0	19.947948540782416	9.38079819930332
1808384.0	22.442437403349455	9.63392902324728
1838777.0	21.28631592800974	9.107135684527956
1869170.0	24.160661994538216	11.96320679072569
1899563.0	24.833251077550752	14.1852644912785
1929956.0	20.626887770210246	9.553302437942556
1960349.0	20.35791136116869	8.12532620090349
1990742.0	20.387490540585002	8.808985744996914
2021135.0	21.22192610140493	10.534776167535583
2051528.0	21.431283519231403	8.609532026778979
2081921.0	19.06425821735268	7.140638242246265
2112314.0	19.734938966209324	11.009156492089877
2142707.0	18.64159510413582	9.063573055338829
2173100.0	21.21666173131971	8.876240672249011
2203493.0	20.38505576942059	9.149309668148655
2233886.0	23.736320863356696	11.447591293737469
2264279.0	18.60737669858191	8.671382436439828
2294672.0	20.874543480406672	9.848563813719556
2325065.0	21.968380877175665	10.757928733360036
2355458.0	25.01566150100352	13.16136509916994
2385851.0	21.639752574605996	9.761706933310093
2416244.0	19.24933372816109	8.417670168112164
2446637.0	24.13559043200737	11.485744104712156
2477030.0	22.123416576185306	7.51190064725225
2507423.0	20.391438818148917	8.521816718377648
2537816.0	22.037903464613564	8.251326828633601
2568209.0	23.18004145691442	11.115381504245851
2598602.0	18.815911558582567	9.348474329870752
2628995.0	19.260487612279142	7.698805660236149
2659388.0	21.333826868028822	8.696701258102289
2689781.0	20.371565821077223	9.185200796081196
2720174.0	19.335471983680453	8.182259060934383
2750567.0	19.338959628861907	7.318172877330425
2780960.0	19.55236403119139	8.45890194277319
2811353.0	19.176356397854768	7.1683439144867815
2841746.0	19.600138189714738	8.476216578828
2872139.0	25.0361267397098	12.337207639108243
2889645.5	35.30952380952381	16.854405823730353
2904842.0	23.63333721336282	12.597686427790833
2932925.0	18.022373572862172	7.7601345828612205
2963318.0	17.606422531503966	8.602527979912733
2993711.0	19.431908663179023	8.121940236402766
3024104.0	18.96479452505511	9.303331081039468
3054497.0	20.46777218438456	9.105853048130598
3084890.0	21.742012963511335	10.392467894501397
3115283.0	21.768630934754714	9.40431922138797
3145676.0	20.667324712927318	9.445732385409766
3176069.0	21.309018524002237	8.859394029336233
3206462.0	22.54473069456783	8.97519402875404
3236855.0	22.03217846214589	8.884341860069272
3267248.0	18.153719606488337	7.527894801654057
3297641.0	22.532820057250024	9.659637197841999
3322340.5	31.221982531832055	13.867666154750278
3337537.0	0.0	0.0
3358427.0	0.001875431842858553	0.04292469603650032
3388820.0	0.030664955746388972	0.24145993185988057
3410819.5	0.005438777010142584	0.10429551294415867
3426016.0	30.730684458211712	12.786743298968712
3449606.0	23.242062316980885	9.191764441276122
3479999.0	21.67630704438522	9.286288431404875
3510392.0	21.575132431809955	10.314496572078513
3540785.0	21.785838844470767	11.050907705525661
3571178.0	20.811206527818907	9.896202328059104
3601571.0	21.144737275030433	8.070138445996946
3631964.0	18.575198236436023	8.902105997944041
3662357.0	21.4329944395091	9.165366783580675
3692750.0	20.68752673312934	10.197990632012221
3723143.0	21.553910439903927	9.195559762725177
3753536.0	18.35511466456092	7.814370724927557
3783929.0	21.531142039285363	10.404199132531977
3814322.0	21.27924193070773	9.176214282833202
3844715.0	21.182871055835225	9.297265574998178
3875108.0	25.00529727239825	13.234397522903299
3905501.0	21.890501102227486	12.29211968552647
3935894.0	20.047938670088506	7.533657574282904
3966287.0	21.24262165630244	8.815327504575798
3987990.0	29.863521094290324	13.519722977868074
4003186.5	25.141944764096664	11.7401012340201
4027073.0	19.31135458822755	8.114107823034347
4057466.0	19.043628467081234	6.9350218705742135
4087859.0	21.31448030796565	10.284152580292597
4118252.0	21.5655907610305	9.156795593298963
4148645.0	22.60382324877439	10.579619027271962
4179038.0	22.250945941499687	9.34804845604143
4209431.0	18.505280821241733	8.620960623018359
4239824.0	23.512354818543745	9.681898081589038
4259839.0	37.37791843934834	14.146265985788132
4275035.5	26.991905954904606	14.417661168011906
4300610.0	20.30941335175863	8.259977201772603
4331003.0	19.286644951140065	8.352492042370901
4361396.0	17.88132135689139	10.573593296582134
4391789.0	19.758332510775507	8.489640587328203
4422182.0	19.775178495048202	9.381827567899686
4452575.0	19.784095021880038	8.985352034258197
4482968.0	20.098147599776265	7.992297150382104
4513361.0	20.442766426479782	9.1358861720391
4543754.0	21.278715493699206	8.90001935319342
4574147.0	20.095153489290297	8.22973807722907
4604540.0	20.521699075445003	8.906772841009904
4634933.0	19.742374888954693	9.131129236832438
4665326.0	20.570262889481132	9.710102245178396
4695719.0	19.989504162142598	9.923135978334843
4726112.0	20.413253051689534	8.855122091030902
4756505.0	20.793537985720395	10.159806242389697
4786898.0	21.524989306748264	9.473932879481236
4817291.0	25.725989537064457	12.782895923487049
4847684.0	24.413911097950187	11.602835946176269
4878077.0	20.769585101832657	9.722643315706435
4908470.0	19.30184581976113	7.904554761883471
4938863.0	20.038462803935115	7.4206204061511585
4969256.0	21.024512223209292	8.051435756492578
4999649.0	21.170598493074063	8.176279396131036
5030042.0	20.618826703517257	9.063431477594314
5060435.0	20.831507254960023	10.51418189522471
5090828.0	24.25831605961899	10.928228752213752
5121221.0	21.280229000098707	8.663653683079001
5151614.0	20.95719409074458	9.689413975955757
5182007.0	21.194617181587866	9.322970402169663
5212400.0	22.12940479715724	8.145218592793594
5242793.0	19.098674036784786	7.756283784368099
5273186.0	18.740170433981508	8.75886021977484
5303579.0	17.87085842134702	9.01010995495185
5333972.0	21.88865857269766	11.50022709524442
5352383.0	30.259138279670243	10.550900999403165
5367579.5	27.26101652478718	12.740657814348262
5394758.0	20.017142105089988	8.201395581309958
5425151.0	20.460270457013127	9.680195367068725
5455544.0	24.27410916987464	10.53994537265382
5485937.0	20.881617477708684	10.002944323564357
5516330.0	21.37054584937321	9.565321595483288
5546723.0	19.729049452176486	9.303976491140327
5577116.0	32.07554371072286	38.8218417004929
5607509.0	19.522949363340242	8.642809391641057
5637902.0	18.849109992432467	8.778505138650807
5668295.0	20.6997992958905	8.884358525374607
5698688.0	20.36751883657421	8.246935402901544
5729081.0	21.057644852433125	8.706959327066643
5759474.0	20.667028592110025	9.874178006660042
5789867.0	20.22044549731846	7.962367893470116
5820260.0	19.973842661139077	10.408061295943535
5850653.0	20.211759286677854	7.8615520682155875
5881046.0	21.234363175731254	9.590940940607092
5907241.5	28.18851713792163	13.930914185136572
5922438.0	27.09446098868374	11.004287431276996
5941832.0	22.085414404632644	8.50799295556082
5972225.0	20.28177540881124	9.326740554056503
6002618.0	20.47557003257329	8.921380176239813
6033011.0	20.22584147665581	8.52059077839354
6063404.0	21.207317474418453	8.726223388861682
6093797.0	20.941335175862864	9.536097555190368
6124190.0	22.130852498930675	9.601035201755552
6154583.0	21.201789885828973	8.247803104209027
6184976.0	20.707959069522587	9.41184527991507
6215369.0	19.36235317342809	8.117148466880234
6245762.0	21.820123054650743	10.178192259459252
6276155.0	20.957786332379165	9.713825451173403
6306548.0	20.369492975356167	9.087301459017457
6336941.0	23.581712894416476	11.059450858662316
6367334.0	22.109169874642188	8.293361840863986
6397727.0	27.279176126081662	12.163994187011399
6428120.0	23.100154640871253	7.720685779898085
6458513.0	21.685914519790742	10.301957389832387
6488906.0	20.773467574770507	9.192467794500557
6519299.0	22.047379330766955	7.491123735496419
6549692.0	23.521797782384102	10.17649983780136
6580085.0	21.458559536735432	9.731145511812363
6610478.0	22.362978317375713	8.784091709834424
6640871.0	25.044122001776724	8.707692393547761
6660029.5	33.959742554265524	18.440283170613675
6675226.0	30.949129912323645	17.49132526615733
6701657.0	20.345342677590235	8.648824104566756
6732050.0	19.769881222649953	9.474547568286793
6762443.0	19.8703319843385	9.726882657918246
6792836.0	22.50360280327707	8.918196838863249
6823229.0	20.93347152304807	10.142689419116127
6853622.0	20.874082848024216	8.743183628471684
6884015.0	19.481558253545224	8.30659217507345
6914408.0	18.246635738492415	7.357944094357682
6944801.0	19.654887638600993	8.80912767709433
6975194.0	21.48034086796302	9.931120328981748
7005587.0	19.550356990096404	8.957145069746295
7035980.0	21.512749646300136	10.059833173423726
7066373.0	22.72753594577699	10.336808188562271
7096766.0	20.83891027539236	10.547899527885486
7127159.0	20.68111078208798	9.349334817372055
7157552.0	23.320271115059388	9.429491473364516
7187945.0	20.33543908136742	8.944058549209537
7218338.0	20.01246997663936	6.938783136387273
7248731.0	19.750074030204324	9.039389268764355
7279124.0	17.27927483302076	7.98616289274654
7309517.0	23.34264468792156	9.905384328722466
7327760.5	36.686412865113226	19.609884950995255
7342957.0	27.53203835548788	13.447269107994282
7370303.0	20.493830816306385	9.282787181697726
7400696.0	20.766097456651202	9.709394030781265
7431089.0	18.930411607936037	9.869355197442866
7461482.0	22.473760405356497	10.438024595234904
7491875.0	22.918270654427005	10.326478887911673
7522268.0	21.833020761359524	10.086639779591302
7552661.0	21.708715822722336	10.347240061774723
7583054.0	21.327180600796236	9.666077810784225
7613447.0	21.03207975520679	6.8166453263861015
7643840.0	20.501003520547496	8.303046333886323
7674233.0	21.564011450004934	10.113726687476078
7704626.0	22.105879643338927	8.169648985389
7735019.0	21.277958740499457	7.844390682067133
7765412.0	20.760800184252954	9.62790263061417
7795805.0	602.8997795545026	581.4397556793143
7826198.0	27.90543875234429	54.25758472278919
7856591.0	19.00049353469549	9.614481723400086
7886984.0	22.259928272957588	8.725902889621283
7917377.0	23.621228572368636	11.262830343644474
7947770.0	22.2156417596157	8.238371180907539
7978163.0	22.462968446681803	12.378227308542387
8008556.0	20.953640640937056	10.652897415299785
8038949.0	20.50564274668509	9.342068335177537
8069342.0	18.70710360938374	10.357067384148344
8099735.0	19.15023196130688	7.808716099085194
8130128.0	17.550488599348533	8.38867420399669
8160521.0	20.382324877438883	9.1786700961156
8190914.0	20.050406343565953	7.301126772189736
8221307.0	18.802388707926166	8.607345785666078
8251700.0	18.787549764748462	8.85312100086333
8282093.0	19.72783206659428	9.890280854514362
8312486.0	21.922416345869113	11.356909929731838
8342879.0	16.868818477938998	8.769865370167569
8373272.0	21.010660349422565	7.559415994463028
8398726.5	33.140280756482746	18.61937635012976
8413923.0	30.51797104383922	16.440014327068354
8434058.0	22.998585200539598	11.566629786623277
8464451.0	20.581054848155826	10.205847000602345
8494844.0	18.89875958279867	9.280750675619787
8525237.0	22.385516401803045	8.643924741439852
8555630.0	22.090843286283025	7.842775681598098
8586023.0	24.519593327410917	13.156766949608652
8616416.0	21.47849833843319	9.48251581295079
8646809.0	19.30549797650775	8.046792136355773
8677202.0	21.688382193268186	9.315319559470206
8707595.0	21.575922087322738	9.807751271139843
8737988.0	22.2955614779719	9.258570083697355
8768381.0	22.76353107623466	13.063753882980409
8798774.0	23.228210443194158	10.14375337683245
8829167.0	18.695949725265685	9.298604961122496
8859560.0	19.228572368637515	8.463356383646486
8889953.0	20.206297502714442	8.308218001592836
8920346.0	18.865988879018197	9.10912792904334
8950739.0	19.409732504195045	8.554646847964174
8981132.0	20.85114993584049	10.152479781858922
9011525.0	19.273878853683414	7.82515266182692
9041918.0	19.836179383410652	9.390892357854344
9072311.0	21.251965913203698	9.195820957780393
9102704.0	19.481064718849733	8.33770490409751
9133097.0	20.637087487250355	9.092824955229059
9163490.0	21.333201724081203	9.117065487210333
9193883.0	22.951172967459613	10.844986253794758
9224276.0	22.31559898660876	10.551735598489335
9254669.0	22.267561609581154	9.5008220893306
9285062.0	21.228045931628994	7.493203140911087
9315455.0	23.93837396768993	10.893971278018753
9332033.5	32.36613603473227	15.198648447032973
9347230.0	27.044192696080206	12.507809280175744
9376241.0	19.55397624452999	8.725105361007873
9406634.0	18.96716349159346	9.166633913851088
9437027.0	23.279176126081662	11.30380617116142
9467420.0	18.46319876287303	8.178761900060373
9497813.0	20.37962688777021	7.53343920233295
9528206.0	17.169216595926695	7.008760634207135
9558599.0	18.848188727667555	8.905304323968425
9588992.0	19.44980752146876	8.047611913682418
9619385.0	20.45638798407528	9.042569966300134
9649778.0	19.708814529661435	8.710006438236109
9680171.0	19.75241009442964	8.876464929889854
9710564.0	19.076497877800808	7.0162419502089985
9740957.0	18.776889415325897	8.442748289739987
9771350.0	20.35791136116869	8.637906617009698
9801743.0	20.333761063402758	7.821070949128427
9832136.0	19.553351100582372	8.250329888944583
9862529.0	22.754022307768235	10.541704291304814
9892922.0	24.714144704372718	12.280708971864918
9923315.0	21.744710953180007	9.683326975143304
9953708.0	22.304609614055867	9.26492194603604
9984101.0	21.99016220840325	10.440744554054707
1.0014494E7	21.435856940742934	8.843720787159356
1.0044887E7	20.84598427269437	9.67784132134169
1.007528E7	20.903892343631757	9.844861485426089
1.01041125E7	24.07366529774127	10.516534565466284
1.0119309E7	43.63985901954502	16.416069681871605
1.0136066E7	28.07281281874116	12.109268743304925
1.0166459E7	22.623959464350342	9.345726926548222
1.0196852E7	21.720560655414076	9.422229190681225
1.0227245E7	23.335504885993487	10.537973848760798
1.0257638E7	21.289310038495707	8.958709760405464
1.0288031E7	22.381864245056427	8.763364935829127
1.0318424E7	21.905734873161585	10.053198082971221
1.0348817E7	21.4465172901655	9.831718338458938
1.037921E7	21.098048892837166	8.724183304448353
1.0409603E7	21.94189451518442	9.880234011266914
1.0439996E7	21.91290757740269	10.243058371073017
1.0470389E7	20.540782417003914	9.179123543047234
1.0500782E7	20.222057710657058	8.003953469877352
1.0531175E7	20.881123943013193	9.931948557318993
1.0561568E7	19.644424703056625	9.110592483672336
1.0591961E7	19.549995064653046	8.932558965932467
1.0622354E7	18.618333168821767	9.119845698391233
1.0652747E7	18.768236106998323	9.496358834438977
1.068314E7	20.140163853518903	8.039676395146552
1.0713533E7	22.111440134241438	10.867796711526998
1.0743926E7	19.904616194518475	9.55564928842947
1.0774319E7	18.318329878590465	7.466315191186089
1.0804712E7	17.416181357549437	7.8514592129391865
1.0835105E7	21.013555752969435	11.428988927796288
1.0865498E7	18.40134241437173	7.920534903753866
1.0895891E7	17.26285657881749	6.645282058128634
1.0926284E7	20.221465469022473	7.931043914420556
1.0956677E7	19.147764287829435	7.101422233813543
1.098707E7	20.403217846214588	8.575768736958976
1.1017463E7	19.30349093541276	7.864175762392882
1.1047856E7	19.42506498206824	8.228084747188502
1.1078249E7	23.122396604481295	8.713802029155238
1.1108642E7	20.631954726417266	9.777061191486204
1.1139035E7	21.71898134438851	9.918129640283897
1.1169428E7	20.590102984239792	9.524345522658326
1.1196832E7	29.741634241245137	16.146246938234796
1.12120285E7	35.92221478755437	19.870187617933983
1.1230214E7	23.156121475339717	9.399628126501966
1.1260607E7	22.315664791234823	9.81746174902811
1.1291E7	18.52985884907709	7.730189644179828
1.1321393E7	19.134011120981803	8.184536740763571
1.1351786E7	19.348863225084724	7.775840295271535
1.1382179E7	18.110782087980784	6.710324917675237
1.1412572E7	20.684269404139112	9.06965155218894
1.1442965E7	21.63754811963281	9.257112946164638
1.1473358E7	18.410226038890535	8.227852814592898
1.1503751E7	18.683710064817557	8.421439284407704
1.1534144E7	19.95936564340473	8.793273168292155
1.1564537E7	20.7360247425394	9.470645180046862
1.159493E7	18.475668739512386	8.306180222092506
1.1625323E7	20.16010265521666	8.14836270828577
1.1655716E7	22.24416806501497	10.581276512212867
1.1686109E7	19.889217912019216	9.996506809352544
1.1716502E7	19.991379593985457	9.790578493456593
1.1746895E7	20.989438357516534	10.164848921061111
1.1777288E7	19.411081499029383	8.920472874853255
1.1807681E7	21.09864113447175	8.591800584180286
1.1838074E7	21.188267035172572	8.396846112906466
1.1868467E7	20.778995163359983	9.442805960671016
1.189886E7	19.598229855558845	8.859891669029098
1.1929253E7	20.26032310071398	8.506708940361062
1.1959646E7	20.669923995656895	8.91936812927273
1.1990039E7	21.323166518606257	9.82463951526848
1.2020432E7	22.013292534465172	9.0814630291514
1.2050825E7	27.152600927845228	14.534296690186062
1.2081218E7	21.57559306419241	10.236620791300583
1.2111611E7	20.586714045997432	9.53467247846211
1.21419565E7	27.61251567760248	15.217450402490586
