# Position (bp)	A	C	G	T	N
0.0	26.17602138816967	22.14893636957058	34.40915493617593	17.26538758249343	4.997235903890661E-4
1.0	23.60238512054456	19.883587633629844	12.460151721155356	44.05375703880116	1.1848586907903897E-4
2.0	32.683217964191556	20.169907806757603	13.487645458426956	33.65905544247499	1.7332814889581302E-4
3.0	21.887219533630788	22.75366564552324	10.39695281951166	44.96193313093561	2.2887039870367806E-4
4.0	40.99362348713521	9.75820895692171	10.324194859316869	38.92374518747039	2.275091558215896E-4
5.0	45.51666562027533	9.943545773399148	22.812349227734913	21.72223570275925	0.005203675831357916
6.0	35.38071849928813	13.619505827421744	20.76030972867741	30.239409581117776	5.6363494942503596E-5
7.0	40.546386607891485	15.26511771145464	20.185777965602583	24.00266151746958	5.6197581705664036E-5
8.0	19.18691092079681	32.30727313092443	22.924725685030577	25.581090263248186	0.0
9.0	30.25050896784845	19.687027431954398	12.64321451729036	37.41924908290679	0.0
10.0	27.80767295759029	14.796634293509307	28.151022370478984	29.244670378421418	0.0
11.0	27.38584053629501	18.162444855953773	18.244276000619866	36.20743860713135	0.0
12.0	25.538099857575308	20.351703836784306	23.163408820090176	30.94678748555021	0.0
13.0	24.020888308905096	26.11649967431489	18.366083397618162	31.496528619161847	0.0
14.0	33.33660794020013	20.24894782441225	19.997136106536836	26.417308128850784	0.0
15.0	33.26352654367146	18.722391627176314	19.20026695831049	28.813814870841732	0.0
16.0	32.24040145896495	18.27509727540289	18.264854845389134	31.21964642024303	0.0
17.0	32.321088477507345	18.052406537766462	18.43414122690403	31.19236375782216	0.0
18.0	31.958973021911586	18.11076599122476	18.962824824989603	30.96743616187406	0.0
19.0	31.291872101268336	18.744023198130463	19.00271215060023	30.961392550000966	0.0
20.0	31.11033444486034	18.813453648000767	19.091675344441988	30.984536562696903	0.0
21.0	30.84968997597238	18.980277306153067	19.065197290270493	31.104835427604062	0.0
22.0	31.032849255451723	19.049982256285265	18.960245826100593	30.956922662162423	0.0
23.0	31.325490618590873	18.95620176749673	19.025133810067487	30.693173803844914	0.0
24.0	30.95673138971955	19.066472250368648	18.95053642971494	31.025820571331288	4.3935886557540914E-4
25.0	31.072781965779228	19.191978498706654	18.990595927792004	30.744643607722118	0.0
26.0	31.363042490187382	18.935790741625073	19.104383015329013	30.59678375285853	0.0
27.0	30.979445826166035	19.060818880038568	19.108369580699236	30.85136571309616	0.0
28.0	31.264143321177514	19.09117084529848	19.040591537052627	30.60409429647138	0.0
29.0	31.23810023885668	18.95106528329978	19.222958245751638	30.587876232091904	0.0
30.0	30.968644992315376	19.079780152030903	19.155970503293567	30.795385728683645	2.1862367650691834E-4
31.0	31.00028071999764	19.29218145653264	18.975688774367754	30.731849049101967	0.0
32.0	31.1108612731874	19.14512860619364	19.048474075464757	30.69548146890873	5.457624547085383E-5
33.0	30.83727469861645	19.05435593582701	19.219773291505412	30.888432456488633	1.6361756249100103E-4
34.0	30.94381640347808	19.166767494765114	19.10725166584369	30.78036588064351	0.001798555269603435
35.0	31.099384957940536	18.862597033070223	19.229378225811722	30.805861963036474	0.002777820141047903
36.0	31.165434528675924	19.02654385565751	19.088649706670964	30.716269337998437	0.003102570997166319
37.0	31.11188596643921	19.08312734995126	19.151721992062388	30.650980016710765	0.002284674836373764
38.0	31.260679265141523	19.05346713572527	19.108429844261455	30.575140437603192	0.002283317268565408
39.0	31.036127741582842	19.092125659536528	19.102394624930113	30.766200651237142	0.0031513227133757897
40.0	31.078459109848616	18.903050599318927	19.15985114365571	30.850982374761543	0.007656772415201246
41.0	31.173602558807133	18.982414985500057	19.072839486740545	30.763055783667255	0.008087185285013577
42.0	31.021926322002706	19.11570995798757	19.139255147390717	30.713940054164784	0.009168518454220339
43.0	30.960588555231823	19.283404614369324	19.095725903403757	30.650574342406006	0.009706584589088822
44.0	31.16804839247337	19.153185919134486	19.13676239826767	30.530132824547472	0.011870465577004902
45.0	31.00221266746707	19.136268675476884	19.16292470862572	30.684669963635102	0.013923984795225318
46.0	30.995923071257437	19.247836974840887	19.047185792704855	30.697247964785042	0.0118061964117828
47.0	31.179814817220787	19.190409991901504	19.080896204965637	30.53870172840148	0.010177257510599506
48.0	30.91734947765095	19.08108125658145	19.125724162039138	30.86161348659468	0.014231617133784777
49.0	31.00317893389689	19.35060390007643	19.004150410037575	30.62978807648265	0.012278679506451175
50.0	31.09151727054172	19.05880711650789	19.17625480308046	30.660821679588434	0.012599130281495933
51.0	30.894351571866725	19.157595328779013	19.227272285004158	30.706240006573093	0.014540807777007794
52.0	31.139259932528567	19.205905668605357	19.115500650883703	30.526418745450705	0.012915002531664721
53.0	31.1050066986473	19.118911793940967	19.213665240503047	30.556690003889535	0.005726263019145166
54.0	30.829941333753858	19.060562381559045	19.18050874323108	30.922668890255828	0.006318651200192691
55.0	30.935070011737913	19.31615588207663	19.1060180830811	30.636330946516367	0.0064250765879927734
56.0	31.070272837930112	19.021626771530283	19.17147306572239	30.731931133320558	0.004696191496654638
57.0	30.859344012286748	19.297936972121143	19.179160013232217	30.661724192454294	0.0018348099055990302
58.0	30.83462145429531	19.423461336138875	19.17722116564831	30.56302350989358	0.0016725340239280271
59.0	31.100159987572106	19.1314605905192	19.138203155088696	30.629475040104776	7.012267152275157E-4
60.0	30.90051426525215	19.30382204351409	19.23840638172115	30.556016946593207	0.0012403629194044532
61.0	30.89311267376294	19.23353976584665	19.268747957870943	30.603898673734903	7.00928784557137E-4
62.0	31.19452806265472	19.123909968344876	19.05776413051916	30.62352829553982	2.695429414250843E-4
63.0	30.787076215229682	19.245803521473704	19.184463947099196	30.78265631619742	0.0
64.0	30.871761652446466	19.21796789783873	19.167363664975188	30.74285289311782	5.389162179290958E-5
65.0	31.06121228287139	19.21137219083338	19.10661698338412	30.620798542911103	0.0
66.0	30.930699556193968	19.096482687685445	19.22164493254547	30.7511189440035	5.387957161430201E-5
67.0	31.017154235116777	19.419001431943876	18.96619901326245	30.597645319676893	0.0
68.0	31.128636690994316	19.16425930843686	19.374659634648935	30.332444365919887	0.0
69.0	30.919427552663752	19.241458803505353	19.28664917940956	30.55176425597466	7.002084466683543E-4
70.0	30.971767417812057	19.294077728467403	19.162555474169505	30.571599379551035	0.0
71.0	31.168026816301975	19.105268741978726	19.1930012209302	30.53359550749388	1.0771329521359816E-4
72.0	30.980613487945767	19.236689073693302	19.19942181900824	30.58327561935269	0.0
73.0	30.85427265574639	19.378236891012126	19.128736779806054	30.638753673435424	0.0
74.0	31.251184772868267	19.027613824360653	19.203121768801267	30.51807963396981	0.0
75.0	30.908944035155745	19.22547499030632	19.193378139675154	30.672202834862784	0.0
76.0	31.071895551548913	19.218693791210804	18.978402900292743	30.73100775694754	0.0
77.0	31.140415361358347	19.16771549098711	19.12667805159408	30.565191096060463	0.0
78.0	31.01210567162861	19.241215619047004	19.05109673819553	30.69558197112886	0.0
79.0	30.88414460084389	19.377779884328806	19.154419645790625	30.583602008357026	5.386067965714445E-5
80.0	31.164947459647426	19.182601492104002	19.130516279187514	30.521880906379657	5.386268140277813E-5
81.0	30.970127746908677	19.27413468504987	19.150831849731066	30.604905718310388	0.0
82.0	30.917915517572986	19.411391071845134	19.070636196087325	30.60005721449455	0.0
83.0	31.17190589751575	19.294651641707087	18.981386191534828	30.552002388015953	5.388122637981738E-5
84.0	30.894121425653704	19.23796138719826	19.12581763626193	30.74204566152957	5.3889356528749434E-5
85.0	31.07124090187635	19.25463428305034	19.063684844499896	30.610386075727646	5.3894845766425125E-5
86.0	31.12232192044434	19.170807383106737	19.050979056186172	30.65583773638199	5.3903880755991145E-5
87.0	30.8649848968495	19.252460091077143	19.190624240192655	30.691661217168907	2.6955471178940663E-4
88.0	30.910427150784187	19.484996961594227	19.011091933477516	30.593376113655246	1.0784048881936771E-4
89.0	30.968469136534864	19.4171118236019	19.11358715143605	30.500777957248754	5.393117842321414E-5
90.0	30.915684643542598	19.381700332177886	19.172079796054213	30.53015763075931	3.775974659973482E-4
91.0	30.995568739569972	19.35553837413262	19.08587516179523	30.562747953381393	2.69771120785703E-4
92.0	31.12158908832064	19.405964531861258	19.17439248089706	30.297838031243607	2.1586767743108831E-4
93.0	30.855671177150434	19.338687902125724	19.152668908323296	30.652918031264793	5.3981135752299996E-5
94.0	30.794176342525397	19.58492077890663	19.12531748911466	30.49542340521114	1.6198424217292142E-4
95.0	31.09547506375698	19.39384152407535	19.071681099525698	30.43900231264198	0.0
96.0	30.83159467673953	19.575364415579084	19.1755904499402	30.41712631668797	3.241410532207195E-4
97.0	30.953084749206567	19.556964658874566	19.182310577587653	30.307423857353687	2.1615697752021474E-4
98.0	30.94155665135408	19.462412440929047	19.252832865018213	30.343035871244517	1.6217145414818362E-4
99.0	30.91843317548718	19.41761852926751	19.258474564814527	30.4048789007981	5.948296326818868E-4
100.0	30.87085569871685	19.586369102259862	19.195327625032927	30.347231200230656	2.163737597050393E-4
101.0	30.958628642674658	19.50932967372523	19.20828866601981	30.323374213508046	3.7880407225200646E-4
102.0	30.85173938770218	19.45556804912155	19.181852484851174	30.510569394420557	2.706839045395315E-4
103.0	30.92342811959262	19.649053446235584	19.1206297540937	30.306292937471397	5.957426066988548E-4
104.0	31.043121888633397	19.52675802372278	19.12153537069827	30.308476354155605	1.0836278995173523E-4
105.0	30.83997098837909	19.481151661609147	19.225402731385564	30.45320358330379	2.710353224073574E-4
106.0	30.863696732428796	19.540675575348608	19.18454160563437	30.410706470661925	3.7961592629811024E-4
107.0	31.0991807281211	19.426672454017687	19.23427920351582	30.239433563018824	4.340513265693669E-4
108.0	30.78445113825185	19.513486019454263	19.312581324060197	30.388830111493693	6.514067399969709E-4
109.0	30.906698296940053	19.585515246508667	19.18106702207276	30.32639357314555	3.2586133296836863E-4
110.0	30.951166087684662	19.498190239738218	19.29143035995781	30.258941617639305	2.7169498000053255E-4
111.0	30.813696498562205	19.514177612567572	19.14343330217972	30.52831200153539	3.805851551129169E-4
112.0	30.91721054318018	19.473744051903147	19.244333973636067	30.364439425022287	2.720062583199914E-4
113.0	31.112313519363067	19.336339595896472	19.323384070364835	30.227962814375626	0.0
114.0	31.065906621165617	19.467713953444036	19.341560199471093	30.124764755386458	5.4470532803516617E-5
115.0	30.776232710655293	19.81848368304467	19.13519482671411	30.270034273455078	5.4506130849597965E-5
116.0	31.087388246818875	19.471875369874326	19.247973565951217	30.191944662164634	8.1815519094924E-4
117.0	30.89135194964819	19.485293315024112	19.345026928962987	30.278000336202698	3.2747016201040483E-4
118.0	30.85014697256184	19.535553596649617	19.315231294723954	30.29879505438149	2.7308168310072236E-4
119.0	30.91545477600063	19.484676834013975	19.335358495185957	30.264509894799435	0.0
120.0	30.832758113336755	19.526485462340137	19.44159721181478	30.19894042835749	2.1878415083854494E-4
121.0	30.783673697284737	19.66467394963595	19.45135232335552	30.099588410236596	7.116194872069974E-4
122.0	30.91464192954786	19.564627877686906	19.408496089309573	30.11152192336833	7.12180087335192E-4
123.0	30.928045318323722	19.467755324036762	19.394615269055613	30.208487536035456	0.0010965525484429501
124.0	30.888159068024244	19.485942717293188	19.44780546158426	30.17655628812011	0.001536464978201403
125.0	30.973387659699032	19.464842460679012	19.46566625312286	30.09473063909269	0.0013729874064103134
126.0	30.809698996471685	19.50831125043355	19.565696558145774	30.113544856457032	0.002748338491964683
127.0	30.854287613170715	19.57908415896057	19.530998983279126	30.033318515323437	0.002310729266156399
128.0	30.822878458396268	19.47792347819	19.619169604934857	30.078211256848235	0.0018172016306355965
129.0	30.658111955374395	19.685151347284346	19.496418541454798	30.159215744637457	0.0011024112490043848
130.0	30.86375681883513	19.59416103016757	19.57479490389491	29.967121724655616	1.6552244677487787E-4
131.0	30.751272371789383	19.455372405203814	19.68872111101599	30.104468420602064	1.6569138874237473E-4
132.0	30.663340509782195	19.661755941027064	19.642902558420605	30.031613971185838	3.870195842967356E-4
133.0	30.67726547615489	19.665031567271	19.695585895856237	29.962117060717873	0.0
134.0	30.72405526807811	19.564154880953303	19.804487012533624	29.90674869471447	5.541437204987737E-4
135.0	30.674374180605053	19.607944309716448	19.78687270340552	29.930420434565747	3.883717072320915E-4
136.0	30.598514795384403	19.720568661827087	19.894275829428114	29.786362959654607	2.7775370578994265E-4
137.0	30.822789140431574	19.490073986886948	19.836284335261112	29.850463162028557	3.89375391808988E-4
138.0	30.61237108922606	19.425481174974387	19.977751001734127	29.983616849298965	7.798847664551508E-4
139.0	30.620487190902914	19.73144357447397	19.89825920359206	29.749698448670443	1.1158236061410468E-4
140.0	30.71381746789758	19.511767115563128	20.046989103870622	29.72737042648424	5.588618443223269E-5
141.0	30.633638585518675	19.58923937053285	19.90022145014852	29.876900593799956	0.0
142.0	30.63800704650932	19.65110857112076	19.973919274318398	29.73696510805153	0.0
143.0	30.684091099619604	19.516066325672305	20.12163044890964	29.676861801636257	0.0013503241621941867
144.0	30.40965601218343	19.602955125228313	20.08477392772887	29.902558509188637	5.642567074605458E-5
145.0	30.544212253711567	19.66030705369276	20.09732864533503	29.69815204726064	0.0
146.0	30.795320697689927	19.49646613409373	19.953250284777795	29.75496288343856	0.0
147.0	30.559286609683987	19.57755913609085	20.104375042369327	29.758779211855828	0.0
148.0	30.49363827463119	19.632404810044754	19.986587647423814	29.887369267900244	0.0
149.0	28.390861173069492	20.106478423944875	22.1453938268682	29.35726657611743	0.0
