# Position (bp)	A	C	G	T	N
0.0	26.584030756263004	22.176316457327385	33.812092878867645	17.42639785302127	0.0011620545206929745
1.0	22.996625904674815	20.05000791365641	12.014489185468928	44.93879706027648	7.993592336383155E-5
2.0	32.12106713445566	20.835493987451628	13.357284978713215	33.68597698456163	1.769148178740579E-4
3.0	21.427875805761925	23.078266710930023	10.407665913916357	45.08591833878916	2.7323060253007635E-4
4.0	40.59860836352895	9.87888672966206	10.118445038204852	39.403729737990865	3.301306132642208E-4
5.0	44.68256672630623	10.528427620466656	23.226493029670888	21.554530187235486	0.007982436320742409
6.0	34.960074829723666	14.117312192434255	21.1358919413803	29.786644003598205	7.703286356767308E-5
7.0	40.31322539199718	15.416073429487339	20.229595743970286	24.0410862411072	1.919343799387115E-5
8.0	19.150655975714002	32.17942690079294	22.86634950505451	25.803548482345136	1.9136093408630034E-5
9.0	30.196193971294495	19.934021915348985	13.07433144141201	36.7954526719445	0.0
10.0	27.779337277228144	15.119320739132958	28.237874521722667	28.86346746191623	0.0
11.0	27.318023037956323	18.627688448106134	18.444108411500224	35.61018010243732	0.0
12.0	25.24118632485041	20.693122982539755	23.252692676861926	30.812998015747905	0.0
13.0	23.951539328962504	26.375460646482274	18.457592190684505	31.215407833870717	0.0
14.0	32.95926685079812	20.599942190410616	20.161565366101648	26.279225592689613	0.0
15.0	33.0017190059653	18.938069732054995	19.34677773318659	28.713433528793114	0.0
16.0	32.030009228329035	18.54085884407162	18.399667847665246	31.02944532697933	1.8752954762434758E-5
17.0	32.0061425930229	18.360332529213423	18.618051275834084	31.015454892764684	1.8709164908940622E-5
18.0	31.6645620833415	18.421646502798488	19.185997567829645	30.727793846030366	0.0
19.0	31.055766208031944	19.02485492293596	19.143058276655818	30.776320592376283	0.0
20.0	30.83272834775667	19.07528349466179	19.29036539022917	30.80162276735237	0.0
21.0	30.57857460275497	19.218355780341838	19.284355491500406	30.918677046913373	3.707848941492554E-5
22.0	30.759741469295086	19.35343646765712	19.0665562479641	30.820247317423	1.8497660693340416E-5
23.0	31.038962069673882	19.187403204828044	19.23380397942936	30.539830746068713	0.0
24.0	30.663798534394477	19.34646803359037	19.212164750516873	30.777145128020877	4.235534774016725E-4
25.0	30.808526620147497	19.44290915825975	19.18730238294382	30.561261838648935	0.0
26.0	31.01783489984713	19.191667146405024	19.343398916316886	30.446952365831237	1.4667159972147064E-4
27.0	30.75555308394091	19.30823530616964	19.403195309916086	30.533016299973365	0.0
28.0	30.98494186977245	19.362784424300735	19.288436583372626	30.363672838103334	1.6428445086005648E-4
29.0	30.935405763477338	19.237861373904764	19.478118580801354	30.34861428181655	0.0
30.0	30.64065034620807	19.39523197722145	19.466887559267636	30.49703016514594	1.9995215690209398E-4
31.0	30.729702045950898	19.630054691006517	19.142559820669522	30.49768344237307	0.0
32.0	30.79045582147234	19.46584236005087	19.299099163042943	30.444475909600527	1.267458333212623E-4
33.0	30.583363015707533	19.369642150742365	19.435440339150716	30.611138850803286	4.156435960977933E-4
34.0	30.629083560066267	19.49965144602554	19.343365795897974	30.52616770090552	0.0017314971047023675
35.0	30.775849063125726	19.199666434664007	19.520773479827472	30.499336217943757	0.004374804439040251
36.0	30.777324101975328	19.34214172921534	19.420845035185536	30.456202392048503	0.0034867415752954656
37.0	30.659906638976224	19.490141067993694	19.41575875077904	30.43144794646483	0.0027455957862103256
38.0	30.827882532936858	19.361042310348523	19.41465732800098	30.39381950733676	0.002598321376873793
39.0	30.677217618115733	19.40026641623636	19.430418979257897	30.48819594262817	0.0039010437618373418
40.0	30.640424496512658	19.308186205293055	19.456697792145615	30.585594947961077	0.009096558087599675
41.0	30.81341385137909	19.330096380329245	19.372489017183387	30.474290606077265	0.009710145031011776
42.0	30.618014384467173	19.435948760149063	19.456450120013177	30.479300400899632	0.010286334470950821
43.0	30.5738026437124	19.632695656137553	19.364759772012345	30.417275240911717	0.011466687225985792
44.0	30.825364629984424	19.38086358665996	19.411455439409277	30.368069789264823	0.014246554681513913
45.0	30.606883456104562	19.43945112004244	19.4581590604883	30.479090278870903	0.016416084493800085
46.0	30.665258599268753	19.515317170139504	19.310638599978702	30.494480139150188	0.01430549146285187
47.0	30.821354904818282	19.459107615867325	19.390115697549785	30.315360977029115	0.014060804735494632
48.0	30.614833460202405	19.37291660281878	19.430082975386572	30.563087884041725	0.019079077550515713
49.0	30.633942103285523	19.64877335984412	19.24622661095248	30.453978361519336	0.017079564398541813
50.0	30.751059090671955	19.373538251499	19.45610797552088	30.401981390421806	0.01731329188636185
51.0	30.535509971842234	19.48183351489658	19.501023557279005	30.463043706823512	0.018589249158668608
52.0	30.65719876138951	19.575932339012596	19.341070941137044	30.40921888368976	0.016579074771097536
53.0	30.728732396453513	19.43663358406107	19.4975894640011	30.328734795874546	0.008309759609769454
54.0	30.58632077442498	19.39609420353601	19.408364053500073	30.599930435592015	0.00929053294692708
55.0	30.567043326178776	19.59849683823042	19.371687258921234	30.453347867937108	0.009424708732459472
56.0	30.69405499119065	19.341911241745194	19.458735481472196	30.49857332182226	0.006724963769697806
57.0	30.553830017397292	19.577929554765415	19.452494512436804	30.4133885106779	0.002357404722585362
58.0	30.52643442554494	19.61166786316049	19.412211199709674	30.447541438159202	0.0021450734256875355
59.0	30.75436586454486	19.421639365003497	19.435591856243654	30.387243135339165	0.00115977886882901
60.0	30.532318069363885	19.52012654150448	19.541922844949774	30.40449091668473	0.0011416274971345149
61.0	30.55232498432795	19.47775516914315	19.523064113472838	30.445662006510375	0.0011937265456871625
62.0	30.783113133303562	19.423897413311316	19.337338140037215	30.45535301461576	2.982987321426535E-4
63.0	30.45648080668826	19.559331279428417	19.407928143145423	30.576259770737906	0.0
64.0	30.569100416851132	19.509386821192344	19.30354739873498	30.617965363221543	0.0
65.0	30.731718431109318	19.48450834806246	19.351556263215684	30.43218190565239	3.505196014942651E-5
66.0	30.589417166816375	19.429881017016918	19.464868282668373	30.515745933934863	8.75995634738553E-5
67.0	30.663313400326263	19.670851418821194	19.189509757318472	30.476325423534075	0.0
68.0	30.744028431986052	19.447521183391423	19.608955137119057	30.199495247503467	0.0
69.0	30.517595835649896	19.537056357930204	19.536338632133667	30.408256437475227	7.527368110007408E-4
70.0	30.591631677602386	19.58718446398037	19.392441662043268	30.42874219637397	0.0
71.0	30.742186563477432	19.415619540551926	19.460069499435715	30.381844396793934	2.799997410002396E-4
72.0	30.58014063644246	19.533504178233986	19.49260989354712	30.393745291776437	0.0
73.0	30.494507801902916	19.64969126945576	19.336218831233367	30.519582097407948	0.0
74.0	30.854046597276195	19.326650216671702	19.41837217839484	30.400913510144534	1.7497512728565634E-5
75.0	30.569314466768994	19.536108305669696	19.40925102763144	30.48532619992987	0.0
76.0	30.542764461567025	19.532378172958765	19.326608611421157	30.598231256641363	1.749741169537496E-5
77.0	30.549365402090494	19.596319750343017	19.42939996545763	30.424914882108855	0.0
78.0	30.309983656702194	19.67837005923242	19.32525402636803	30.686357257594977	3.500010237529945E-5
79.0	30.1160490603327	19.86949425040316	19.323115406035196	30.691341283228944	0.0
80.0	30.43933858250625	19.587716032104225	19.275752080649536	30.69715829391552	3.5010824471656025E-5
81.0	30.24643413925591	19.765717031108395	19.26718637724236	30.7206274346113	3.501778202971469E-5
82.0	30.280503862405673	20.01291146538827	19.087408799202194	30.61915835880773	1.751419613167453E-5
83.0	30.629780688384088	19.794125994681018	18.934048837918237	30.641816722904906	2.2775611174766024E-4
84.0	30.234049891759113	19.866216644420266	19.014362949087523	30.884932363465055	4.381512680448218E-4
85.0	30.28532015061291	20.003829141732247	18.946800177010143	30.763875203642314	1.753270023921616E-4
86.0	30.40250456169732	19.877792291095485	19.092862879667134	30.626629788378988	2.104791610721598E-4
87.0	30.01561849393921	20.102989763315158	19.17512734222575	30.705369508720192	8.948917996853139E-4
88.0	30.040721059600695	20.416949805329917	18.994863743230344	30.547166966174856	2.984256641858132E-4
89.0	30.129959404809952	20.368549669481318	19.109930172901016	30.391437811590126	1.2294121758874338E-4
90.0	30.114602234407943	20.312384133447342	19.275941895131346	30.29615798372605	9.137532873153121E-4
91.0	30.163430661965034	20.38215283863064	19.20587192791708	30.248017114910986	5.274565762582652E-4
92.0	30.325968498243896	20.383520290899114	19.302851905507048	29.98721950867675	4.3979667320204527E-4
93.0	30.03091604222552	20.41268568197494	19.3253606255455	30.23086161083811	1.7603941592938426E-4
94.0	29.962234490713463	20.658485754393308	19.323067470419016	30.05578951651728	4.2276795693685593E-4
95.0	30.265378117366996	20.352859713549158	19.405750593717038	29.975835293586726	1.762817800793127E-4
96.0	30.038723995822398	20.5473050215937	19.41933412369097	29.994354588308354	2.822705845823807E-4
97.0	29.998907104404015	20.56342210858933	19.49678072506472	29.940236796399905	6.532655420258965E-4
98.0	30.098254114241946	20.389358764017842	19.5707423438037	29.941432737765506	2.1204017101039794E-4
99.0	29.9589206288686	20.335447046092757	19.748267933915777	29.95656858773016	7.958033927043928E-4
100.0	29.845252176492483	20.519692723809836	19.715467047879915	29.918844693064518	7.433587532528583E-4
101.0	29.878934607540554	20.46696524845925	19.798601662211205	29.85486076408147	6.377177075252992E-4
102.0	29.805473011993545	20.365606265347445	19.89269799919607	29.93531843335107	9.042901118713255E-4
103.0	29.730058793064952	20.537408298898647	19.97326039012924	29.758136625811233	0.001135892095930347
104.0	29.886440374134366	20.45789478266014	19.965114335119484	29.69030178160998	2.487264760272981E-4
105.0	29.578887907505024	20.492166576610963	20.147921385105345	29.780739557125134	2.8457365353086537E-4
106.0	29.55268112491903	20.50324575313616	20.183406685799202	29.760292521965674	3.7391417992964E-4
107.0	29.67635550088688	20.450321327022667	20.279986808211	29.592462853526573	8.735103528803559E-4
108.0	29.43005079621188	20.435355305758925	20.425056846779636	29.70868033369149	8.56717558069387E-4
109.0	29.480167617882124	20.525095236214582	20.29090269652918	29.703244723787726	5.897255863882756E-4
110.0	29.64949778078782	20.381377047772332	20.343801191512508	29.62505558095405	2.683989732844609E-4
111.0	29.615916077119948	20.39451192985499	20.261993820599578	29.72720190413257	3.762682929101736E-4
112.0	29.730700585422586	20.29923712225512	20.288650818671154	29.681142330339682	2.691433114567669E-4
113.0	29.915405859232358	20.195849255160397	20.436473707061385	29.452271178545857	0.0
114.0	29.941843615704165	20.218865867703407	20.476526659089608	29.362691855046098	7.200245672382343E-5
115.0	29.66320211011295	20.563141624344063	20.314219421594466	29.459382742187433	5.410176108445898E-5
116.0	29.958723082549497	20.225960586362067	20.512788544517058	29.301877301092382	6.504854789958238E-4
117.0	29.765309144680767	20.197813346580514	20.585181070921404	29.45149729564936	1.991421679557803E-4
118.0	29.770046098162567	20.22474804181666	20.641615898950448	29.36333601667907	2.539443912572025E-4
119.0	29.814149310824746	20.08389469708893	20.75062509382314	29.351240028395015	9.086986816963006E-5
120.0	29.671136926002895	20.167993467608646	20.965913270995905	29.194938125113357	1.8210279192716472E-5
121.0	29.635036336497077	20.240179856581204	21.002789134802462	29.121264675442564	7.299966766901293E-4
122.0	29.783292514777255	20.07464574181469	21.065612132941627	29.075736329746384	7.132807200404265E-4
123.0	29.6642723609924	20.057104804381126	21.23256121298127	29.044705212990067	0.0013564086551336493
124.0	29.64663553432876	20.017899777777494	21.294012116518296	29.039725786573438	0.001726784802015856
125.0	29.668173815451564	20.023606003974102	21.40351335841709	28.902957820146995	0.001749002010247679
126.0	29.52254282655444	20.026467786762343	21.53174012412403	28.915485020716247	0.003764241842943283
127.0	29.495719049678776	20.124710567296418	21.569742810113468	28.807349561105273	0.0024780118060619195
128.0	29.557169651859322	19.947938289543917	21.700392177213686	28.7922202123243	0.002279669058774687
129.0	29.350130406346587	20.062014760872785	21.76505236222074	28.82159509038355	0.001207380176340661
130.0	29.48705537526231	19.9694088946543	21.885206653788813	28.65814290841881	1.861678757649638E-4
131.0	29.39299407754956	19.88274141481652	22.09211527255568	28.632074600373137	7.46347051005544E-5
132.0	29.27618610893134	19.9320273162441	22.19428001618807	28.597226035262164	2.805233743296426E-4
133.0	29.201430363506987	19.951400183106923	22.314600490234675	28.532531471971218	3.749118019985798E-5
134.0	29.314556548779397	19.814267663126447	22.478817400780695	28.391606814883012	7.515724304443202E-4
135.0	29.150731379985938	19.840003977583155	22.633276814739357	28.375554662859336	4.331648322136022E-4
136.0	29.093046823202123	19.88553212440476	22.702449220620153	28.318348841388914	6.229903840490297E-4
137.0	29.215072544949106	19.63039639990841	22.805626467788603	28.34848826052976	4.1632682412651796E-4
138.0	29.03111926893705	19.60840032650695	23.081074528834648	28.278552237982062	8.536377392865144E-4
139.0	28.995573067210273	19.824006602367117	23.066925031186297	28.113229074755836	2.662244804819424E-4
140.0	29.140847033316742	19.620048878965743	23.281776999584956	27.9572508279473	7.626018526268107E-5
141.0	29.021362371920496	19.64882075187642	23.358325528649072	27.97133840824205	1.5293931196044684E-4
142.0	28.944490606306122	19.62491559536851	23.55078062541292	27.879736485001956	7.668791049600591E-5
143.0	28.93943228877771	19.503004575139766	23.76749335116102	27.78762719727107	0.002442587650430703
144.0	28.728974844392287	19.497925970149485	23.868410587094107	27.904650006377324	3.8591986798453156E-5
145.0	28.71546471501847	19.5040217203306	24.01101356184253	27.769480634558107	1.9368250285826954E-5
146.0	28.893496949998188	19.31039087284671	24.115180245783158	27.680893000976763	3.8930395178548415E-5
147.0	28.67711660892015	19.34353305264222	24.36302360473446	27.61626796526629	5.876843688299263E-5
148.0	28.530411037087415	19.42741651509756	24.421833683634503	27.620099628083583	2.3913609693620828E-4
149.0	28.362795919780392	19.604287688402106	25.29245263853123	26.74044302299114	2.073029512891963E-5
