#Insert size (bp)	insert size
148.0	4.0
149.0	25.0
150.0	4295.0
151.0	8291.0
152.0	8290.0
153.0	8478.0
154.0	8504.0
155.0	8492.0
156.0	8841.0
157.0	8606.0
158.0	8450.0
159.0	8295.0
160.0	8484.0
161.0	8334.0
162.0	8242.0
163.0	8539.0
164.0	8435.0
165.0	8514.0
166.0	8651.0
167.0	8554.0
168.0	8635.0
169.0	8328.0
170.0	8271.0
171.0	8395.0
172.0	8378.0
173.0	8270.0
174.0	8442.0
175.0	8465.0
176.0	8693.0
177.0	8523.0
178.0	8515.0
179.0	8370.0
180.0	8287.0
181.0	8361.0
182.0	8446.0
183.0	8241.0
184.0	8438.0
185.0	8274.0
186.0	8368.0
187.0	8385.0
188.0	8368.0
189.0	8569.0
190.0	8504.0
191.0	8201.0
192.0	8172.0
193.0	8139.0
194.0	8115.0
195.0	8218.0
196.0	8304.0
197.0	8220.0
198.0	8476.0
199.0	8126.0
200.0	8312.0
201.0	8032.0
202.0	8134.0
203.0	7975.0
204.0	7829.0
205.0	8043.0
206.0	8041.0
207.0	8137.0
208.0	8414.0
209.0	8194.0
210.0	8020.0
211.0	7909.0
212.0	7811.0
213.0	7606.0
214.0	7808.0
215.0	7667.0
216.0	7561.0
217.0	7742.0
218.0	7917.0
219.0	7909.0
220.0	7660.0
221.0	7622.0
222.0	7525.0
223.0	7384.0
224.0	7454.0
225.0	7389.0
226.0	7271.0
227.0	7456.0
228.0	7227.0
229.0	7489.0
230.0	7414.0
231.0	7296.0
232.0	7182.0
233.0	7018.0
234.0	6802.0
235.0	6905.0
236.0	6830.0
237.0	6834.0
238.0	6774.0
239.0	7101.0
240.0	6883.0
241.0	6900.0
242.0	6777.0
243.0	6719.0
244.0	6549.0
245.0	6377.0
246.0	6288.0
247.0	6179.0
248.0	6295.0
249.0	6293.0
250.0	6456.0
251.0	6235.0
252.0	6144.0
253.0	6226.0
254.0	6056.0
255.0	5983.0
256.0	5660.0
257.0	5467.0
258.0	5512.0
259.0	5470.0
260.0	5497.0
261.0	5501.0
262.0	5285.0
263.0	5097.0
264.0	4868.0
265.0	4291.0
266.0	4204.0
267.0	4145.0
268.0	3976.0
269.0	4016.0
270.0	3917.0
271.0	3567.0
272.0	3566.0
273.0	3630.0
274.0	3557.0
275.0	3569.0
276.0	3551.0
277.0	3516.0
278.0	3520.0
279.0	3545.0
280.0	3508.0
281.0	3482.0
282.0	3557.0
283.0	3626.0
284.0	3526.0
285.0	3505.0
286.0	3545.0
287.0	3530.0
288.0	3463.0
289.0	3416.0
290.0	3393.0
291.0	3536.0
292.0	3356.0
293.0	3472.0
294.0	3375.0
295.0	3444.0
296.0	3488.0
297.0	3416.0
298.0	3377.0
299.0	3421.0
300.0	3271.0
301.0	3446.0
302.0	3359.0
303.0	3418.0
304.0	3402.0
305.0	3290.0
306.0	3345.0
307.0	3253.0
308.0	3316.0
309.0	3379.0
310.0	3323.0
311.0	3312.0
312.0	3248.0
313.0	3272.0
314.0	3264.0
315.0	3291.0
316.0	3362.0
317.0	3216.0
318.0	3278.0
319.0	3195.0
320.0	3222.0
321.0	3266.0
322.0	3337.0
323.0	3109.0
324.0	3185.0
325.0	3261.0
326.0	3237.0
327.0	3126.0
328.0	3160.0
329.0	3167.0
330.0	3087.0
331.0	3171.0
332.0	3162.0
333.0	3079.0
334.0	3102.0
335.0	3136.0
336.0	3047.0
337.0	3189.0
338.0	3098.0
339.0	3034.0
340.0	3066.0
341.0	3062.0
342.0	3061.0
343.0	3000.0
344.0	3027.0
345.0	3009.0
346.0	3109.0
347.0	2992.0
348.0	2944.0
349.0	3033.0
350.0	2926.0
351.0	2887.0
352.0	2914.0
353.0	2995.0
354.0	2948.0
355.0	3047.0
356.0	2931.0
357.0	2895.0
358.0	2765.0
359.0	2971.0
360.0	2868.0
361.0	2846.0
362.0	2755.0
363.0	2931.0
364.0	2958.0
365.0	2833.0
366.0	2872.0
367.0	2793.0
368.0	2775.0
369.0	2736.0
370.0	2748.0
371.0	2835.0
372.0	2786.0
373.0	2812.0
374.0	2688.0
375.0	2740.0
376.0	2721.0
377.0	2735.0
378.0	2681.0
379.0	2777.0
380.0	2681.0
381.0	2597.0
382.0	2643.0
383.0	2693.0
384.0	2672.0
385.0	2602.0
386.0	2669.0
387.0	2581.0
388.0	2578.0
389.0	2629.0
390.0	2677.0
391.0	2618.0
392.0	2615.0
393.0	2553.0
394.0	2513.0
395.0	2560.0
396.0	2578.0
397.0	2543.0
398.0	2414.0
399.0	2414.0
400.0	2452.0
401.0	2598.0
402.0	2355.0
403.0	2473.0
404.0	2419.0
405.0	2427.0
406.0	2403.0
407.0	2360.0
408.0	2308.0
409.0	2240.0
410.0	2388.0
411.0	2286.0
412.0	2437.0
413.0	2355.0
414.0	2212.0
415.0	2281.0
416.0	2275.0
417.0	2259.0
418.0	2343.0
419.0	2275.0
420.0	2157.0
421.0	2299.0
422.0	2247.0
423.0	2209.0
424.0	2190.0
425.0	2178.0
426.0	2234.0
427.0	2113.0
428.0	2180.0
429.0	2098.0
430.0	2141.0
431.0	2122.0
432.0	2197.0
433.0	2047.0
434.0	2122.0
435.0	2140.0
436.0	2066.0
437.0	2105.0
438.0	2045.0
439.0	1998.0
440.0	1979.0
441.0	2083.0
442.0	2100.0
443.0	2044.0
444.0	2027.0
445.0	1975.0
446.0	1987.0
447.0	1966.0
448.0	1955.0
449.0	1942.0
450.0	1932.0
451.0	1882.0
452.0	1979.0
453.0	1862.0
454.0	1881.0
455.0	1873.0
456.0	1872.0
457.0	1806.0
458.0	1807.0
459.0	1855.0
460.0	1848.0
461.0	1807.0
462.0	1863.0
463.0	1799.0
464.0	1689.0
465.0	1759.0
466.0	1694.0
467.0	1752.0
468.0	1767.0
469.0	1700.0
470.0	1691.0
471.0	1672.0
472.0	1687.0
473.0	1649.0
474.0	1708.0
475.0	1627.0
476.0	1667.0
477.0	1623.0
478.0	1609.0
479.0	1599.0
480.0	1636.0
481.0	1598.0
482.0	1590.0
483.0	1527.0
484.0	1555.0
485.0	1484.0
486.0	1518.0
487.0	1472.0
488.0	1523.0
489.0	1539.0
490.0	1567.0
491.0	1399.0
492.0	1492.0
493.0	1414.0
494.0	1426.0
495.0	1418.0
496.0	1481.0
497.0	1388.0
498.0	1371.0
499.0	1371.0
500.0	1318.0
501.0	1419.0
502.0	1346.0
503.0	1420.0
504.0	1299.0
505.0	1349.0
506.0	1361.0
507.0	1323.0
508.0	1227.0
509.0	1331.0
510.0	1300.0
511.0	1275.0
512.0	1252.0
513.0	1281.0
514.0	1229.0
515.0	1274.0
516.0	1223.0
517.0	1199.0
518.0	1137.0
519.0	1182.0
520.0	1125.0
521.0	1214.0
522.0	1159.0
523.0	1183.0
524.0	1138.0
525.0	1130.0
526.0	1107.0
527.0	1094.0
528.0	1101.0
529.0	1096.0
530.0	1077.0
531.0	1032.0
532.0	1036.0
533.0	1097.0
534.0	1049.0
535.0	1048.0
536.0	940.0
537.0	1040.0
538.0	1005.0
539.0	950.0
540.0	1032.0
541.0	1011.0
542.0	1006.0
543.0	873.0
544.0	934.0
545.0	892.0
546.0	935.0
547.0	911.0
548.0	878.0
549.0	896.0
550.0	867.0
551.0	877.0
552.0	849.0
553.0	812.0
554.0	904.0
555.0	779.0
556.0	828.0
557.0	752.0
558.0	811.0
559.0	817.0
560.0	778.0
561.0	791.0
562.0	732.0
563.0	784.0
564.0	761.0
565.0	756.0
566.0	681.0
567.0	715.0
568.0	697.0
569.0	752.0
570.0	696.0
571.0	676.0
572.0	675.0
573.0	652.0
574.0	697.0
575.0	705.0
576.0	660.0
577.0	660.0
578.0	653.0
579.0	670.0
580.0	648.0
581.0	621.0
582.0	581.0
583.0	608.0
584.0	604.0
585.0	592.0
586.0	631.0
587.0	563.0
588.0	540.0
589.0	613.0
590.0	587.0
591.0	540.0
592.0	570.0
593.0	569.0
594.0	546.0
595.0	511.0
596.0	544.0
597.0	484.0
598.0	499.0
599.0	493.0
600.0	493.0
601.0	467.0
602.0	459.0
603.0	466.0
604.0	474.0
605.0	500.0
606.0	438.0
607.0	457.0
608.0	452.0
609.0	426.0
610.0	437.0
611.0	415.0
612.0	458.0
613.0	446.0
614.0	410.0
615.0	379.0
616.0	408.0
617.0	397.0
618.0	376.0
619.0	389.0
620.0	344.0
621.0	346.0
622.0	390.0
623.0	324.0
624.0	359.0
625.0	322.0
626.0	322.0
627.0	351.0
628.0	326.0
629.0	311.0
630.0	330.0
631.0	320.0
632.0	302.0
633.0	305.0
634.0	286.0
635.0	337.0
636.0	297.0
637.0	272.0
638.0	301.0
639.0	299.0
640.0	283.0
641.0	257.0
642.0	267.0
643.0	257.0
644.0	236.0
645.0	256.0
646.0	259.0
647.0	247.0
648.0	249.0
649.0	263.0
650.0	244.0
651.0	240.0
652.0	234.0
653.0	239.0
654.0	214.0
655.0	206.0
656.0	216.0
657.0	199.0
658.0	186.0
659.0	191.0
660.0	204.0
661.0	198.0
662.0	180.0
663.0	169.0
664.0	174.0
665.0	195.0
666.0	164.0
667.0	175.0
668.0	180.0
669.0	173.0
670.0	180.0
671.0	161.0
672.0	168.0
673.0	181.0
674.0	160.0
675.0	134.0
676.0	139.0
677.0	135.0
678.0	139.0
679.0	141.0
680.0	120.0
681.0	136.0
682.0	142.0
683.0	136.0
684.0	133.0
685.0	142.0
686.0	97.0
687.0	139.0
688.0	96.0
689.0	119.0
690.0	112.0
691.0	110.0
692.0	102.0
693.0	117.0
694.0	126.0
695.0	106.0
696.0	95.0
697.0	77.0
698.0	106.0
699.0	105.0
700.0	75.0
701.0	89.0
702.0	86.0
703.0	86.0
704.0	90.0
705.0	85.0
706.0	82.0
707.0	87.0
708.0	75.0
709.0	83.0
710.0	65.0
711.0	77.0
712.0	69.0
713.0	85.0
714.0	72.0
715.0	66.0
716.0	61.0
717.0	68.0
718.0	47.0
719.0	70.0
720.0	58.0
721.0	52.0
722.0	72.0
723.0	68.0
724.0	49.0
725.0	60.0
726.0	51.0
727.0	51.0
728.0	54.0
729.0	55.0
730.0	50.0
731.0	48.0
732.0	49.0
