#Position (bp)	mapping quality
15197.0	25.671387927293356
45590.0	42.33509145356729
75983.0	42.295752579034314
106376.0	42.31674938332113
136769.0	41.369757142331515
167162.0	32.57109945909156
197555.0	29.1028201539157
221485.0	12.113915008670569
236681.5	19.134206825201915
258341.0	33.588974804950496
288734.0	42.12726388068398
319127.0	41.808335388742016
349520.0	42.40184289622933
379913.0	42.37516273858463
410306.0	41.60259785380498
440699.0	33.87794710680495
471092.0	39.076938407915975
501485.0	33.28948071223113
531878.0	41.67697209665372
562271.0	42.06238835335084
592664.0	42.25466969333505
623057.0	42.2375274755208
653450.0	40.99944919956423
683843.0	42.31266280979631
714236.0	40.94983931564893
744629.0	42.4981802064866
775022.0	42.31375624656247
805415.0	42.30671261656921
835808.0	41.560477609754756
866201.0	41.508191386396476
896594.0	41.310189888903174
926987.0	42.25534221007975
957380.0	42.06450500484691
987773.0	42.42514376200581
1018166.0	42.15478519285253
1038382.5	13.86490769334283
1053579.0	25.7370023027338
1078952.0	42.22005962468331
1109345.0	42.24057872062445
1139738.0	34.042202704911844
1170131.0	41.947686092793916
1200524.0	39.59590207557211
1230917.0	38.60126114102263
1261310.0	42.17434242453654
1291703.0	42.2270076579794
1322096.0	40.45812513860899
1348657.5	31.93752704052684
1363854.0	6.366199544719514
1382882.0	27.058281322324294
1413275.0	41.478604479796616
1443668.0	42.392822757285174
1474061.0	41.27448587024392
1504454.0	41.32408052536502
1534847.0	42.395100561546954
1565240.0	41.24274752417021
1595633.0	41.35131568134057
1626026.0	42.43887722062221
1656419.0	42.06422261984058
1686812.0	42.283354542559906
1717205.0	42.25077164352115
1747598.0	40.881825741799325
1777991.0	42.22277048608315
1808384.0	41.12450209633805
1838777.0	41.45510773318372
1869170.0	30.380205618946018
1899563.0	22.821061918933868
1929956.0	42.30407005811783
1960349.0	41.686905526177966
1990742.0	40.62200993238267
2021135.0	31.315279024353345
2051528.0	42.31326164946731
2081921.0	42.396476647092484
2112314.0	37.52694729260321
2142707.0	42.299920569002424
2173100.0	38.705126978938615
2203493.0	42.24695783084654
2233886.0	22.735299605170106
2264279.0	42.058626022025344
2294672.0	41.818870657107524
2325065.0	42.40351942493191
2355458.0	24.190050736154106
2385851.0	42.03409399778931
2416244.0	42.34765668360099
2446637.0	28.2126737795021
2477030.0	42.46723953856688
2507423.0	37.75935668285595
2537816.0	40.98826211156186
2568209.0	30.32139557471259
2598602.0	40.60126457700247
2628995.0	42.426544125197225
2659388.0	40.4248876192478
2689781.0	42.41384844792955
2720174.0	41.51780264101164
2750567.0	42.26703979109126
2780960.0	42.4415839476695
2811353.0	42.09738612773726
2841746.0	42.33769072960034
2872139.0	34.27105653341562
2889645.5	0.9363443299672489
2904842.0	4.02366677993861
2932925.0	42.18844647108212
2963318.0	42.25070141571571
2993711.0	42.160755512584856
3024104.0	42.041814702009
3054497.0	42.212723137773274
3084890.0	37.848289075195744
3115283.0	38.28824875865009
3145676.0	41.31669848115286
3176069.0	42.47729184188394
3206462.0	41.139419644731866
3236855.0	42.2439313476772
3267248.0	41.72437536719543
3297641.0	39.38538075373859
3322340.5	33.37836365462678
3337537.0	34.5212552166691
3358427.0	39.76625877501897
3388820.0	36.89339389061177
3410819.5	37.42347015354506
3426016.0	29.59292113330081
3449606.0	38.31604733518806
3479999.0	41.2464559805532
3510392.0	42.08892761499685
3540785.0	41.404522210665945
3571178.0	42.06231576278171
3601571.0	42.29384525364971
3631964.0	42.23265474567896
3662357.0	41.854391720221905
3692750.0	40.021895602289234
3723143.0	41.87361131324892
3753536.0	41.91200807664898
3783929.0	41.26881681450205
3814322.0	42.22643232702229
3844715.0	40.58349848782086
3875108.0	28.345118001067203
3905501.0	31.62292669071732
3935894.0	42.45334250338534
3966287.0	42.323328847440784
3987990.0	22.619308911271386
4003186.5	15.098105438848753
4027073.0	41.99022584901313
4057466.0	42.37914294755977
4087859.0	41.97131139053438
4118252.0	39.42830768796309
4148645.0	34.8255976787386
4179038.0	42.05384373071662
4209431.0	41.67703294000134
4239824.0	42.50500240588504
4259839.0	42.12458463663322
4275035.5	35.61936570339562
4300610.0	42.39062753452359
4331003.0	42.21822033071462
4361396.0	40.49818178363795
4391789.0	41.9371356277348
4422182.0	42.18675577845661
4452575.0	42.42277343245352
4482968.0	42.193939170498915
4513361.0	42.15565798537776
4543754.0	42.21382801449359
4574147.0	42.01113950239695
4604540.0	42.226936574155545
4634933.0	41.83547010133254
4665326.0	38.08491124655059
4695719.0	42.15392218565684
4726112.0	42.29625500706583
4756505.0	41.652942893277555
4786898.0	36.96553092680248
4817291.0	23.43685525021274
4847684.0	31.310903561132022
4878077.0	42.234955222994905
4908470.0	42.07967476368244
4938863.0	42.452372707829696
4969256.0	36.15593577795746
4999649.0	41.656255196855646
5030042.0	40.66581803726889
5060435.0	42.314983656979535
5090828.0	23.043869645166833
5121221.0	42.14699174795164
5151614.0	41.557088658048706
5182007.0	40.95881016420888
5212400.0	42.435704314604266
5242793.0	42.31831849501286
5273186.0	41.83192567647084
5303579.0	42.46347595430688
5333972.0	33.18821443263594
5352383.0	1.0186086042428513
5367579.5	34.10081657686173
5394758.0	41.98347378482225
5425151.0	42.4215768927752
5455544.0	32.44192342400412
5485937.0	41.33992591056039
5516330.0	41.91941213720513
5546723.0	41.54691178680559
5577116.0	23.253245775936502
5607509.0	42.2377160500872
5637902.0	41.41938314604423
5668295.0	42.42078311859842
5698688.0	42.55550581343293
5729081.0	42.07136162435141
5759474.0	41.64986808218094
5789867.0	42.41528621699698
5820260.0	41.41753751076662
5850653.0	41.692625003047596
5881046.0	23.14424956969901
5907241.5	7.222226398232713
5922438.0	1.720751868388109
5941832.0	24.27033283934794
5972225.0	42.270169376120464
6002618.0	41.98596173109404
6033011.0	41.970820733195396
6063404.0	41.5280660079022
6093797.0	42.51797687648256
6124190.0	32.02451916906547
6154583.0	42.30686976389946
6184976.0	42.50060599017134
6215369.0	42.43496938334093
6245762.0	41.981693438626976
6276155.0	40.707638496251896
6306548.0	41.83098415021565
6336941.0	42.3398413967041
6367334.0	42.015143573858516
6397727.0	22.70355276351983
6428120.0	42.36906140382359
6458513.0	40.36197411728665
6488906.0	42.250823171479745
6519299.0	42.28994655917529
6549692.0	42.22938650226503
6580085.0	42.416572510808074
6610478.0	41.84802181746177
6640871.0	26.892451750935855
6660029.5	8.004050026947342
6675226.0	36.681498171347776
6701657.0	42.42546842248428
6732050.0	41.95062765641989
6762443.0	42.37449685531381
6792836.0	41.877666946642805
6823229.0	41.85090328409484
6853622.0	41.707607625410944
6884015.0	42.22440335370645
6914408.0	42.4509810621174
6944801.0	42.462481176222084
6975194.0	41.275135808979485
7005587.0	42.35403227042968
7035980.0	42.29260276779228
7066373.0	42.451358520129475
7096766.0	42.298975983284514
7127159.0	41.633531018549704
7157552.0	42.31632053125981
7187945.0	41.506678678755506
7218338.0	41.55488748274488
7248731.0	42.43428899549222
7279124.0	42.28190763668611
7309517.0	37.422781136552544
7327760.5	17.6535592125545
7342957.0	17.427400476665323
7370303.0	41.905785850300276
7400696.0	41.12826789337361
7431089.0	40.13659497744338
7461482.0	42.30541253372551
7491875.0	42.14339083293171
7522268.0	42.21800435018495
7552661.0	31.704591807317456
7583054.0	42.04511673058867
7613447.0	42.334018981358945
7643840.0	42.494799229515486
7674233.0	42.47461963031578
7704626.0	41.92564688551899
7735019.0	41.763948243747464
7765412.0	42.21960226465183
7795805.0	5.709956688356184
7826198.0	22.009504252348197
7856591.0	42.08077988450627
7886984.0	42.3101757149513
7917377.0	30.03605583450453
7947770.0	41.76370591505033
7978163.0	29.201728797031627
8008556.0	42.11290648580668
8038949.0	42.245118405590176
8069342.0	41.601370568987896
8099735.0	42.463109570108536
8130128.0	41.46426813606716
8160521.0	41.82081086271497
8190914.0	42.366340773039916
8221307.0	42.31232540788766
8251700.0	42.25231113538681
8282093.0	33.87758003755586
8312486.0	32.669716922936324
8342879.0	41.07891038600557
8373272.0	42.251366970392375
8398726.5	9.511817943509985
8413923.0	6.870507850568489
8434058.0	42.15758227341748
8464451.0	42.42608141173886
8494844.0	42.24200275742261
8525237.0	41.941137405213844
8555630.0	42.125014288183934
8586023.0	28.638038805126854
8616416.0	30.9166543508111
8646809.0	41.805600564290735
8677202.0	42.28945579031214
8707595.0	42.31084791087285
8737988.0	42.236336377921255
8768381.0	27.79931893703385
8798774.0	34.66780510324365
8829167.0	42.41858854506391
8859560.0	42.26040501575386
8889953.0	42.27294263426816
8920346.0	40.87309497417264
8950739.0	41.97063645665118
8981132.0	42.105224304988155
9011525.0	39.491570707259676
9041918.0	41.305684201328205
9072311.0	42.23359033252713
9102704.0	42.472811063693456
9133097.0	42.273411035858665
9163490.0	41.51019825872283
9193883.0	42.37767424798922
9224276.0	41.76890412384138
9254669.0	42.20724444054882
9285062.0	41.854219547081826
9315455.0	36.86499926227352
9332033.5	18.33838157320767
9347230.0	19.310799414561842
9376241.0	42.42139494477469
9406634.0	42.01040284369252
9437027.0	32.04255492776352
9467420.0	42.280430333331964
9497813.0	42.522348103658366
9528206.0	42.42004364707625
9558599.0	42.454649105645906
9588992.0	41.260629439934796
9619385.0	41.84996282403481
9649778.0	42.35258741138302
9680171.0	42.13260154136214
9710564.0	42.48289728305875
9740957.0	42.34608869000822
9771350.0	41.681160262322706
9801743.0	42.44828955609468
9832136.0	42.049125493629525
9862529.0	33.83442649320698
9892922.0	29.025440400839337
9923315.0	38.71249744138355
9953708.0	41.59396541845275
9984101.0	42.30496448391216
1.0014494E7	42.30810529741483
1.0044887E7	41.63446897672789
1.007528E7	39.88980373622547
1.01041125E7	32.27103132107702
1.0119309E7	20.40036295288094
1.0136066E7	34.74544391291427
1.0166459E7	42.28377732790558
1.0196852E7	41.90247557328846
1.0227245E7	31.2759520706356
1.0257638E7	42.373232674787594
1.0288031E7	41.97631601820808
1.0318424E7	42.378995155180846
1.0348817E7	41.766134366800664
1.037921E7	42.49222631650093
1.0409603E7	42.26334097025063
1.0439996E7	42.31353655285615
1.0470389E7	41.63003853069612
1.0500782E7	42.395573044067284
1.0531175E7	42.201322917125786
1.0561568E7	42.23889314049043
1.0591961E7	41.80728434545994
1.0622354E7	42.30327322751917
1.0652747E7	41.83952158927884
1.068314E7	40.595564624097314
1.0713533E7	30.81892622532185
1.0743926E7	42.48199396650288
1.0774319E7	41.788301216345495
1.0804712E7	41.85896012235642
1.0835105E7	30.357686609199355
1.0865498E7	42.331245027429844
1.0895891E7	42.13378316175953
1.0926284E7	42.382240001925986
1.0956677E7	42.39180127554045
1.098707E7	41.872083587529524
1.1017463E7	42.113567088729994
1.1047856E7	42.36567243544383
1.1078249E7	34.101839556500664
1.1108642E7	40.56508322627997
1.1139035E7	42.462186835225374
1.1169428E7	41.88006332440242
1.1196832E7	9.607195553856041
1.12120285E7	0.9540418693290099
1.1230214E7	25.013002014880477
1.1260607E7	30.2024404238544
1.1291E7	42.168360395958096
1.1321393E7	41.74954816168512
1.1351786E7	42.17222148897936
1.1382179E7	41.831290130610455
1.1412572E7	41.26615445473107
1.1442965E7	42.40885632391775
1.1473358E7	42.42455073191726
1.1503751E7	42.23379174058294
1.1534144E7	42.5414984932736
1.1564537E7	42.46173448583122
1.159493E7	42.08916905688017
1.1625323E7	41.833955983101404
1.1655716E7	31.761716692755154
1.1686109E7	41.719457465454695
1.1716502E7	42.22473841739431
1.1746895E7	42.368551372129325
1.1777288E7	41.430571280369556
1.1807681E7	42.41753004666143
1.1838074E7	42.338899578523
1.1868467E7	42.19175220413648
1.189886E7	41.06318265940537
1.1929253E7	42.19591463877795
1.1959646E7	42.36150744432449
1.1990039E7	41.234945115134416
1.2020432E7	30.542830643440055
1.2050825E7	20.240161224278218
1.2081218E7	41.786584145679086
1.2111611E7	42.32398945390453
1.21419565E7	32.726660751803315
