# Position (bp)	A	C	G	T	N
0.0	27.17635862837336	22.11163809111166	34.525601943550384	16.18547288932904	9.284476355533548E-4
1.0	23.196508593925586	19.00134885809887	12.460627450428632	45.34129294139558	2.2215615133721342E-4
2.0	33.74698308493279	19.690883358543918	12.714453438883586	33.847462158694455	2.1795894525307213E-4
3.0	21.813020238561553	22.19081536938627	9.66267622661798	46.33316384683658	3.243185976175556E-4
4.0	41.4597083752149	9.00006882677591	9.269353587524	40.27065412681047	2.1508367471892147E-4
5.0	46.14665180896342	9.649528943272015	22.183718544496774	22.01239600440024	0.0077046988675519455
6.0	35.25773562305288	13.266333623013779	19.982548086065304	31.493240493416437	1.4217445160648245E-4
7.0	41.33432539682539	15.112847222222223	19.26923894557823	24.283517573696145	7.086167800453515E-5
8.0	18.591707157291367	32.304928590332636	22.39813800250806	26.705226249867938	0.0
9.0	30.31264363926558	19.131340219558346	12.723442774116592	37.83257336705948	0.0
10.0	27.90140205187929	14.868740488186363	27.621603526509304	29.60825393342504	0.0
11.0	27.69475313082259	17.73454414030015	17.571836105954965	36.998866622922286	0.0
12.0	25.907363325608706	19.946480883478618	23.33768237433828	30.8084734165744	0.0
13.0	23.906977556850446	25.98789170678012	18.033529314125467	32.071601422243965	0.0
14.0	33.62268577050768	19.937521078875715	19.896714816893237	26.543078333723376	0.0
15.0	33.14379382557213	18.542916339454294	19.110629807237103	29.20266002773647	0.0
16.0	32.26886902259453	18.046787323713662	18.16922793619468	31.515115717497128	0.0
17.0	32.28319641046965	18.03736920829118	18.249403415366828	31.429926925535213	1.0404033713230845E-4
18.0	32.00219744386185	18.106965114713287	18.78786808828961	31.10293473681733	3.4616317924571735E-5
19.0	31.392845541940524	18.658193554629456	18.798628821021058	31.15033208240896	0.0
20.0	31.147884821702696	18.77525605334603	19.03236155525888	31.044497569692393	0.0
21.0	30.898367949967454	18.86617465242741	18.977721604430194	31.257666915773267	6.887740166889945E-5
22.0	31.10477299145076	18.981159488551334	18.817786355936835	31.096281164061075	0.0
23.0	31.37275292602683	18.825793378678082	18.88709047465094	30.914363220644148	0.0
24.0	31.015251228448403	19.004056509483064	18.794703752142784	31.18530323085099	6.852790747636044E-4
25.0	31.176971196208385	19.063767314838632	18.843381093372884	30.915880395580096	0.0
26.0	31.330629505597006	18.902719911379467	18.896505000442215	30.869872399682976	2.731828983407895E-4
27.0	31.045139216780537	18.885740750273666	19.03461728979243	31.034502743153368	0.0
28.0	31.3772131856702	18.868844764814614	18.926534539497755	30.82720329842563	2.0421159179872633E-4
29.0	31.34150398253739	18.85338397599978	19.1535566245426	30.651555416920235	0.0
30.0	31.021639998371402	18.962515098462333	19.11926767368321	30.896237938194698	3.392912883568802E-4
31.0	31.1173156534369	19.162515529707434	18.81002886230219	30.91013995455348	0.0
32.0	31.223919055439282	19.06890478133452	18.92538557675977	30.781655254826095	1.3533164033451274E-4
33.0	30.97528061946777	18.92720956366553	19.039653316448753	31.057349692637974	5.068077799724431E-4
34.0	30.98043145475704	19.047050277229776	18.987093202041848	30.98363681330676	0.0017882526645808217
35.0	31.10805286217729	18.827584626592973	19.14376967521531	30.916481722731692	0.0041111132827374355
36.0	31.169869340597312	18.947683394889342	19.053001221471373	30.826181156759308	0.0032648862826644295
37.0	31.098275030217653	19.043390697838618	19.053342769870103	30.802301752875934	0.002689749197698247
38.0	31.226378082353744	18.971599283600057	18.977040806043988	30.822193887490812	0.002787940511395623
39.0	31.05657467418069	19.000236910684674	19.07436378071869	30.865468958995663	0.003355675420281568
40.0	31.00833512695127	18.94459497424901	19.070718164622612	30.967869765233853	0.008481968943253952
41.0	31.24894485369978	18.94969062440543	18.925874465057575	30.86654643581629	0.008943621020926064
42.0	31.047568622975497	19.005059309755794	19.104424862874534	30.83354278525427	0.009404419139900609
43.0	30.98390719113538	19.184598468969412	18.969343272681552	30.851517052545407	0.010634014668252183
44.0	31.20551497370162	19.044503405088587	18.943553722874576	30.79326200135001	0.013165896985210085
45.0	31.0515591429806	19.008781637168585	19.09032684199665	30.83413865623387	0.015193721620298544
46.0	31.082697252812892	19.067365915872525	18.93732451752539	30.89929783651424	0.01331447727495697
47.0	31.181638557029355	19.047445955296922	19.008962291678824	30.749014147915325	0.012939048079568477
48.0	30.99610803129306	18.985895196128162	19.025454768444856	30.974745195694904	0.017796808439019936
49.0	31.04951242981717	19.20757063580804	18.886920422324344	30.84010888850918	0.01588762354126136
50.0	31.12239072476659	18.941439919468532	19.060412916859047	30.85997770338174	0.015778735524092032
51.0	30.944830123946073	19.08484719838758	19.054071948209746	30.89885023665336	0.017400492803249335
52.0	31.033559689399702	19.095812761933075	18.972442553876366	30.883054686255594	0.015130308535256447
53.0	31.081462840065516	19.043635536979135	19.084182832408057	30.783240805734586	0.007477984812711378
54.0	31.013177546746608	18.954300475173007	18.992835198945475	31.031680858075283	0.008005921059625177
55.0	31.055177174367415	19.114006973222388	19.02127194737246	30.800745200472672	0.008798704565066753
56.0	31.18500006637726	18.87659803257796	19.026477889734092	30.90561817143919	0.006305839871493621
57.0	30.961636194032327	19.166278543629673	19.006882715189345	30.862979962235958	0.0022225849126955377
58.0	30.96488409593035	19.169789373545377	19.02465438009585	30.838715795707493	0.001956354720932631
59.0	31.17388495530341	18.990505807788598	18.98550066508734	30.849047879327667	0.0010606924929820276
60.0	30.942190362553212	19.18171796350975	19.096527882935376	30.77840406606191	0.0011597249397522892
61.0	30.970091409809825	19.039746506380403	19.107684439397772	30.88131829401921	0.001159350392787913
62.0	31.243370938991276	18.9791072196704	18.93774750840026	30.839410076073392	3.6425686466897165E-4
63.0	30.882301335542135	19.063405642369215	19.02632748094282	31.027965541145836	0.0
64.0	30.961938737786994	19.081566561453016	18.96940265188711	30.98705895241093	3.3096461955120535E-5
65.0	31.15647991740965	19.061726025720144	18.955410809210015	30.82631706949865	6.617816153758342E-5
66.0	30.971325199642436	19.02318293790821	19.042073621393648	30.963418241055706	0.0
67.0	31.05279190940149	19.219570537557374	18.816674555238357	30.910962997802777	0.0
68.0	31.152243504947354	19.052859939679347	19.15584157891952	30.639054976453785	0.0
69.0	30.955599349266606	19.070654833547156	19.083881122118324	30.8893687092465	4.959858214186517E-4
70.0	31.019752339484345	19.143255292664904	18.97080872349535	30.8661836443554	0.0
71.0	31.238483433003083	19.0228728028853	19.02921993130556	30.709258543003447	1.6528980261091772E-4
72.0	31.170668080537766	19.036421284225113	19.004159636977136	30.788750998259985	0.0
73.0	30.933256116217052	19.20230355582176	18.97088359387499	30.893556734086204	0.0
74.0	31.25535487624286	18.94409773640787	18.9911016500952	30.80944573725407	0.0
75.0	30.94617269324293	19.10463460396753	18.98414494988027	30.96504775290927	0.0
76.0	31.028116777511865	19.058818473906204	18.929043646123944	30.984021102457987	0.0
77.0	31.0811248569534	19.0988940374278	18.966904422065305	30.853076683553493	0.0
78.0	30.810429474826996	19.16181778932186	18.91060511542923	31.117147620421914	0.0
79.0	30.672983049379333	19.334769716407465	18.956190095833442	31.036057138379764	0.0
80.0	30.966735055904483	19.126392239006336	18.886770898257645	31.020035677028655	6.612980288359006E-5
81.0	30.7733721709304	19.27368666816144	18.942720496951925	31.01008838331227	1.3228064396863097E-4
82.0	30.808509962700033	19.434748540267062	18.750171582498353	31.00650376224603	6.615228852188335E-5
83.0	31.061107565738	19.33656419931856	18.61658328147605	30.985513373886224	2.315795811651695E-4
84.0	30.738275020018662	19.324957481023635	18.767909257555804	31.168626620518964	2.3162088293880576E-4
85.0	30.839455858411718	19.388726037094905	18.66593766723934	31.10571495614916	1.6548110487100252E-4
86.0	31.00068197468086	19.300578685311724	18.77476296414005	30.923810848032208	1.6552783516076065E-4
87.0	30.616693482402113	19.46623717339742	18.846235736308	31.070105129382753	7.284785097183999E-4
88.0	30.582273432805763	19.69089703391262	18.74564838485933	30.980783665022187	3.9748340009950335E-4
89.0	30.68756982851508	19.72838612799807	18.831168400865707	30.75274310925918	1.325333619605395E-4
90.0	30.660625943379653	19.65139780940367	18.94651049790559	30.740537699058496	9.28050252595392E-4
91.0	30.742138631707284	19.651290369535786	18.885354679618384	30.720652643522588	5.636756159565294E-4
92.0	30.849255231030476	19.7985841378457	18.99986034441522	30.35180270148967	4.975852189325205E-4
93.0	30.60753641850038	19.711041455445724	18.97289789876993	30.708325105741835	1.9912154212996992E-4
94.0	30.49943276835933	19.922463402187983	18.96283429233163	30.614771528656902	4.980084641518568E-4
95.0	30.868084747356008	19.688749480568184	19.06303967346299	30.379926796237573	1.993023752524912E-4
96.0	30.639203941211502	19.752783626850434	19.173060766547557	30.434486398247408	4.6526714310022124E-4
97.0	30.605798929779276	19.85311647836	19.1183996100308	30.421787201442303	8.9778038762167E-4
98.0	30.62845880573597	19.715517075030593	19.248842379265763	30.406882312273808	2.9942769386778734E-4
99.0	30.61084824407967	19.665741870307713	19.28338545368002	30.439158995627878	8.65436304720123E-4
100.0	30.432875504204326	19.81906429402402	19.333835802995033	30.41335845459605	8.659441805720094E-4
101.0	30.568237713932273	19.810805154503125	19.306425533106097	30.313898416244655	6.331822138449624E-4
102.0	30.38687077019013	19.721655792890836	19.410398475392697	30.47980779010306	0.001267171423283608
103.0	30.375501443851306	19.908997659539395	19.40213144085482	30.311967982338768	0.0014014734157177247
104.0	30.528807865751954	19.82816624398323	19.379415010576825	30.26337713769574	2.3374199224978338E-4
105.0	30.206406759419558	19.836681666584802	19.581759912426406	30.374917757744473	2.3390382476192766E-4
106.0	30.24782903398073	19.91326502120556	19.50898331343135	30.329487919868626	4.347115137357135E-4
107.0	30.41136783486386	19.77085620197585	19.617513587320285	30.19935878557468	9.035902653208749E-4
108.0	30.136134240426003	19.818999038354935	19.76065052893828	30.28354628976165	6.699025191349281E-4
109.0	30.222339482573428	19.8883240426482	19.5816777944803	30.307055243929092	6.034363689758612E-4
110.0	30.27239474437428	19.813723723633032	19.727823362012646	30.185756176521217	3.019934588216819E-4
111.0	30.290238601367882	19.719216245273834	19.59648796950535	30.393721310082363	3.35873770576047E-4
112.0	30.39342023558617	19.76433986349759	19.637761968335017	30.204208975566267	2.6895701495367383E-4
113.0	30.617639278629955	19.6119199850842	19.716485390795956	30.05395534548989	0.0
114.0	30.579574442563967	19.670920938206198	19.762668725123564	29.986734813180547	1.010809257260727E-4
115.0	30.291549458283036	19.99828615421778	19.623635417770153	30.08652896972903	0.0
116.0	30.591970237465805	19.686293375964496	19.781362131891512	29.939664786350367	7.094683278135571E-4
117.0	30.437722899090442	19.637752399072507	19.942664484389706	29.981724896428673	1.3532101866956436E-4
118.0	30.41496573288931	19.67955254572618	19.917271098072032	29.988041235716388	1.6938759608511387E-4
119.0	30.474169516365414	19.57223986321446	19.961868316777938	29.991552678716822	1.6962492536503284E-4
120.0	30.34764613569286	19.63973201590455	20.18632770123694	29.826260171799834	3.3975365821257644E-5
121.0	30.331044245860245	19.700399512689803	20.24777273376937	29.719932756637558	8.507510430207786E-4
122.0	30.492108940927835	19.61655929372465	20.20227017077411	29.68837986160821	6.817329651975321E-4
123.0	30.28956362307905	19.50462461888292	20.39817132087583	29.806308874693144	0.001331562469058244
124.0	30.311526181441124	19.479483293069627	20.449197963376896	29.75821940482672	0.0015731572856333806
125.0	30.332586426669945	19.575897238614925	20.505516843767246	29.584526459919342	0.0014730310285422028
126.0	30.192592297749265	19.493695035945276	20.685374247115337	29.624289406926074	0.004049012264046384
127.0	30.155343249600953	19.644686171989818	20.704825828307143	29.492257584652375	0.0028871654497035154
128.0	30.214466024631985	19.465033072635855	20.72865152059758	29.58961148776595	0.002237894368631469
129.0	29.96178954592324	19.5520272577102	20.83307756239374	29.652105540860703	0.001000093112117335
130.0	30.112889914801432	19.53839462727052	20.884616965717793	29.463753041263768	3.454509464837757E-4
131.0	30.087398019494994	19.365637656725383	21.086986913828376	29.459942805097157	3.460485409209321E-5
132.0	30.00288766965059	19.470831936586357	21.19667387601879	29.32901719740741	5.893203368555046E-4
133.0	29.894229874295526	19.54038476765718	21.284744458320542	29.280606170896405	3.472883034688545E-5
134.0	29.93220663320779	19.417885132255343	21.41581497299225	29.233258239320847	8.350222237685597E-4
135.0	29.915241033420138	19.381489941124986	21.477546385291667	29.225199802437054	5.228377261578155E-4
136.0	29.824737850610735	19.53390542262564	21.519071330964934	29.121796490287018	4.889055116762859E-4
137.0	29.94099598277221	19.302847749481185	21.639529997295256	29.116381338872987	2.449315783635841E-4
138.0	29.760621756571698	19.204005460844662	21.86080315365883	29.173658085773408	9.115431514010068E-4
139.0	29.753657997639966	19.452702918704645	21.780029375694475	29.0133989280436	2.1077991731103843E-4
140.0	29.77159278070668	19.295752035540183	22.03389949857021	28.89868526954052	7.041564241246808E-5
141.0	29.702541582457183	19.3129000281257	22.051680007848375	28.93284309210515	3.52894635895666E-5
142.0	29.658714651173735	19.280338529367125	22.239427944522337	28.821483496481083	3.537845572333199E-5
143.0	29.665942911200204	19.220977009556908	22.371708459138922	28.739278063680306	0.0020935564236520777
144.0	29.443419302846763	19.225605189494576	22.492959270554802	28.838016237103858	0.0
145.0	29.523326702450568	19.24806646888344	22.52067149120551	28.707935337460487	0.0
146.0	29.587083886570987	19.10308518956014	22.578022221926922	28.73180870194195	0.0
147.0	29.47134448104412	19.131611268070184	22.776859169375477	28.620148915825087	3.6165685129972236E-5
148.0	29.42480528366891	19.163369906621	22.749691533920203	28.662059502138515	7.37736513715444E-5
149.0	28.544869028252712	19.413211674154553	24.128302667612722	27.913578025992834	3.86039871742113E-5
