#Insert size (bp)	insert size
143.0	1.0
144.0	2.0
145.0	1.0
147.0	1.0
148.0	11.0
149.0	34.0
150.0	13515.0
151.0	26386.0
152.0	26871.0
153.0	26802.0
154.0	26968.0
155.0	26913.0
156.0	27074.0
157.0	26560.0
158.0	26639.0
159.0	26202.0
160.0	26045.0
161.0	25879.0
162.0	26113.0
163.0	26332.0
164.0	26054.0
165.0	26323.0
166.0	26269.0
167.0	26289.0
168.0	25832.0
169.0	25689.0
170.0	25341.0
171.0	25355.0
172.0	25098.0
173.0	25134.0
174.0	24967.0
175.0	25228.0
176.0	24775.0
177.0	24872.0
178.0	24940.0
179.0	24542.0
180.0	24371.0
181.0	23936.0
182.0	23988.0
183.0	23734.0
184.0	23622.0
185.0	23417.0
186.0	23779.0
187.0	23441.0
188.0	23178.0
189.0	23088.0
190.0	22736.0
191.0	22348.0
192.0	22030.0
193.0	21844.0
194.0	21778.0
195.0	21831.0
196.0	21806.0
197.0	21659.0
198.0	21564.0
199.0	21207.0
200.0	20945.0
201.0	20441.0
202.0	20364.0
203.0	19769.0
204.0	19781.0
205.0	19987.0
206.0	19538.0
207.0	19340.0
208.0	19692.0
209.0	19029.0
210.0	19161.0
211.0	18711.0
212.0	18340.0
213.0	18028.0
214.0	17942.0
215.0	17627.0
216.0	17546.0
217.0	17625.0
218.0	17318.0
219.0	17278.0
220.0	16961.0
221.0	16834.0
222.0	16618.0
223.0	15992.0
224.0	15799.0
225.0	15571.0
226.0	15538.0
227.0	15535.0
228.0	15190.0
229.0	15163.0
230.0	15085.0
231.0	15082.0
232.0	14627.0
233.0	14398.0
234.0	14123.0
235.0	13907.0
236.0	13957.0
237.0	13818.0
238.0	13741.0
239.0	13558.0
240.0	13597.0
241.0	13453.0
242.0	13028.0
243.0	13037.0
244.0	12566.0
245.0	12506.0
246.0	12164.0
247.0	12131.0
248.0	12116.0
249.0	12049.0
250.0	11853.0
251.0	11992.0
252.0	11653.0
253.0	11534.0
254.0	11363.0
255.0	11230.0
256.0	10930.0
257.0	10943.0
258.0	10601.0
259.0	10675.0
260.0	10609.0
261.0	10400.0
262.0	10448.0
263.0	10153.0
264.0	9775.0
265.0	9493.0
266.0	9276.0
267.0	9089.0
268.0	9107.0
269.0	9101.0
270.0	8927.0
271.0	8621.0
272.0	8621.0
273.0	8502.0
274.0	8521.0
275.0	8549.0
276.0	8365.0
277.0	8409.0
278.0	8277.0
279.0	8213.0
280.0	8180.0
281.0	8112.0
282.0	8112.0
283.0	8124.0
284.0	8109.0
285.0	7829.0
286.0	7946.0
287.0	7827.0
288.0	7890.0
289.0	7725.0
290.0	7766.0
291.0	7714.0
292.0	7694.0
293.0	7364.0
294.0	7522.0
295.0	7527.0
296.0	7401.0
297.0	7323.0
298.0	7371.0
299.0	7148.0
300.0	7241.0
301.0	7278.0
302.0	7201.0
303.0	7026.0
304.0	7103.0
305.0	6851.0
306.0	6735.0
307.0	6989.0
308.0	6807.0
309.0	6795.0
310.0	6855.0
311.0	6846.0
312.0	6847.0
313.0	6640.0
314.0	6476.0
315.0	6515.0
316.0	6547.0
317.0	6497.0
318.0	6352.0
319.0	6339.0
320.0	6323.0
321.0	6362.0
322.0	6272.0
323.0	6118.0
324.0	6079.0
325.0	6103.0
326.0	6191.0
327.0	6054.0
328.0	6008.0
329.0	5955.0
330.0	5877.0
331.0	5932.0
332.0	5675.0
333.0	5794.0
334.0	5741.0
335.0	5749.0
336.0	5631.0
337.0	5720.0
338.0	5592.0
339.0	5408.0
340.0	5576.0
341.0	5384.0
342.0	5404.0
343.0	5280.0
344.0	5349.0
345.0	5245.0
346.0	5341.0
347.0	5309.0
348.0	5189.0
349.0	5175.0
350.0	5064.0
351.0	5104.0
352.0	4966.0
353.0	5000.0
354.0	5120.0
355.0	4955.0
356.0	4982.0
357.0	4897.0
358.0	4870.0
359.0	4771.0
360.0	4733.0
361.0	4768.0
362.0	4898.0
363.0	4742.0
364.0	4650.0
365.0	4578.0
366.0	4568.0
367.0	4519.0
368.0	4572.0
369.0	4403.0
370.0	4353.0
371.0	4489.0
372.0	4328.0
373.0	4242.0
374.0	4285.0
375.0	4292.0
376.0	4250.0
377.0	4201.0
378.0	4273.0
379.0	4081.0
380.0	4014.0
381.0	4065.0
382.0	4067.0
383.0	3929.0
384.0	4002.0
385.0	3903.0
386.0	3976.0
387.0	3804.0
388.0	3880.0
389.0	3775.0
390.0	3827.0
391.0	3828.0
392.0	3678.0
393.0	3638.0
394.0	3646.0
395.0	3690.0
396.0	3548.0
397.0	3521.0
398.0	3558.0
399.0	3555.0
400.0	3551.0
401.0	3450.0
402.0	3475.0
403.0	3363.0
404.0	3268.0
405.0	3344.0
406.0	3322.0
407.0	3245.0
408.0	3410.0
409.0	3200.0
410.0	3212.0
411.0	3255.0
412.0	3150.0
413.0	3096.0
414.0	3054.0
415.0	3141.0
416.0	3096.0
417.0	3024.0
418.0	3045.0
419.0	2945.0
420.0	2945.0
421.0	2851.0
422.0	2912.0
423.0	2915.0
424.0	2873.0
425.0	2734.0
426.0	2792.0
427.0	2694.0
428.0	2765.0
429.0	2683.0
430.0	2723.0
431.0	2726.0
432.0	2520.0
433.0	2688.0
434.0	2513.0
435.0	2573.0
436.0	2542.0
437.0	2461.0
438.0	2529.0
439.0	2392.0
440.0	2406.0
441.0	2483.0
442.0	2373.0
443.0	2470.0
444.0	2379.0
445.0	2305.0
446.0	2374.0
447.0	2328.0
448.0	2319.0
449.0	2288.0
450.0	2308.0
451.0	2176.0
452.0	2087.0
453.0	2141.0
454.0	2163.0
455.0	2068.0
456.0	1979.0
457.0	2013.0
458.0	2009.0
459.0	2026.0
460.0	2082.0
461.0	2038.0
462.0	2016.0
463.0	1911.0
464.0	1875.0
465.0	1957.0
466.0	1863.0
467.0	1875.0
468.0	1881.0
469.0	1864.0
470.0	1796.0
471.0	1850.0
472.0	1839.0
473.0	1825.0
474.0	1702.0
475.0	1692.0
476.0	1732.0
477.0	1706.0
478.0	1695.0
479.0	1697.0
480.0	1611.0
481.0	1627.0
482.0	1629.0
483.0	1584.0
484.0	1559.0
485.0	1586.0
486.0	1592.0
487.0	1476.0
488.0	1469.0
489.0	1473.0
490.0	1485.0
491.0	1445.0
492.0	1408.0
493.0	1427.0
494.0	1362.0
495.0	1440.0
496.0	1352.0
497.0	1405.0
498.0	1289.0
499.0	1400.0
500.0	1293.0
501.0	1304.0
502.0	1199.0
503.0	1282.0
504.0	1248.0
505.0	1243.0
506.0	1216.0
507.0	1231.0
508.0	1205.0
509.0	1228.0
510.0	1159.0
511.0	1148.0
512.0	1121.0
513.0	1150.0
514.0	1063.0
515.0	1134.0
516.0	1120.0
517.0	1079.0
518.0	1060.0
519.0	1009.0
520.0	1015.0
521.0	968.0
522.0	1013.0
523.0	996.0
524.0	1048.0
525.0	999.0
526.0	901.0
527.0	940.0
528.0	907.0
529.0	871.0
530.0	919.0
531.0	875.0
532.0	919.0
533.0	883.0
534.0	899.0
535.0	849.0
536.0	819.0
537.0	848.0
538.0	827.0
539.0	844.0
540.0	842.0
541.0	836.0
542.0	744.0
543.0	726.0
544.0	742.0
545.0	726.0
546.0	716.0
547.0	767.0
548.0	735.0
549.0	754.0
550.0	669.0
551.0	693.0
552.0	645.0
553.0	644.0
554.0	669.0
555.0	677.0
556.0	624.0
557.0	616.0
558.0	613.0
559.0	612.0
560.0	611.0
561.0	576.0
562.0	572.0
563.0	574.0
564.0	563.0
565.0	580.0
566.0	564.0
567.0	542.0
568.0	491.0
569.0	541.0
570.0	545.0
571.0	526.0
572.0	493.0
573.0	487.0
574.0	511.0
575.0	516.0
576.0	478.0
577.0	474.0
578.0	484.0
579.0	407.0
580.0	452.0
581.0	410.0
582.0	457.0
583.0	457.0
584.0	414.0
585.0	407.0
586.0	416.0
587.0	419.0
588.0	413.0
589.0	431.0
590.0	357.0
591.0	385.0
592.0	373.0
593.0	356.0
594.0	342.0
595.0	383.0
596.0	388.0
597.0	343.0
598.0	336.0
599.0	315.0
600.0	310.0
601.0	324.0
602.0	298.0
