# Position (bp)	A	C	G	T	N
0.0	26.16759287454324	22.7128143153284	34.220971581326715	16.89737685046379	0.0012443783378618945
1.0	23.195540827669664	20.288970267494054	12.213527375575161	44.30187358408262	8.794517849353427E-5
2.0	31.992925184937448	20.919885051547997	13.449601799554053	33.63739774357116	1.902203893430929E-4
3.0	21.42534680739453	23.333559915079906	10.613089009549391	44.62769529286721	3.0897510896522174E-4
4.0	40.314809074521435	10.116023189267151	10.341357694189618	39.22753678508085	2.7325694093978186E-4
5.0	44.17869304361927	10.676186464848577	23.472163156912476	21.66549555879862	0.007461775821058798
6.0	34.856055367892374	14.14124069043568	21.33419631866309	29.668372146504968	1.3547650388656687E-4
7.0	39.74898313952507	15.53553526522759	20.438912423419016	24.276535417123764	3.375470456194832E-5
8.0	19.07449509990988	32.21337282750108	23.129579637485538	25.582518782949666	3.3652153838802146E-5
9.0	29.889832678430423	20.194366727509045	13.419083162769969	36.49671743129056	0.0
10.0	27.659820140634363	15.344206112005462	28.280810203856234	28.715163543503948	0.0
11.0	27.253721218498544	18.718579502226206	18.65551733842282	35.37218194085243	0.0
12.0	24.970216821539196	20.976049079681054	23.57201002279922	30.48172407598053	0.0
13.0	23.631070357440226	26.750008429293015	18.755367964799937	30.863553248466825	0.0
14.0	32.52698857822789	20.89504433515331	20.3703596306445	26.207574316248756	3.313972553347916E-5
15.0	32.56062878309985	19.26658282186683	19.60285469061401	28.56993370441931	0.0
16.0	31.639859450749626	18.83267596899736	18.638460060478067	30.888971534736132	3.298503881102129E-5
17.0	31.76107630059763	18.56451019196875	18.88668227586217	30.787698321608335	3.2909963112867845E-5
18.0	31.351455724686854	18.635597677198042	19.440027203454353	30.572919394660747	0.0
19.0	30.820352216120078	19.286514481150142	19.35740397970729	30.535729323022494	0.0
20.0	30.581521247800573	19.332741425082055	19.50967632667254	30.57606100044483	0.0
21.0	30.32663062451671	19.520217427477952	19.53602529258417	30.617077714662326	4.894075884277944E-5
22.0	30.480485735816277	19.585095501812457	19.320361212047413	30.613976153727567	8.1396596287371E-5
23.0	30.734567674590362	19.448737948179243	19.486624034530276	30.33007034270012	0.0
24.0	30.407707849582337	19.587395868900277	19.472933128791983	30.531314638617136	6.485141082622967E-4
25.0	30.542326479958447	19.675021560058315	19.437820468221364	30.34481531160554	1.6180156332670487E-5
26.0	30.746936043465027	19.459803813121056	19.59858313961985	30.194580113410197	9.689038387162671E-5
27.0	30.508485229820664	19.578900646352484	19.636985983447293	30.275628140379563	0.0
28.0	30.679126998259086	19.5831521724269	19.538322388077948	30.199189332087684	2.0910914838047378E-4
29.0	30.718377970337325	19.501663071025447	19.705039687980328	30.074919270656903	0.0
30.0	30.390316328255768	19.641277235727408	19.72010490056801	30.247997057784254	3.04477664560162E-4
31.0	30.49844473469309	19.824325805086744	19.41388613170446	30.263343328515703	0.0
32.0	30.603836878836937	19.659524987361248	19.539045676110096	30.197416808596454	1.756490952634465E-4
33.0	30.37508087865261	19.573263585740616	19.65374770833855	30.397541193316997	3.6663395122843895E-4
34.0	30.406379218844858	19.70955522261943	19.559479357208726	30.32302672356108	0.001559477765904883
35.0	30.552725946326888	19.46875295890984	19.706053556188625	30.268702375452534	0.0037651631221177436
36.0	30.489890598792186	19.563537160326895	19.706857104337587	30.23701876752144	0.0026963690218921375
37.0	30.475356138620572	19.702705253602876	19.614007116121236	30.205350203240833	0.002581288414480806
38.0	30.581713518023168	19.580415599563057	19.695295931101526	30.13977607743994	0.002798873872306835
39.0	30.445369303683943	19.59784728643394	19.68243306402308	30.271002915422436	0.0033474304366059833
40.0	30.43605292867369	19.569355357514524	19.630202519031492	30.35568548056486	0.008703714215435848
41.0	30.603750981771643	19.548104763458383	19.61038073529421	30.22850479091964	0.009258728556123325
42.0	30.36933178972013	19.675611634717207	19.6890097444515	30.256218405543166	0.009828425567996507
43.0	30.373018764802335	19.86768207260917	19.54938089344834	30.198940200149515	0.010978068990645868
44.0	30.571444973987155	19.630741209214545	19.63907021334799	30.14498741394931	0.013756189501000108
45.0	30.374579170076153	19.661900981728902	19.67695677983269	30.2708179309072	0.015745137455049983
46.0	30.397510456168597	19.745418291343043	19.5463806015636	30.297201344486368	0.013489306438389626
47.0	30.593059853081282	19.64019842389465	19.64860807060352	30.105253450026296	0.012880202394248303
48.0	30.362873923499738	19.597480949571835	19.669151344452292	30.351865725593264	0.01862805688287184
49.0	30.42720212927244	19.84932939273185	19.516724159767808	30.19033554383857	0.01640877438933467
50.0	30.50000592113915	19.619211541110467	19.704101978221427	30.15980531294467	0.016875246584281807
51.0	30.302138289903567	19.734054045976254	19.71738222157742	30.227776660442103	0.0186487821006561
52.0	30.461340540480013	19.75606516665697	19.56223675775446	30.204152030649244	0.016205504459313142
53.0	30.520107820162778	19.658844002149937	19.699477789789217	30.113039623303813	0.008530764594250263
54.0	30.344113287016423	19.647409563094527	19.663711774419625	30.33563613712737	0.009129238342055793
55.0	30.36432008987583	19.825178356269486	19.62431667392414	30.17709429097052	0.00909058896002266
56.0	30.48072895853633	19.606555964190704	19.664838917387943	30.240993811156414	0.0068823487286100785
57.0	30.354080678480766	19.76841642540796	19.678175782143658	30.196446104759385	0.0028810092082320656
58.0	30.302417276529535	19.834594849941382	19.67283324423108	30.1877090897609	0.0024455395370996088
59.0	30.55025345911522	19.61104714221986	19.668479932089166	30.16861079161039	0.001608674965367084
60.0	30.29921027605712	19.74516995883196	19.79309010099711	30.160952936855473	0.0015767272583371772
61.0	30.34710952688765	19.74007185859652	19.692564724029126	30.218585347223854	0.0016685432628548897
62.0	30.5766227188749	19.654259528476764	19.566183799408453	30.20239351661341	5.404366264710492E-4
63.0	30.257505032988373	19.795417742665357	19.67824372319521	30.268787199510065	4.630164099189227E-5
64.0	30.348076807375286	19.780136034272367	19.574032850009022	30.297708027688174	4.628065514895429E-5
65.0	30.50062544255921	19.684370474176745	19.644925650053167	30.170063013029434	1.5420181440022896E-5
66.0	30.293563738499962	19.715915904621532	19.706220464746053	30.284238235917027	6.165621542435044E-5
67.0	30.4622724685523	19.88199659105372	19.468513163826955	30.18721777656702	0.0
68.0	30.523625186787847	19.719990369672416	19.805295478690592	29.951073561254166	1.54035949834188E-5
69.0	30.293853404086313	19.78714970390746	19.736176265226966	30.18229703254508	5.235942341802933E-4
70.0	30.335306473054064	19.826512950018895	19.630050929237644	30.208098854269217	3.079342018514852E-5
71.0	30.51867341921496	19.68443875061231	19.722123955382443	30.074532960545376	2.309142449150374E-4
72.0	30.321984908650574	19.781836999757722	19.766752422998625	30.12942566859308	0.0
73.0	30.289508435915668	19.869513422663847	19.575757016077645	30.26522112534284	0.0
74.0	30.592537619408493	19.604108938838102	19.672166470384354	30.131171580701583	1.5390667468623046E-5
75.0	30.344964296339228	19.713681219260355	19.670141483364482	30.271197610531907	1.5390504028233572E-5
76.0	30.364398516579204	19.755723475464993	19.56548607118973	30.314345762638823	4.617412725127729E-5
77.0	30.412160720700975	19.779857301748898	19.677375859386473	30.130606118163662	0.0
78.0	30.238212708115736	19.823909323846596	19.617939112557796	30.31990806770539	3.078777448263069E-5
79.0	30.150061869517135	20.003491851806917	19.616786199979956	30.22959849400804	6.158468795269557E-5
80.0	30.35333648505269	19.758754875797106	19.68988929457437	30.197973146735123	4.6197840712925076E-5
81.0	30.198373389651596	19.83958783460212	19.633061523060693	30.32888483339343	9.241929215756071E-5
82.0	30.20376222158092	20.049994907754865	19.500510071937015	30.24571739102634	1.5407700861336703E-5
83.0	30.451106843284805	19.88561643202185	19.441584384277	30.221461137947724	2.31202468625825E-4
84.0	30.169618175995144	19.89555316070575	19.54119317283796	30.3933425162751	2.929741860444676E-4
85.0	30.260250013035332	19.963587459054402	19.429293120954615	30.346730569102533	1.388378531225096E-4
86.0	30.37930961572386	19.812985106438475	19.511351168484254	30.296107172032126	2.4693732128875973E-4
87.0	30.013247998517706	20.03427803812274	19.599441051810793	30.35232264589397	7.102656547954512E-4
88.0	30.150434773876643	20.18770552016444	19.398847967025628	30.26265641161117	3.553273221219839E-4
89.0	30.22050248994315	20.132260067049774	19.49920114066231	30.147928097713113	1.082046316528845E-4
90.0	30.118254647706944	20.072386600126677	19.62991577324124	30.17854588003468	8.97098890458812E-4
91.0	30.133635987537026	20.164712936377768	19.556407084349487	30.14456298882273	6.810029129899603E-4
92.0	30.304027195218907	20.126450705180837	19.645426287503508	29.923553716768204	5.420953285477158E-4
93.0	30.116725932755024	20.06121183056729	19.609671506429162	30.211925736093498	4.649941550234713E-4
94.0	30.04656595473392	20.322750772867654	19.55745280194578	30.07267205127529	5.584191773554819E-4
95.0	30.260955449788447	20.133849659530853	19.619660676566575	29.9853789685047	1.5524560942129715E-4
96.0	30.09175623341866	20.242181764507094	19.608690078968937	30.056999025026897	3.728980784095897E-4
97.0	30.112533930072367	20.312214981560547	19.598134205633926	29.97647929672708	6.375860060757281E-4
98.0	30.16415407673702	20.181576408982284	19.6569140727087	29.997059699311063	2.957422609309064E-4
99.0	30.042031241503814	20.196263166021144	19.685896046645222	30.074968204301406	8.413415284152974E-4
100.0	29.989761153363574	20.39609442197305	19.65094344772301	29.962483555850845	7.174210895286934E-4
101.0	30.061323832268805	20.28132868147125	19.688979711255442	29.967618381193837	7.493938106628435E-4
102.0	29.921911838507874	20.302203044849076	19.70959074788994	30.065294100087197	0.0010002686659119847
103.0	29.956319278427085	20.49775400323166	19.618272082218706	29.926449844933984	0.0012047911885640595
104.0	30.128635909215802	20.349076734473165	19.624048796366527	29.89798792372012	2.5063622439085214E-4
105.0	29.88351582619889	20.387278942685732	19.67773752237019	30.051232460053594	2.3524869158598552E-4
106.0	29.96514131045998	20.41603678730986	19.608409362460808	30.010051374915342	3.6116485401167E-4
107.0	30.09636809934788	20.32769115920327	19.717945799154617	29.857130189069647	8.647532245861605E-4
108.0	29.849087597015284	20.334643007208953	19.831349773290555	29.98414820741242	7.714150727893094E-4
109.0	29.873575724823997	20.514953963188837	19.700422580817044	29.91044868352975	5.990476403671091E-4
110.0	29.958880336522302	20.3672653568848	19.75303574633839	29.920344958724836	4.7360152966979395E-4
111.0	29.88104855603002	20.41667786513461	19.71187000713013	29.990024141261955	3.79430443285425E-4
112.0	29.912620612149706	20.449797701232413	19.69652493244833	29.940660928139206	3.9582603034307354E-4
113.0	30.145619852088707	20.286399928196246	19.833091159527548	29.734857344748566	3.1715438932953085E-5
114.0	30.02204903901959	20.37218752451967	19.84818533009867	29.757514573617456	6.353274461774412E-5
115.0	29.813508661929937	20.68612597293482	19.672124366378263	29.828193269803975	4.772895300336824E-5
116.0	30.050610171630893	20.450232268749637	19.798655792821503	29.69967303240925	8.287343887159526E-4
117.0	29.907487999366523	20.40502018252074	19.8356406521499	29.851611696091663	2.3946987117798104E-4
118.0	29.899422706904407	20.475633088072662	19.801983206571517	29.822689120383288	2.718780681240077E-4
119.0	29.99853084637828	20.3992060482347	19.859832811279126	29.742302123671976	1.2817043591886748E-4
120.0	29.807041039129796	20.458012302173007	19.994899239925758	29.739919017007455	1.2840176398343358E-4
121.0	29.82709709954544	20.584821897356903	19.9252819415117	29.66188245317217	9.166084137898428E-4
122.0	29.91662762228411	20.42375131553253	19.98032098671546	29.678317252633157	9.828228347446238E-4
123.0	29.767601791254876	20.42225895708156	20.082927868736018	29.72550019856196	0.0017111843655864681
124.0	29.813939171506938	20.503360139287224	20.047254005890657	29.633343917255832	0.0021027660593500867
125.0	29.888698276302172	20.469420185683852	20.12150404405717	29.51854610046895	0.0018313934878564837
126.0	29.75081051260385	20.482034740268123	20.219006896117158	29.543633048548905	0.004514802461964008
127.0	29.70036178159535	20.65183500988748	20.142196830538065	29.502286683599277	0.003319694379822507
128.0	29.77494321969445	20.467832538213372	20.233014502622787	29.521160366368314	0.003049373101072205
129.0	29.62893363356788	20.59406895154306	20.260471987005815	29.515267188046394	0.0012582398368536814
130.0	29.72561023038274	20.58924622929607	20.221636677179074	29.463195732067675	3.1113107444531474E-4
131.0	29.712593182884117	20.447737337581245	20.39520734822509	29.444314436868996	1.4769444055151072E-4
132.0	29.56956107149565	20.55314471190866	20.447526625724173	29.429290648408212	4.76942463305856E-4
133.0	29.56673718371587	20.679594462680853	20.419911060824994	29.333724325480855	3.2967297429968395E-5
134.0	29.631858215253175	20.569771875807493	20.537918154440323	29.259427412836786	0.0010243416622223455
135.0	29.53318479105964	20.570885879955654	20.602316563953906	29.293082848335356	5.299166954394872E-4
136.0	29.48870483177586	20.646488621840092	20.581223961359072	29.282902053214265	6.805318107125666E-4
137.0	29.60538684820265	20.489632703097428	20.639857099645912	29.264607571416068	5.157776379447293E-4
138.0	29.431610549358904	20.448643802772857	20.823066819555926	29.295961638694884	7.171896174293756E-4
139.0	29.458008766868417	20.715150009354737	20.69501935067925	29.131554356038787	2.675170588104486E-4
140.0	29.57702989058508	20.482001630386407	20.912748176711357	29.028119723266798	1.00579050356075E-4
141.0	29.43174361125903	20.564709702925562	20.87117025167686	29.132309198388494	6.723575005513331E-5
142.0	29.420925102483302	20.602304108468616	20.919505895465853	29.057214322005414	5.057157681839376E-5
143.0	29.42078934996499	20.480398158702027	21.09123286466595	29.005465719185146	0.0021139074818795852
144.0	29.23375832090348	20.579340015110944	21.12598772155071	29.060880008130656	3.393430420508807E-5
145.0	29.2998629319483	20.6083041984244	21.147669025617827	28.944146812690917	1.7031318551057165E-5
146.0	29.435198601840305	20.50577160253442	21.15122223429959	28.907790443797595	1.711752809200329E-5
147.0	29.271517063015594	20.549445797223104	21.311079420885537	28.86783711453777	1.2060433800020435E-4
148.0	29.20333284710027	20.59194082730685	21.27738918094041	28.927179352674187	1.5779197827660302E-4
149.0	29.19862210798042	20.84274497689965	21.74803472094983	28.210525123585196	7.307058490628423E-5
