#Position (bp)	insert size
15197.0	282.68624535315985
45590.0	287.47416762342135
75983.0	291.6409794742528
106376.0	291.854532677442
136769.0	286.96165644171776
167162.0	284.37625017608116
197555.0	288.9796866930625
221485.0	279.7491369390104
236681.5	290.9716330858961
258341.0	282.14360073484386
288734.0	287.32170606711855
319127.0	282.758238005805
349520.0	287.15149957155097
379913.0	289.1117967332123
410306.0	287.3104122535441
440699.0	285.0519440602428
471092.0	279.4613807245386
501485.0	282.12425940752604
531878.0	285.17833333333334
562271.0	286.1972459992557
592664.0	285.0778894472362
623057.0	287.79014598540147
653450.0	286.3442258340462
683843.0	285.9688888888889
714236.0	287.61934673366835
744629.0	287.86031800307745
775022.0	283.50806922029943
805415.0	287.5469798657718
835808.0	286.88590844062946
866201.0	286.0886622882821
896594.0	288.741053767308
926987.0	291.223144696713
957380.0	283.03679100664283
987773.0	285.7308588548602
1018166.0	286.5088481338481
1038382.5	278.36304700162077
1053579.0	280.61209016393445
1078952.0	286.1877126992656
1109345.0	289.97247852370344
1139738.0	282.60979095944253
1170131.0	276.0694589877836
1200524.0	282.5606088732133
1230917.0	284.1927167838471
1261310.0	290.46682585706975
1291703.0	289.1297036297036
1322096.0	285.4757172623818
1348657.5	276.1676622039135
1363854.0	282.1184834123223
1382882.0	283.2826904985889
1413275.0	287.75441826215024
1443668.0	284.8874391092554
1474061.0	287.05089505089506
1504454.0	284.89127897281975
1534847.0	287.8726012793177
1565240.0	283.27713144643167
1595633.0	285.49534803583737
1626026.0	285.8258330470629
1656419.0	287.440728945506
1686812.0	281.9387984278495
1717205.0	290.9758692760783
1747598.0	289.9405415640977
1777991.0	282.453827247191
1808384.0	283.1663093962129
1838777.0	286.33415018379134
1869170.0	281.4074826477061
1899563.0	291.94867002156724
1929956.0	282.2909090909091
1960349.0	283.3626701473056
1990742.0	282.834083138384
2021135.0	283.5669520547945
2051528.0	286.8630020422056
2081921.0	285.1595385980479
2112314.0	295.3214102344686
2142707.0	286.0752139865234
2173100.0	284.68673395818314
2203493.0	282.9523622047244
2233886.0	287.33633349123636
2264279.0	286.38205417607224
2294672.0	285.2964463266433
2325065.0	279.7868338557994
2355458.0	281.3727959697733
2385851.0	281.34451821281175
2416244.0	289.01564185544765
2446637.0	283.0191379864908
2477030.0	285.1308294766821
2507423.0	286.47944950716015
2537816.0	284.0013554727211
2568209.0	281.18843002842334
2598602.0	286.3544448683709
2628995.0	284.3327331652863
2659388.0	292.2991741109051
2689781.0	282.192506244796
2720174.0	281.0423344947735
2750567.0	287.90676666098517
2780960.0	291.27290109508084
2811353.0	284.8800868149756
2841746.0	285.74092990489606
2872139.0	279.636404494382
2889645.5	304.11587205793603
2904842.0	293.9662940670679
2932925.0	288.18519823788546
2963318.0	288.9156883671291
2993711.0	288.34533143264434
3024104.0	288.78461262553805
3054497.0	284.89837180175346
3084890.0	282.53572621035056
3115283.0	285.988855998607
3145676.0	284.7396853146853
3176069.0	281.44200567644276
3206462.0	283.76298595230315
3236855.0	284.66293636211793
3267248.0	289.50835322195707
3297641.0	298.02280753384343
3322340.5	278.3014766201805
3337537.0	0.0
3358427.0	216.0
3388820.0	0.0
3410819.5	0.0
3426016.0	278.81966019417473
3449606.0	286.31783573627087
3479999.0	283.94194534034966
3510392.0	288.38865340723834
3540785.0	280.1962855061908
3571178.0	281.10642570281124
3601571.0	288.4905888447591
3631964.0	288.77150239940937
3662357.0	283.4711391111868
3692750.0	282.1121185701831
3723143.0	283.0994270306707
3753536.0	290.5970445125248
3783929.0	283.99455689743155
3814322.0	282.2297135014582
3844715.0	280.9624932052908
3875108.0	285.54992826398853
3905501.0	284.5480691549523
3935894.0	289.08359974424553
3966287.0	286.13548169394295
3987990.0	283.38528138528136
4003186.5	283.30326669917116
4027073.0	288.5180825656772
4057466.0	288.8587208266524
4087859.0	284.6925455170045
4118252.0	283.77667984189725
4148645.0	282.3244653103808
4179038.0	286.5257813739489
4209431.0	287.4618987569807
4239824.0	286.0568776371308
4259839.0	278.56770356816105
4275035.5	276.0021687269573
4300610.0	287.8940943582976
4331003.0	289.5558555518056
4361396.0	286.0863668807994
4391789.0	289.87921530479895
4422182.0	284.13960432997385
4452575.0	287.8123278236915
4482968.0	288.6155938349955
4513361.0	289.354071825999
4543754.0	284.386078098472
4574147.0	282.3511830635118
4604540.0	284.2173913043478
4634933.0	287.3444223467727
4665326.0	286.7429451000513
4695719.0	286.1969202898551
4726112.0	288.182478055368
4756505.0	281.8051761322789
4786898.0	290.28524536353194
4817291.0	279.31927975406234
4847684.0	282.74421678783875
4878077.0	285.9925086789695
4908470.0	285.28574181117534
4938863.0	285.1929625425653
4969256.0	286.16288451840643
4999649.0	285.23936981196005
5030042.0	280.4765414344778
5060435.0	284.28217299578057
5090828.0	284.01262509622785
5121221.0	284.8641444539983
5151614.0	283.1776108976598
5182007.0	282.84014272970563
5212400.0	286.8214350262064
5242793.0	287.992994100295
5273186.0	286.5342978723404
5303579.0	288.3840579710145
5333972.0	281.5672068636797
5352383.0	297.04446742502586
5367579.5	281.1951793062904
5394758.0	288.13560477001704
5425151.0	285.945974025974
5455544.0	280.344
5485937.0	284.2441121495327
5516330.0	286.85255960729313
5546723.0	288.87460540161345
5577116.0	276.4848828420257
5607509.0	286.2905878236529
5637902.0	284.4086956521739
5668295.0	286.58039945836157
5698688.0	286.18303496737497
5729081.0	279.17831795599716
5759474.0	283.9963800904977
5789867.0	284.14704896042923
5820260.0	280.08903020667725
5850653.0	287.73852080123265
5881046.0	290.42077104642016
5907241.5	285.1128364389234
5922438.0	286.72155172413795
5941832.0	294.85865780310223
5972225.0	284.93421498813154
6002618.0	288.77197473971665
6033011.0	288.4985147649834
6063404.0	281.9201451905626
6093797.0	291.17348497708366
6124190.0	283.30559392265195
6154583.0	285.96656050955414
6184976.0	285.11198148477837
6215369.0	291.11590865476876
6245762.0	286.5876371852808
6276155.0	291.38669512628957
6306548.0	285.45619064683746
6336941.0	285.44498937387607
6367334.0	284.2531769305963
6397727.0	286.5695530726257
6428120.0	286.5533081933493
6458513.0	282.6478231522106
6488906.0	285.00770547945206
6519299.0	281.8979662185453
6549692.0	285.51043338683786
6580085.0	284.6804505229284
6610478.0	290.74387527839644
6640871.0	286.7076851275669
6660029.5	274.22826614861583
6675226.0	278.8302554027505
6701657.0	290.5572605394928
6732050.0	290.43168117883454
6762443.0	287.7728801557798
6792836.0	285.69699918897
6823229.0	284.5580195977308
6853622.0	283.8873786407767
6884015.0	283.8004686373468
6914408.0	287.08596187175044
6944801.0	288.26226170645936
6975194.0	283.48269679038907
7005587.0	285.18846363141665
7035980.0	286.2305747513905
7066373.0	283.9644921552436
7096766.0	285.29319371727746
7127159.0	283.4620874219447
7157552.0	284.05934322387066
7187945.0	287.52407247627264
7218338.0	290.705654816725
7248731.0	282.1322214580468
7279124.0	288.07341373885686
7309517.0	288.4965601589971
7327760.5	266.89519359145527
7342957.0	287.65560297139245
7370303.0	285.9638574854402
7400696.0	289.34203480589025
7431089.0	288.1872946330778
7461482.0	282.518484458341
7491875.0	281.03019260801665
7522268.0	285.610161049311
7552661.0	283.08956252152944
7583054.0	285.6848949055932
7613447.0	284.9942217407006
7643840.0	288.558367768595
7674233.0	289.7891965347376
7704626.0	282.65287277701776
7735019.0	284.72538948810137
7765412.0	280.08412582297
7795805.0	288.39978339509764
7826198.0	278.5844943240454
7856591.0	285.7804232804233
7886984.0	287.2070360598065
7917377.0	283.1523412443874
7947770.0	288.45481663449726
7978163.0	288.8311666940925
8008556.0	281.89919663351185
8038949.0	286.10631349782295
8069342.0	283.81176953044906
8099735.0	286.52120109190173
8130128.0	283.76949356913184
8160521.0	286.8243243243243
8190914.0	285.8740048459675
8221307.0	292.81195079086115
8251700.0	287.2455621301775
8282093.0	285.64260747990215
8312486.0	284.0606973058637
8342879.0	286.8942747393452
8373272.0	281.1838795394154
8398726.5	288.6213954878231
8413923.0	282.72290909090907
8434058.0	288.308533916849
8464451.0	285.9032258064516
8494844.0	286.84979386986913
8525237.0	289.1844404153618
8555630.0	286.8565601631543
8586023.0	282.610946975587
8616416.0	286.648709315376
8646809.0	282.0103168754606
8677202.0	285.0336694582123
8707595.0	284.0760729416099
8737988.0	287.9897254207263
8768381.0	280.03914057295134
8798774.0	286.8657513348589
8829167.0	282.6512879661669
8859560.0	287.98451406194374
8889953.0	285.13793706293706
8920346.0	282.4677664012135
8950739.0	286.6381891201168
8981132.0	284.07127808988764
9011525.0	287.2659538924156
9041918.0	287.84378887506665
9072311.0	288.00419815281276
9102704.0	285.07925653165
9133097.0	285.8595667870036
9163490.0	288.80175816289915
9193883.0	284.29267443883765
9224276.0	285.9674250258532
9254669.0	283.531904203651
9285062.0	290.6828137490008
9315455.0	286.53631457208945
9332033.5	268.79545454545456
9347230.0	286.4813780260708
9376241.0	284.95803159973667
9406634.0	290.0032252862442
9437027.0	284.6451099537037
9467420.0	292.1115075825156
9497813.0	284.53664302600475
9528206.0	292.2491755221693
9558599.0	287.6473165388828
9588992.0	288.1937068024736
9619385.0	284.1753867547367
9649778.0	290.6289777777778
9680171.0	283.07618369526523
9710564.0	287.7521904761905
9740957.0	285.66728555514294
9771350.0	291.3553003827592
9801743.0	289.6423710601719
9832136.0	287.7462713714078
9862529.0	284.84513483677654
9892922.0	281.9873495834619
9923315.0	287.16697777023586
9953708.0	280.0563620836892
9984101.0	290.20984105512343
1.0014494E7	288.3001471309465
1.0044887E7	286.05488215488214
1.007528E7	281.87516425755587
1.01041125E7	282.2347937730701
1.0119309E7	264.10499490316005
1.0136066E7	282.89172066234704
1.0166459E7	284.137037640541
1.0196852E7	286.84006892230576
1.0227245E7	281.7782490154499
1.0257638E7	287.7669371912491
1.0288031E7	285.3650530503979
1.0318424E7	287.61219110378914
1.0348817E7	285.288959886404
1.037921E7	287.355749486653
1.0409603E7	283.2845894263217
1.0439996E7	282.3152211175866
1.0470389E7	283.5874061870767
1.0500782E7	285.08417697787775
1.0531175E7	281.5811146609869
1.0561568E7	284.7550759100055
1.0591961E7	285.81700419631454
1.0622354E7	289.5889029003783
1.0652747E7	286.2276153704725
1.068314E7	287.1925925925926
1.0713533E7	283.76194039157
1.0743926E7	283.74615582853704
1.0774319E7	288.24835123421894
1.0804712E7	286.96307066007563
1.0835105E7	287.64769998152593
1.0865498E7	284.9869750132908
1.0895891E7	285.476765181032
1.0926284E7	281.24968383017165
1.0956677E7	286.2172264355363
1.098707E7	287.0034263338228
1.1017463E7	282.63092821553795
1.1047856E7	289.43875838926175
1.1078249E7	285.5927867810613
1.1108642E7	283.99848714069594
1.1139035E7	286.62673186634066
1.1169428E7	286.5596674274535
1.1196832E7	284.8545751633987
1.12120285E7	298.1766971593645
1.1230214E7	284.346305341106
1.1260607E7	284.84965763620124
1.1291E7	285.97067901234567
1.1321393E7	290.4891843971631
1.1351786E7	286.1405658677239
1.1382179E7	284.92726627638814
1.1412572E7	283.4712918660287
1.1442965E7	283.16934282403577
1.1473358E7	287.29118563313176
1.1503751E7	286.4039435600579
1.1534144E7	286.4159211247033
1.1564537E7	285.8877855014896
1.159493E7	289.64960058097313
1.1625323E7	282.25937557731385
1.1655716E7	278.2431734317343
1.1686109E7	286.5515894157343
1.1716502E7	285.40718989143977
1.1746895E7	287.8886867951983
1.1777288E7	281.5384321223709
1.1807681E7	283.4230145867099
1.1838074E7	284.4876447209262
1.1868467E7	282.1393557422969
1.189886E7	285.0673758865248
1.1929253E7	286.9492012206067
1.1959646E7	290.7237627237627
1.1990039E7	282.1055843195266
1.2020432E7	283.1685950413223
1.2050825E7	281.63038327526135
1.2081218E7	281.9269841269841
1.2111611E7	289.9523424878837
1.21419565E7	285.3008405639913
