# Position (bp)	A	C	G	T	N
0.0	26.258049647433197	22.487712238123308	33.978952360269645	17.27382318918943	0.0014625649844214668
1.0	23.0833527781257	20.032290011607536	11.994014182936183	44.89021586792546	1.2715940512287097E-4
2.0	32.171752080661285	20.916572261287474	13.548274003503396	33.363214507320365	1.8714722747620733E-4
3.0	21.31135802642369	23.429058299591464	10.696340525774716	44.56297489159338	2.682566167558035E-4
4.0	40.27441652453921	10.17122644938175	10.431039403766949	39.12303015045866	2.874718534254941E-4
5.0	44.19495651562486	10.734778424685814	23.441499881855933	21.620548237527625	0.008216940305768292
6.0	34.783912758214576	14.117373781007144	21.22858994160245	29.87004201526568	8.150391015008945E-5
7.0	40.33575794249659	15.281926092125667	20.112152312895077	24.270163652482665	0.0
8.0	19.452470832351853	31.778313305766797	22.917620271824603	25.851555047056234	4.054300051449067E-5
9.0	30.19287057961512	20.006016269010978	13.41205191793356	36.38906123344034	0.0
10.0	27.910099483885453	15.249141760700837	28.25068986207604	28.590068893337673	0.0
11.0	27.40027855720187	18.643239808488396	18.560631939116448	35.395849695193284	0.0
12.0	25.16836607098486	20.868137773574116	23.43972793435207	30.523768221088947	0.0
13.0	23.75475979459061	26.626686668718296	18.612775493576336	31.005778043114763	0.0
14.0	32.607641308363746	20.821704810628077	20.278438683035453	26.29221519797272	0.0
15.0	32.65442680184714	19.151601162340533	19.51100223932206	28.682969796490266	0.0
16.0	31.723031433227494	18.736614817961524	18.515811815040685	31.024521933498296	2.000027200369925E-5
17.0	31.79866058677724	18.45402233420617	18.83030037929402	30.916976753011483	3.9946711087409394E-5
18.0	31.426384642067873	18.56865847088113	19.353721664708182	30.651235222342816	0.0
19.0	30.88751276009273	19.19177712132308	19.283697601939295	30.637012516644894	0.0
20.0	30.684603655594373	19.22624399905525	19.486985508590205	30.602166836760176	0.0
21.0	30.426948480740425	19.43395772669645	19.452222668521912	30.686791624838495	7.94992027223707E-5
22.0	30.595102463300037	19.465098832362866	19.275273675189343	30.664445621008372	7.940813937398991E-5
23.0	30.872823661854078	19.336692170269117	19.38672373001043	30.403760437866374	0.0
24.0	30.51970690026749	19.48476977979488	19.347121772036356	30.64792614824863	4.753996526413205E-4
25.0	30.67845008349214	19.53215511037406	19.326190017786725	30.463204788347078	0.0
26.0	30.83263621153706	19.368395792283533	19.498503230744415	30.300326395324195	1.3837011079097098E-4
27.0	30.568696374384626	19.49207381044955	19.510201196209994	30.429028618955833	0.0
28.0	30.788603942743542	19.51100574403138	19.417718003133395	30.282494769455592	1.77540636092591E-4
29.0	30.774330549602148	19.388190082033848	19.599655112950508	30.237824255413493	0.0
30.0	30.49975998068819	19.547712255634153	19.60922335736414	30.34306812807383	2.3627823967985875E-4
31.0	30.611246001009608	19.71138807804125	19.306974129074877	30.370391791874262	0.0
32.0	30.68099844128683	19.550292578127305	19.434106531067137	30.334425546384985	1.769031337407347E-4
33.0	30.40391840325853	19.515207575998602	19.599891591890604	30.48053072839644	4.5170045582467735E-4
34.0	30.497305891012356	19.59071206932177	19.481001130468105	30.429430709918666	0.001550199279098467
35.0	30.608633556764847	19.38397449798496	19.660005811598335	30.343562713694862	0.0038234199569973097
36.0	30.582903287808165	19.489227587360844	19.575573035376557	30.349553098140113	0.0027429913143180032
37.0	30.55668674085502	19.60878826560579	19.5466078798368	30.284941226222266	0.0029758874801281195
38.0	30.666069038566775	19.47278949828391	19.60809709121935	30.249992320961503	0.0030520509684685963
39.0	30.520465414721865	19.555019607337123	19.58563590999042	30.33543815526415	0.003440912686449568
40.0	30.547473350214137	19.455828566069584	19.539763668761136	30.44843539966864	0.008499015286504735
41.0	30.723932892093952	19.470102702674204	19.49210804761043	30.30524557047246	0.00861078714895666
42.0	30.45643556763345	19.554384972776926	19.599423398867366	30.38023320459915	0.009522856123108674
43.0	30.470158922152585	19.725444024246613	19.4876468533562	30.306160200753624	0.010589999490977924
44.0	30.678683939791224	19.533039314408057	19.569723457696867	30.20561052979154	0.012942758312311096
45.0	30.422667413732242	19.612964964546855	19.58107310930198	30.367533662759115	0.015760849659807223
46.0	30.476159691937905	19.664350021847547	19.48902443108754	30.356932838070342	0.013533017056664202
47.0	30.677745149482057	19.535022133091267	19.575757764487715	30.198765747348	0.012709205590960544
48.0	30.43388691005367	19.53597989304563	19.582706774230573	30.42960717905422	0.017819243615905814
49.0	30.532316804038118	19.75667850802743	19.422106595579613	30.272817952202903	0.016080140151934964
50.0	30.619583337139527	19.52147268119552	19.58980929304065	30.252789099727334	0.016345588896972064
51.0	30.409687681043696	19.642670496293352	19.603309580788764	30.326244871521386	0.01808737035279892
52.0	30.572097640856093	19.649181341563548	19.480318716310013	30.282982298458233	0.015420002812111344
53.0	30.544185027063747	19.588653592020325	19.619812668911806	30.23942789993452	0.007920812069609184
54.0	30.43901331410756	19.550924205359994	19.56363572850127	30.437208471890553	0.009218280140622438
55.0	30.481260183839215	19.71963753631941	19.539216620141996	30.250961614383076	0.008924045316302117
56.0	30.577097436404664	19.497947630393107	19.605351579204594	30.312427575546884	0.007175778450749432
57.0	30.40188480867397	19.714335624136393	19.583739104758532	30.297481266980114	0.00255919545099131
58.0	30.36146609928858	19.73801242585143	19.590883057251755	30.30746762465827	0.0021707929499622533
59.0	30.611711053256936	19.54132521893604	19.628074192170775	30.21759130440848	0.0012982312277702121
60.0	30.383462940348743	19.68220581945314	19.699020121372914	30.234110097259503	0.0012010215656982042
61.0	30.38105323582283	19.671159633100014	19.6146860701256	30.33186158631837	0.0012394746331832924
62.0	30.64436681486507	19.553185878438583	19.527337319626433	30.274722742743137	3.872443267738017E-4
63.0	30.346561429360698	19.706654752230182	19.585800397311353	30.360847912450573	1.35508647193945E-4
64.0	30.44380370883851	19.67363258572172	19.50714111381285	30.37536452670996	5.8064916964265496E-5
65.0	30.596645077291562	19.62207724376397	19.595178413746968	30.18607991352123	1.9351676271226127E-5
66.0	30.389377301638497	19.601228946531847	19.702383497644984	30.306894162503973	1.160916806960238E-4
67.0	30.490887437881202	19.83471873786062	19.428692808535597	30.245701015722577	0.0
68.0	30.570440186608206	19.618311249144547	19.801588545081962	30.009640675915062	1.934325023086169E-5
69.0	30.360268499367354	19.704562500991226	19.702841152831347	30.231631571149897	6.962756601757013E-4
70.0	30.42663415649209	19.7099766500725	19.62382133534356	30.23956785809185	0.0
71.0	30.612565742682012	19.57007699034169	19.657946612243194	30.159275292199368	1.3536253373911154E-4
72.0	30.41315298417272	19.70319736244187	19.708321650600897	30.175328002784518	0.0
73.0	30.37905881697792	19.785509766220187	19.522211634695257	30.313219782106632	0.0
74.0	30.671587377977183	19.53927400881807	19.630304718921412	30.158833894283337	0.0
75.0	30.395542055225462	19.643766592096892	19.659795548629226	30.300895804048423	0.0
76.0	30.460070936618212	19.679004358175973	19.442697207994573	30.41822749721124	0.0
77.0	30.55174184805519	19.641339179843616	19.675759232889174	30.13115973921202	0.0
78.0	30.437592495795446	19.672836823928616	19.574406697425598	30.315144644908	1.9337942338510295E-5
79.0	30.311795196301674	19.883630394413515	19.60612798954739	30.19840774074866	3.8678988761046236E-5
80.0	30.584888997544795	19.633862682742755	19.658929188282336	30.12231913143011	0.0
81.0	30.32814616634076	19.77970515030417	19.662249640543973	30.22984101143276	5.8031378340020155E-5
82.0	30.340970668230856	19.88221403716011	19.52812487122843	30.24865173145404	3.869192656194955E-5
83.0	30.599143859073415	19.73042241290573	19.50212719520586	30.168229138046726	7.739476826845459E-5
84.0	30.29141800309127	19.72492465829904	19.62758470946154	30.355743647213707	3.2898193444086713E-4
85.0	30.414497603062134	19.76705340773957	19.51309489891983	30.305160539094246	1.9355118422356555E-4
86.0	30.588855218190385	19.599347080115486	19.59264907608197	30.218974400073716	1.7422553844402655E-4
87.0	30.237875984469987	19.735733365758527	19.6842686943773	30.341328106061372	7.938493328180413E-4
88.0	30.29812700832613	19.91616545663565	19.4844237556512	30.301012645676266	2.711337107514587E-4
89.0	30.424525058099523	19.82357349867684	19.584647275816828	30.16719605335877	5.8114048044433225E-5
90.0	30.307428729982313	19.772188610748128	19.703499520242065	30.215875569857868	0.0010075691696234945
91.0	30.35294742419937	19.88651274284711	19.566483096689964	30.193475287051786	5.814492117680669E-4
92.0	30.47519950151038	19.835144797935474	19.719498772872566	29.96945898017073	6.97947510857446E-4
93.0	30.27445647641806	19.836181742230984	19.584690695878518	30.304477153450264	1.9393202217186023E-4
94.0	30.208158539043378	20.0326526241501	19.597277835770413	30.161426022659356	4.84978376754094E-4
95.0	30.46833444237643	19.774849697007095	19.674443940539767	30.082080832649766	2.9108742694433306E-4
96.0	30.221463052703978	19.96355054498497	19.64795681353025	30.166602507394817	4.2708138598780915E-4
97.0	30.28405827047446	19.971837309680453	19.65030258093909	30.09304446411461	7.573747913820848E-4
98.0	30.369969586085173	19.824646441882805	19.71066468634618	30.09433073359606	3.8855208977884583E-4
99.0	30.175863794720296	19.901286156447544	19.763817557225945	30.158216192840865	8.162987653481175E-4
100.0	30.176859690534428	20.03999564461624	19.643208517886237	30.13908062515312	8.555218099730511E-4
101.0	30.302743820121552	19.93621122038253	19.71013376346797	30.050171999386855	7.39196641090463E-4
102.0	30.15984444306479	19.897792663281944	19.70480615423779	30.236544708508823	0.0010120309066454036
103.0	30.21359146927035	20.137305741855236	19.592101707033834	30.05575490118956	0.0012461806510203493
104.0	30.399488658257816	19.993173798138457	19.596128078560543	30.01093672866744	2.7273637574656715E-4
105.0	30.162760535949644	19.99067534005577	19.66025804203192	30.186033203118146	2.7287884452182075E-4
106.0	30.191612574215622	20.035551343218675	19.601895161565547	30.1706483976056	2.925233945584798E-4
107.0	30.41290561767059	19.940798844855507	19.716092021307734	29.92934496282854	8.585533376261E-4
108.0	30.128244676613964	19.988488709720244	19.761074345441795	30.121313692812553	8.785754114466271E-4
109.0	30.166360855791158	20.094001678573495	19.617917443566952	30.121055782091776	6.642399766187528E-4
110.0	30.236984891418988	20.002111311055742	19.735362798503704	30.025208663022045	3.3233599951518043E-4
111.0	30.127546508952786	20.03443470122683	19.67042692612874	30.16723973062603	3.5213306560786774E-4
112.0	30.15373712576374	20.047610937203288	19.64640265305683	30.151857746663612	3.9153731252704056E-4
113.0	30.326503904489872	19.885333772172135	19.7939808556573	29.99416187666279	1.9591017910108573E-5
114.0	30.26163486007583	20.0017252804561	19.792711474291362	29.943810752418333	1.1763275837055104E-4
115.0	30.06823308182162	20.298007631682626	19.55748170169884	30.076199101841055	7.848295585647665E-5
116.0	30.31131706261472	20.021930457592116	19.731658229685017	29.93428913839497	8.051117131775776E-4
117.0	30.154181169261246	19.988188287734097	19.787605366959042	30.069789334868922	2.3584117669024423E-4
118.0	30.181071004681087	20.031975690921584	19.70222637829272	30.084589235506392	1.3769059821057297E-4
119.0	30.25090290198456	19.941607908722492	19.806396552386033	30.001033575452485	5.9061454427689586E-5
120.0	30.06816696788818	20.08452593670959	19.834313715444583	30.012855445987817	1.3793396982635296E-4
121.0	30.05519199845211	20.158915402182867	19.852196763034556	29.93308441083927	6.114254911965578E-4
122.0	30.206418694678256	20.01493738971188	19.86447763952126	29.913633220944252	5.330551443572559E-4
123.0	30.03653730389954	20.03939103966495	19.883344657367914	30.0393040837275	0.0014229153400945529
124.0	30.099394469811426	20.072804475807576	19.84637112161663	29.97960991978293	0.0018200129814404176
125.0	30.171668431156572	20.09258918199357	19.92346747813399	29.810710433937775	0.0015644747780921252
126.0	30.044189541213832	20.067622487698696	19.957852416051765	29.92627146533232	0.004064089703380926
127.0	30.028519317521024	20.224482950925736	19.89016986558014	29.853831055294133	0.0029968106789661597
128.0	30.12634094073128	19.99808468969688	19.96426873393022	29.909000905401356	0.002304730240266141
129.0	29.9015466691067	20.223839848983193	19.958366941800247	29.915132612131274	0.001113927978588713
130.0	30.02581046040604	20.183999107786555	19.93702725632416	29.852944105217453	2.1907026579197881E-4
131.0	30.006506481855727	20.02782054393231	20.061499513758626	29.90403387916927	1.3958128406406462E-4
132.0	29.884312555753347	20.18213225552183	20.07350057939556	29.85961537079319	4.392385360738624E-4
133.0	29.80184704993576	20.267491789189936	20.058285806358622	29.87231538146757	5.997304811217838E-5
134.0	29.970256552746875	20.14060575098701	20.148613140205782	29.739703798665406	8.207573949240359E-4
135.0	29.82469926881517	20.19103742285513	20.20416803819786	29.779634195089272	4.610750425692544E-4
136.0	29.81615598885794	20.320489849180657	20.12386760019072	29.739004742904463	4.8181886621998047E-4
137.0	29.969583375891407	20.04396818720298	20.149907632224252	29.8361989996775	3.4180500386440715E-4
138.0	29.73480199011788	20.079064995010608	20.309896113913204	29.875370931833128	8.659691251798648E-4
139.0	29.78644345833059	20.362993269295554	20.14442591726676	29.70587511462935	2.622404777456679E-4
140.0	29.902849992239638	20.142257100729474	20.3576475115112	29.597063512080297	1.8188343939158776E-4
141.0	29.775843666655668	20.219225659429544	20.25360875720086	29.751220670842994	1.0124587094026837E-4
142.0	29.830882681201476	20.26110301667634	20.322163013348376	29.585790411409228	6.08773645783025E-5
143.0	29.833842205227274	20.179320379342837	20.394031225638027	29.590242842564912	0.002563347226946557
144.0	29.57693354336517	20.259565567018637	20.385042045125836	29.778356847678367	1.0199681198764451E-4
145.0	29.70332452551368	20.282123127997203	20.373039475542438	29.641492403511393	2.0467435287086482E-5
146.0	29.912795020478228	20.128741444095045	20.33820287277254	29.620219527259707	4.11353944771208E-5
147.0	29.690959213821277	20.215571812929547	20.45834890459415	29.63501654780748	1.0352084754588303E-4
148.0	29.60593053201131	20.325400505599518	20.32814557482172	29.740417807981984	1.0557958546920834E-4
149.0	29.119554516530492	20.567079475687432	21.150934016896244	29.162387764506914	4.4226378912154914E-5
