# Position (bp)	A	C	G	T	N
0.0	25.806451612903224	12.903225806451612	51.61290322580645	9.67741935483871	0.0
1.0	29.03225806451613	25.806451612903224	12.903225806451612	32.25806451612903	0.0
2.0	32.25806451612903	19.35483870967742	9.67741935483871	38.70967741935484	0.0
3.0	15.625	37.5	25.0	21.875	0.0
4.0	54.54545454545454	3.0303030303030303	3.0303030303030303	39.39393939393939	0.0
5.0	42.857142857142854	17.142857142857142	11.428571428571429	28.57142857142857	0.0
6.0	25.71428571428571	14.285714285714285	37.142857142857146	22.857142857142858	0.0
7.0	27.77777777777778	30.555555555555557	27.77777777777778	13.88888888888889	0.0
8.0	8.333333333333332	41.66666666666667	11.11111111111111	38.88888888888889	0.0
9.0	27.77777777777778	27.77777777777778	16.666666666666664	27.77777777777778	0.0
10.0	38.88888888888889	8.333333333333332	36.11111111111111	16.666666666666664	0.0
11.0	33.33333333333333	13.88888888888889	11.11111111111111	41.66666666666667	0.0
12.0	27.77777777777778	13.88888888888889	27.77777777777778	30.555555555555557	0.0
13.0	22.22222222222222	22.22222222222222	30.555555555555557	25.0	0.0
14.0	41.66666666666667	22.22222222222222	22.22222222222222	13.88888888888889	0.0
15.0	22.22222222222222	19.444444444444446	33.33333333333333	25.0	0.0
16.0	30.555555555555557	19.444444444444446	22.22222222222222	27.77777777777778	0.0
17.0	44.73684210526316	10.526315789473683	26.31578947368421	18.421052631578945	0.0
18.0	30.76923076923077	5.128205128205128	30.76923076923077	33.33333333333333	0.0
19.0	20.0	12.5	27.500000000000004	40.0	0.0
20.0	45.0	15.0	10.0	30.0	0.0
21.0	37.5	10.0	12.5	40.0	0.0
22.0	20.0	17.5	17.5	45.0	0.0
23.0	25.0	22.5	20.0	32.5	0.0
24.0	29.268292682926827	14.634146341463413	29.268292682926827	26.82926829268293	0.0
25.0	26.82926829268293	21.951219512195124	21.951219512195124	29.268292682926827	0.0
26.0	24.390243902439025	26.82926829268293	26.82926829268293	21.951219512195124	0.0
27.0	43.90243902439025	14.634146341463413	19.51219512195122	21.951219512195124	0.0
28.0	14.634146341463413	26.82926829268293	21.951219512195124	36.58536585365854	0.0
29.0	43.90243902439025	24.390243902439025	14.634146341463413	17.073170731707318	0.0
30.0	33.33333333333333	16.666666666666664	21.428571428571427	28.57142857142857	0.0
31.0	37.2093023255814	20.930232558139537	13.953488372093023	27.906976744186046	0.0
32.0	33.33333333333333	19.047619047619047	11.904761904761903	35.714285714285715	0.0
33.0	42.857142857142854	11.904761904761903	19.047619047619047	26.190476190476193	0.0
34.0	40.476190476190474	23.809523809523807	14.285714285714285	21.428571428571427	0.0
35.0	38.095238095238095	30.952380952380953	11.904761904761903	19.047619047619047	0.0
36.0	42.857142857142854	16.666666666666664	19.047619047619047	21.428571428571427	0.0
37.0	16.666666666666664	21.428571428571427	33.33333333333333	28.57142857142857	0.0
38.0	38.095238095238095	16.666666666666664	2.380952380952381	42.857142857142854	0.0
39.0	33.33333333333333	11.904761904761903	16.666666666666664	38.095238095238095	0.0
40.0	26.190476190476193	19.047619047619047	11.904761904761903	42.857142857142854	0.0
41.0	28.57142857142857	23.809523809523807	16.666666666666664	30.952380952380953	0.0
42.0	34.883720930232556	18.6046511627907	20.930232558139537	25.581395348837212	0.0
43.0	32.55813953488372	23.25581395348837	30.23255813953488	13.953488372093023	0.0
44.0	51.162790697674424	16.27906976744186	6.976744186046512	25.581395348837212	0.0
45.0	17.77777777777778	26.666666666666668	24.444444444444443	31.11111111111111	0.0
46.0	35.55555555555556	17.77777777777778	17.77777777777778	28.888888888888886	0.0
47.0	42.22222222222222	17.77777777777778	8.88888888888889	31.11111111111111	0.0
48.0	30.434782608695656	6.521739130434782	28.26086956521739	34.78260869565217	0.0
49.0	21.73913043478261	39.130434782608695	19.565217391304348	19.565217391304348	0.0
50.0	28.26086956521739	13.043478260869565	21.73913043478261	36.95652173913043	0.0
51.0	40.42553191489361	10.638297872340425	23.404255319148938	25.53191489361702	0.0
52.0	31.914893617021278	23.404255319148938	10.638297872340425	34.04255319148936	0.0
53.0	38.297872340425535	23.404255319148938	8.51063829787234	29.78723404255319	0.0
54.0	14.893617021276595	21.27659574468085	31.914893617021278	31.914893617021278	0.0
55.0	34.0	18.0	22.0	26.0	0.0
56.0	34.0	12.0	6.0	48.0	0.0
57.0	24.0	16.0	32.0	28.000000000000004	0.0
58.0	42.0	18.0	26.0	14.000000000000002	0.0
59.0	24.0	18.0	16.0	42.0	0.0
60.0	28.000000000000004	26.0	28.000000000000004	18.0	0.0
61.0	40.0	20.0	14.000000000000002	26.0	0.0
62.0	44.0	16.0	20.0	20.0	0.0
63.0	40.0	10.0	26.0	24.0	0.0
64.0	38.0	22.0	18.0	22.0	0.0
65.0	40.0	18.0	10.0	32.0	0.0
66.0	24.0	18.0	40.0	18.0	0.0
67.0	32.6530612244898	22.448979591836736	14.285714285714285	30.612244897959183	0.0
68.0	32.6530612244898	14.285714285714285	18.367346938775512	34.69387755102041	0.0
69.0	26.53061224489796	24.489795918367346	12.244897959183673	36.734693877551024	0.0
70.0	32.6530612244898	22.448979591836736	16.3265306122449	28.57142857142857	0.0
71.0	36.734693877551024	10.204081632653061	16.3265306122449	36.734693877551024	0.0
72.0	16.3265306122449	18.367346938775512	34.69387755102041	30.612244897959183	0.0
73.0	20.833333333333336	37.5	27.083333333333332	14.583333333333334	0.0
74.0	18.75	16.666666666666664	12.5	52.083333333333336	0.0
75.0	29.166666666666668	14.583333333333334	27.083333333333332	29.166666666666668	0.0
76.0	16.666666666666664	27.083333333333332	29.166666666666668	27.083333333333332	0.0
77.0	35.41666666666667	16.666666666666664	14.583333333333334	33.33333333333333	0.0
78.0	20.833333333333336	14.583333333333334	20.833333333333336	43.75	0.0
79.0	31.25	25.0	14.583333333333334	29.166666666666668	0.0
80.0	45.83333333333333	12.5	8.333333333333332	33.33333333333333	0.0
81.0	35.41666666666667	6.25	20.833333333333336	37.5	0.0
82.0	29.166666666666668	14.583333333333334	20.833333333333336	35.41666666666667	0.0
83.0	22.448979591836736	14.285714285714285	24.489795918367346	38.775510204081634	0.0
84.0	25.49019607843137	27.450980392156865	21.568627450980394	25.49019607843137	0.0
85.0	27.450980392156865	13.725490196078432	37.254901960784316	21.568627450980394	0.0
86.0	23.52941176470588	15.686274509803921	23.52941176470588	37.254901960784316	0.0
87.0	38.46153846153847	17.307692307692307	19.230769230769234	25.0	0.0
88.0	34.61538461538461	25.0	11.538461538461538	28.846153846153843	0.0
89.0	38.46153846153847	23.076923076923077	15.384615384615385	23.076923076923077	0.0
90.0	23.52941176470588	19.607843137254903	17.647058823529413	39.21568627450981	0.0
91.0	23.52941176470588	33.33333333333333	9.803921568627452	33.33333333333333	0.0
92.0	31.372549019607842	17.647058823529413	17.647058823529413	33.33333333333333	0.0
93.0	33.33333333333333	29.411764705882355	15.686274509803921	21.568627450980394	0.0
94.0	33.33333333333333	27.450980392156865	15.686274509803921	23.52941176470588	0.0
95.0	39.21568627450981	19.607843137254903	15.686274509803921	25.49019607843137	0.0
96.0	21.153846153846153	13.461538461538462	38.46153846153847	26.923076923076923	0.0
97.0	21.153846153846153	30.76923076923077	21.153846153846153	26.923076923076923	0.0
98.0	32.69230769230769	17.307692307692307	9.615384615384617	40.38461538461539	0.0
99.0	34.69387755102041	14.285714285714285	26.53061224489796	24.489795918367346	0.0
100.0	28.57142857142857	20.408163265306122	12.244897959183673	38.775510204081634	0.0
101.0	14.285714285714285	18.367346938775512	26.53061224489796	40.816326530612244	0.0
102.0	38.775510204081634	14.285714285714285	28.57142857142857	18.367346938775512	0.0
103.0	24.0	22.0	26.0	28.000000000000004	0.0
104.0	32.0	14.000000000000002	16.0	38.0	0.0
105.0	40.0	16.0	12.0	32.0	0.0
106.0	40.0	14.000000000000002	18.0	28.000000000000004	0.0
107.0	24.0	20.0	22.0	34.0	0.0
108.0	34.0	30.0	14.000000000000002	22.0	0.0
109.0	38.0	26.0	16.0	20.0	0.0
110.0	36.0	16.0	20.0	28.000000000000004	0.0
111.0	24.0	26.0	22.0	28.000000000000004	0.0
112.0	40.0	24.0	10.0	26.0	0.0
113.0	38.0	16.0	14.000000000000002	32.0	0.0
114.0	42.0	14.000000000000002	16.0	28.000000000000004	0.0
115.0	40.0	32.0	10.0	18.0	0.0
116.0	36.0	12.0	10.0	42.0	0.0
117.0	32.0	22.0	22.0	24.0	0.0
118.0	31.372549019607842	23.52941176470588	13.725490196078432	31.372549019607842	0.0
119.0	27.450980392156865	13.725490196078432	21.568627450980394	37.254901960784316	0.0
120.0	25.49019607843137	15.686274509803921	41.17647058823529	17.647058823529413	0.0
121.0	19.607843137254903	31.372549019607842	29.411764705882355	19.607843137254903	0.0
122.0	26.0	28.000000000000004	12.0	34.0	0.0
123.0	33.33333333333333	18.75	16.666666666666664	31.25	0.0
124.0	22.916666666666664	20.833333333333336	29.166666666666668	27.083333333333332	0.0
125.0	34.78260869565217	21.73913043478261	13.043478260869565	30.434782608695656	0.0
126.0	28.26086956521739	13.043478260869565	30.434782608695656	28.26086956521739	0.0
127.0	30.434782608695656	21.73913043478261	13.043478260869565	34.78260869565217	0.0
128.0	50.0	17.391304347826086	10.869565217391305	21.73913043478261	0.0
129.0	28.26086956521739	15.217391304347828	23.91304347826087	32.608695652173914	0.0
130.0	23.91304347826087	15.217391304347828	21.73913043478261	39.130434782608695	0.0
131.0	28.26086956521739	17.391304347826086	26.08695652173913	28.26086956521739	0.0
132.0	17.391304347826086	13.043478260869565	43.47826086956522	26.08695652173913	0.0
133.0	15.909090909090908	36.36363636363637	27.27272727272727	20.454545454545457	0.0
134.0	31.818181818181817	11.363636363636363	20.454545454545457	36.36363636363637	0.0
135.0	19.047619047619047	23.809523809523807	23.809523809523807	33.33333333333333	0.0
136.0	24.390243902439025	26.82926829268293	17.073170731707318	31.70731707317073	0.0
137.0	41.46341463414634	14.634146341463413	19.51219512195122	24.390243902439025	0.0
138.0	31.70731707317073	9.75609756097561	29.268292682926827	29.268292682926827	0.0
139.0	22.5	17.5	27.500000000000004	32.5	0.0
140.0	35.8974358974359	12.82051282051282	10.256410256410255	41.02564102564102	0.0
141.0	24.324324324324326	27.027027027027028	29.72972972972973	18.91891891891892	0.0
142.0	40.54054054054054	10.81081081081081	27.027027027027028	21.62162162162162	0.0
143.0	41.66666666666667	22.22222222222222	19.444444444444446	16.666666666666664	0.0
144.0	36.36363636363637	21.21212121212121	24.242424242424242	18.181818181818183	0.0
145.0	30.303030303030305	12.121212121212121	27.27272727272727	30.303030303030305	0.0
146.0	48.484848484848484	9.090909090909092	18.181818181818183	24.242424242424242	0.0
147.0	28.57142857142857	21.428571428571427	21.428571428571427	28.57142857142857	0.0
148.0	25.0	25.0	25.0	25.0	0.0
149.0	30.76923076923077	19.230769230769234	26.923076923076923	23.076923076923077	0.0
