# Position (bp)	A	C	G	T	N
0.0	26.655101145406256	22.30380018566885	34.17154220011939	16.868507340268163	0.0010491285373453443
1.0	23.575879978408924	19.72342244387224	12.036921773670766	44.663698324108914	7.747993915242112E-5
2.0	32.91892196233168	20.202960124698766	13.068972356174655	33.80884121551877	3.0434127613340495E-4
3.0	21.731309464281356	22.542214339298624	10.159953836579378	45.56617004415774	3.523156829048126E-4
4.0	40.755541657789315	9.63315488501337	9.905421472432726	39.70565666069224	2.2532407234705313E-4
5.0	45.151539459150285	10.200034776525944	22.696117435046865	21.943813490203034	0.008494839073868232
6.0	35.138069300848485	13.7265866707372	20.51177042185877	30.623474325228255	9.928132729206457E-5
7.0	40.31023476389658	15.18661655560055	19.87311276449374	24.630011178761986	2.473724714513615E-5
8.0	19.123928988945835	31.99532380665815	22.79496273350137	26.08575980742765	2.4663466992882126E-5
9.0	30.171549727775954	19.581093495769984	12.996014103751365	37.2513426727027	0.0
10.0	27.962380030477483	14.924056507963298	27.656108792646155	29.457454668913062	0.0
11.0	27.627333849308876	18.14167076731012	18.131320262007257	36.09967512137374	0.0
12.0	25.521375682918052	20.38170182373477	23.221947696202704	30.87497479714447	0.0
13.0	23.979504243486588	26.032440493657354	18.37918805497063	31.608867207885428	0.0
14.0	33.059065666069536	20.329417618747613	20.063613253190322	26.547854868872683	4.8593119845940376E-5
15.0	32.978682142355	18.721558816827386	19.297824579775913	29.0019344610417	0.0
16.0	32.02085903846112	18.35690202787607	18.287215481878473	31.335023451784338	0.0
17.0	32.153976783431744	18.180543380459003	18.46720254254633	31.198277293562924	0.0
18.0	31.716880651436647	18.286286549559712	19.012334260853564	30.984498538150078	0.0
19.0	31.197910107109657	18.820813171959017	19.03455658756582	30.946720133365506	0.0
20.0	30.955476159866755	18.917307386037656	19.182845350459267	30.94437110363632	0.0
21.0	30.710708194955572	19.061149507823956	19.14202794482841	31.086066481165663	4.787122640098136E-5
22.0	30.842324121269222	19.189804319877926	18.970303765453302	30.997543906082715	2.388731683802631E-5
23.0	31.150453954046302	19.04454389811672	19.094103865677468	30.71089828215951	0.0
24.0	30.808195674536826	19.14048857730954	19.086865166860637	30.963927193968292	5.233873247009318E-4
25.0	30.922515988960164	19.287235234786507	19.063427782326002	30.72682099392733	0.0
26.0	31.092311122875255	19.049407591838726	19.210308866465923	30.64783023801777	1.4218080232152814E-4
27.0	30.831446462939848	19.158502316037822	19.26348436337458	30.74656685764775	0.0
28.0	31.030940610126123	19.15936237583099	19.171825008585763	30.63775398810149	1.180173556323193E-4
29.0	31.092137274966408	19.06990669810023	19.369990747074777	30.46796527985859	0.0
30.0	30.782616669488178	19.23553505257416	19.350817297744673	30.63074882907285	2.8215112013994694E-4
31.0	30.832576381700783	19.466566209209695	19.08440538808734	30.616452021002182	0.0
32.0	30.93609242413734	19.323210814681243	19.167938151479767	30.57252430660341	2.343030982367286E-4
33.0	30.70621379728938	19.191515189789037	19.289845055614617	30.812075113351835	3.50843955134075E-4
34.0	30.762017836024846	19.386187646001954	19.224474976680547	30.62519481520136	0.0021247260912861713
35.0	30.93408796352414	19.086728081380713	19.35990079161577	30.614760976792326	0.004522186687055357
36.0	30.90004217158529	19.170429991910133	19.306137780992625	30.620085218254246	0.0033048372577112093
37.0	30.842740835383392	19.36050675718071	19.295321587143857	30.498572433156735	0.002858387135305822
38.0	30.94107703632605	19.219142629848943	19.307142770946214	30.529759921134055	0.0028776417447420382
39.0	30.8135209685142	19.224023372047267	19.337490712410816	30.62111781089611	0.0038471361316072825
40.0	30.733804704032387	19.175409104911807	19.325226572012948	30.75616275643772	0.009396862605138973
41.0	30.973750400770033	19.134304366087562	19.267543787665737	30.614715928883808	0.009685516592861798
42.0	30.785796938966808	19.219697886200784	19.39290031648346	30.591076958027845	0.01052790032110096
43.0	30.66110789291143	19.449143630916364	19.26067140664433	30.61756995587172	0.011507113656153608
44.0	30.94951307051557	19.272281311338407	19.257538786086652	30.506822679440145	0.013844152619228446
45.0	30.744626239565353	19.256259636781493	19.38516039769175	30.597478726887545	0.016474999073856546
46.0	30.74760555222275	19.395199382166968	19.18661177882129	30.65630968880798	0.014273597981009908
47.0	30.974857207934086	19.272841908816968	19.236472294344065	30.502488471475107	0.013340117429770367
48.0	30.670591827124117	19.18883228540816	19.33377787289426	30.788493444417757	0.01830457015570583
49.0	30.807952914463705	19.481954600673337	19.111139731503542	30.582292323850336	0.01666042950908108
50.0	30.899195911788407	19.210015385742548	19.315311561286542	30.557481317312625	0.01799582386988058
51.0	30.683914398496448	19.324435115355968	19.347562124958138	30.623980901802394	0.020107459387049605
52.0	30.791019982007416	19.389157274196734	19.235082063734705	30.568078340879	0.016662339182141994
53.0	30.876058591638333	19.216973916411657	19.403450024973868	30.494998717619904	0.008518749356240623
54.0	30.697187244704686	19.235722859398745	19.273078695991494	30.784175912445406	0.009835287459666194
55.0	30.760479346422905	19.39158824606559	19.287990274606457	30.550250489085958	0.009691643819091444
56.0	30.872893412536666	19.19372845215087	19.277680889130142	30.64867842137515	0.007018824807170322
57.0	30.696492668749926	19.388609314716106	19.292576383413927	30.61954335054502	0.0027782825750216
58.0	30.66034837394692	19.452577984503463	19.289014554801145	30.59537361510455	0.002685471643922846
59.0	30.915429978201775	19.217238066471854	19.282559963317844	30.583316350853192	0.001455641155342385
60.0	30.717421715416325	19.374550764671838	19.360502570728567	30.545865534688353	0.001659414494917418
61.0	30.723412473020563	19.317141883448823	19.351312052709304	30.60636146768147	0.0017721231398386914
62.0	30.890454679534823	19.27164620791559	19.20720097171971	30.62999419357051	7.039472593630095E-4
63.0	30.679315375362982	19.360759449135163	19.292095419621205	30.66782975588065	0.0
64.0	30.762441458997987	19.313419919902543	19.195141059962822	30.728997561136644	0.0
65.0	30.896095359965454	19.29811828456937	19.23261682416804	30.573146850736055	2.268056108079224E-5
66.0	30.711796281903503	19.271630174641164	19.291899323545497	30.724628875057704	4.534485213497167E-5
67.0	30.84126913255333	19.493792069632715	19.03850682395252	30.62643197386144	0.0
68.0	30.88390900073094	19.282761970922756	19.473450238654884	30.359878789691415	0.0
69.0	30.718584401166073	19.335952144662407	19.363203427998506	30.581580443047425	6.795831255885473E-4
70.0	30.752446441242494	19.39176828888515	19.22822300953663	30.62756226033573	0.0
71.0	30.987798274896505	19.24768294944734	19.300537993695894	30.463641096585913	3.396853743480022E-4
72.0	30.791970271536485	19.31922162727153	19.30744690221702	30.581361198974967	0.0
73.0	30.715926550318358	19.3972791684723	19.213931186318952	30.67286309489039	0.0
74.0	31.007882694207794	19.175373644595908	19.24150803620026	30.57523562499604	0.0
75.0	30.732680090897585	19.35578815528481	19.247792369158123	30.663716744033458	2.264062602236577E-5
76.0	30.767867092707313	19.32961313785817	19.163406571238454	30.73906791647243	4.5281723639754004E-5
77.0	30.772148255761955	19.375292804609064	19.255465101087076	30.597093838541905	0.0
78.0	30.60817739273479	19.44125890215645	19.145796080605393	30.80474497846815	2.2646035222737344E-5
79.0	30.461055103386798	19.597106764170842	19.17867198880973	30.763052900121036	1.1324351159975938E-4
80.0	30.749597279966256	19.369140284757215	19.160117770266428	30.7211446650101	0.0
81.0	30.542610260830315	19.472638601509388	19.11103890748359	30.873689572134595	2.2658042109518098E-5
82.0	30.620087660868162	19.676598981331665	18.982936296852998	30.720377060947175	0.0
83.0	30.817874713764255	19.548076269072936	18.888997211327	30.744825084453716	2.2672138209354524E-4
84.0	30.524149962419127	19.56731874884048	18.98820591142345	30.919917136106257	4.0824121068013436E-4
85.0	30.582830688358907	19.69277697810386	18.906386419782216	30.817824398868073	1.8151488694345268E-4
86.0	30.72458754650692	19.555685392462696	18.98665017828741	30.73298608770301	9.079503995776216E-5
87.0	30.402685188612427	19.71817872781446	19.083918502409215	30.794263840536384	9.537406275113751E-4
88.0	30.35862444373158	19.977931013174143	18.90985475453307	30.753271726160996	3.1806240020792196E-4
89.0	30.514604849075837	19.95469831647306	19.004363099926238	30.526129160941444	2.0457358341317386E-4
90.0	30.39622659532514	19.925660889385604	19.15261237632702	30.524362968451708	0.0011371705105304264
91.0	30.48224348918834	19.965654656340607	19.058161104057607	30.49325803088669	6.8271952675703E-4
92.0	30.58409884819806	20.00127522555552	19.154343281610792	30.25959948808803	6.831565476000711E-4
93.0	30.31941450738121	20.047771691239554	19.094548252849066	30.538106036109507	1.5951242066250976E-4
94.0	30.174437350726752	20.319997154202547	19.079635354837652	30.425610900133943	3.1924009911036904E-4
95.0	30.468500245639916	20.089169686870143	19.084088260602392	30.35812771496003	1.1409192751694209E-4
96.0	30.2298400936652	20.215615388075957	19.137629792731264	30.41659501790477	3.1970762281168696E-4
97.0	30.262771477237955	20.26572196278823	19.169517164809644	30.301395184286505	5.942108776700351E-4
98.0	30.315354065686584	20.123958615196948	19.19800875720475	30.362472703784103	2.058581276105384E-4
99.0	30.17381248965484	20.089638627256562	19.259781917649406	30.47614883116532	6.181342738742344E-4
100.0	30.15276761256953	20.309902763831648	19.209425084337493	30.32730875748795	5.957817733856949E-4
101.0	30.208589694394295	20.267648401946925	19.243519173265252	30.27948583212593	7.568982675974833E-4
102.0	30.047390492423077	20.24548835257314	19.30775719133848	30.39858338196663	7.805816986651593E-4
103.0	30.031871931280918	20.40693019155334	19.252802238665332	30.30733845012507	0.0010571883753404834
104.0	30.16775727145269	20.360918786025962	19.184735919648784	30.286380960575798	2.07062296762604E-4
105.0	29.928107993940557	20.379528432847323	19.311754906140543	30.380447438082886	1.6122898869577493E-4
106.0	29.919523741775922	20.43842393724231	19.334201406703134	30.307689505205097	1.6140907354189385E-4
107.0	30.08413712925389	20.35561707564031	19.368392086502002	30.191091889675693	7.618189281069169E-4
108.0	29.83261036438606	20.40436642887703	19.444324379798044	30.31805163355078	6.471933880874349E-4
109.0	29.860125440210624	20.494253222039728	19.304952645753485	30.340228973166273	4.3971882989430775E-4
110.0	30.017283116355838	20.4192210130066	19.395327301623055	30.167983177581352	1.8539143315456964E-4
111.0	29.94305498187691	20.367009945653937	19.331557378951228	30.35802961883502	3.480746829039639E-4
112.0	30.01629160651135	20.388744547098682	19.347880290269906	30.246618811960563	4.647441595020545E-4
113.0	30.160915121264647	20.264307031245636	19.47874447760416	30.09601009809525	2.327179030813712E-5
114.0	30.147143313639173	20.356359471504458	19.46113722988512	30.035336677354763	2.3307616486222984E-5
115.0	29.926165302314633	20.636011236059986	19.29381475069058	30.14391532612776	9.338480703897322E-5
116.0	30.199638874097275	20.379409041617876	19.38363511737761	30.036779089963662	5.378769435774102E-4
117.0	30.018443817807032	20.322051126834573	19.54873672849824	30.110627766836224	1.4056002393268672E-4
118.0	29.98891854686056	20.404212547997336	19.51818911877337	30.088351238414578	3.285479541553572E-4
119.0	30.05722904949656	20.30094914694792	19.5965120442429	30.04514519317596	1.6456613666183235E-4
120.0	29.845146827769803	20.394296323529584	19.72887682284975	30.031585817164963	9.42086858995269E-5
121.0	29.85547472884403	20.4625592139698	19.74514807681144	29.935874049402518	9.439309722158639E-4
122.0	30.054115430487943	20.314449288124116	19.78282417947236	29.847736212931895	8.748889836816653E-4
123.0	29.899622794749497	20.273982598946784	19.86036226961895	29.964610798148872	0.001421538535895862
124.0	29.85858912934793	20.351480840165927	19.90482398895073	29.88315941056014	0.0019466309752668664
125.0	29.91561939172226	20.303080397653282	19.98572843834626	29.793906756751937	0.0016650155262697825
126.0	29.768673362936877	20.3316086183157	20.10299191857127	29.79291264396691	0.003813456209248156
127.0	29.780303656303897	20.42945295151883	20.06171615916378	29.72556585086957	0.0029613821439164853
128.0	29.845113445875853	20.227310525704947	20.13915261679906	29.785647538266968	0.002775873353171256
129.0	29.671991799495263	20.371804170987716	20.20319028408035	29.751718928898985	0.0012948165376845562
130.0	29.777433697212945	20.32949077998643	20.267883058741663	29.624783988528087	4.084755308740223E-4
131.0	29.725834972233407	20.185101001831843	20.446803326212706	29.64218846612437	7.223359767619701E-5
132.0	29.615211915862428	20.292462975254747	20.49207244233632	29.599770110116964	4.8255642954567554E-4
133.0	29.536264095503658	20.375794662883038	20.575735858071493	29.51206030588174	1.4507766007143622E-4
134.0	29.606472843233707	20.20425125642753	20.712662172444375	29.475644449183143	9.692787112470255E-4
135.0	29.50458808283612	20.25461771157347	20.807460807494806	29.432799109389297	5.342887063024696E-4
136.0	29.444790363890487	20.38501402312538	20.807289980512213	29.362151046659207	7.545858127156958E-4
137.0	29.572723637661525	20.112086886366136	20.921633105739186	29.39301964911613	5.367211170239888E-4
138.0	29.352051973179993	20.052768448292642	21.17680633749602	29.41768850817742	6.847328539225165E-4
139.0	29.41320237058653	20.33734477835565	21.016991033817334	29.232167651142543	2.94166097945544E-4
140.0	29.505232012346465	20.071365729704755	21.29601049842966	29.127318034591738	7.372492738094653E-5
141.0	29.346447052283793	20.141472834313223	21.299255601958087	29.212725951577045	9.855986785092918E-5
142.0	29.359909090392446	20.160994411549808	21.4277295552837	29.05129281556632	7.41272077244504E-5
143.0	29.307538261673333	20.09516493611342	21.59258986594564	29.002451255608523	0.002255680659075186
144.0	29.108868933056552	20.079403311273268	21.712980705502698	29.098647572202974	9.947796451173354E-5
145.0	29.189433165664052	20.11362300200489	21.75123817217602	28.945705660155035	0.0
146.0	29.28805309601268	19.94633785469865	21.819443844963978	28.946165204324693	0.0
147.0	29.070980815244717	20.006266059936884	22.015346793571226	28.907330532135035	7.579911213973314E-5
148.0	29.018438310497285	20.070844300856592	21.98451568060856	28.926047250986276	1.5445705128617674E-4
149.0	28.65983772307438	20.3005673301004	22.99897039496122	28.04054398808945	8.056377455248166E-5
