# Position (bp)	A	C	G	T	N
0.0	26.68459795764066	22.328078370577654	35.10925536134982	15.87654363339794	0.0015246770339259698
1.0	23.380948525974652	19.690962601617525	12.620733239147523	44.30727729016455	7.834309575354307E-5
2.0	33.09692707772324	20.127974312811283	13.025733351798566	33.7491087961182	2.564615487200004E-4
3.0	21.515664854722974	22.48405111177736	9.92763254005865	46.072371532106224	2.799613347945618E-4
4.0	41.147896106198054	9.32228475207161	9.509663288366704	40.02000392482069	1.5192854294196964E-4
5.0	45.77561827749696	9.991830053006375	22.486355281308764	21.739140295781315	0.007056092406586156
6.0	35.16436133879781	13.599324975891996	20.35913391996143	30.87707931533269	1.0045001607200256E-4
7.0	40.34312610036891	15.436719259075126	19.829933939689333	24.390220700866628	0.0
8.0	18.4097956436567	32.78781056689481	22.654173466353814	26.148170394230817	4.992886385122796E-5
9.0	30.017172734399356	19.527510740429737	12.747094630332986	37.70822189483792	0.0
10.0	27.76957145611117	14.886573894655672	27.76577054627769	29.578084102955472	0.0
11.0	27.549518509797117	17.928613035557152	17.91069193302515	36.61117652162058	0.0
12.0	25.598281148980774	20.180744495773855	23.17317666403012	31.04779769121525	0.0
13.0	23.989922050894236	26.088984696977853	18.25011637326125	31.670976878866664	0.0
14.0	33.43992855008748	20.140338190012727	20.007945994822048	26.411787265077745	0.0
15.0	33.24832287684234	18.630170592019375	19.271473088229545	28.85003344290874	0.0
16.0	32.21789594980925	18.228005050870568	18.295937150173607	31.258137316066296	2.453308028278791E-5
17.0	32.192975818886644	18.12661567992807	18.410541928156743	31.269817599117687	4.8973910863074575E-5
18.0	31.841949484565813	18.24391140466264	18.915522954650886	30.99861615612066	0.0
19.0	31.22047969241916	18.828641025985068	18.936811507934088	31.014067773661687	0.0
20.0	30.981841293342132	18.97763827232946	19.173543857769378	30.866976576559026	0.0
21.0	30.77194198682438	19.02115284487314	19.186273475544986	31.020607385289413	2.430746808064829E-5
22.0	30.94490472094465	19.15364392190357	18.92784220570376	30.973609151448024	0.0
23.0	31.234773105034268	19.04528791639154	19.05902209725544	30.66091688131875	0.0
24.0	30.857846408585427	19.151172507442418	18.997512423375483	30.992888355007747	5.80305588923127E-4
25.0	31.03495967750695	19.263871620693642	18.947939076600306	30.7532296251991	0.0
26.0	31.195371666638554	19.017057461404452	19.097995465158586	30.689430831620516	1.4457517788770845E-4
27.0	30.8764498453338	19.156359595318158	19.226356275887948	30.740834283460096	0.0
28.0	31.14508311230402	19.138545158893784	19.079836123753363	30.63643955754758	9.60475012522193E-5
29.0	31.203327976558036	18.981058877225014	19.33477863989046	30.48083450632649	0.0
30.0	30.839871518087513	19.20246911216318	19.2630480466824	30.694348040459356	2.632826075509452E-4
31.0	30.958454152923725	19.414741260659866	18.939556706320744	30.687247880095665	0.0
32.0	31.020015153051787	19.282294195903905	19.0518246302715	30.645555800814922	3.1021995788167495E-4
33.0	30.7914166199039	19.09314785492939	19.346488860930513	30.768589241823662	3.5742241252980007E-4
34.0	30.78197891747301	19.287119157536473	19.217902112012165	30.711096284741174	0.0019035282371758114
35.0	30.946243851597604	18.968363485921678	19.30953016332134	30.771894063196036	0.003968435963344959
36.0	31.038964522103285	19.130133248901142	19.198940103858238	30.628710473143844	0.003251651993488152
37.0	30.92699421747409	19.245433596975797	19.25309178660348	30.571730089358983	0.002750309587650351
38.0	31.101456422558904	19.13869092750622	19.162188108673515	30.59479845363914	0.00286608762222028
39.0	30.948505931993004	19.18623625214384	19.219273942326513	30.64241031249253	0.0035735610441140725
40.0	30.877321663802014	19.084006107161915	19.227156015192712	30.802743730216097	0.008772483627258826
41.0	31.057229381059688	19.110158419500053	19.09501437148893	30.728360194921144	0.009237633030184616
42.0	30.874736838626305	19.205952605220876	19.20715657293188	30.70207370454255	0.01008027867839284
43.0	30.800795150215876	19.39092738982058	19.18041592291374	30.616750947525702	0.011110589524105851
44.0	31.114756447869457	19.135252156047233	19.173981567346036	30.562408568652423	0.01360126008485112
45.0	30.853673446743734	19.212016574097564	19.290486525477295	30.627710140338948	0.0161133133424595
46.0	30.918531333034178	19.298113854320825	19.057901851866678	30.711844949662133	0.013608011116191226
47.0	31.07216094591017	19.241577693461572	19.108303185387808	30.564828377305215	0.013129797935233391
48.0	30.883517004495868	19.103196212161475	19.169959358904475	30.824796477050548	0.018530947387630264
49.0	30.923668065779125	19.370060936369608	18.992845864313512	30.697113384518694	0.016311749019062183
50.0	31.03706199049336	19.110983002780955	19.184206780000252	30.651116069435968	0.016632157289465783
51.0	30.79720464277437	19.276112083840992	19.2506830958748	30.65674646547633	0.01925371203349958
52.0	30.935622075850972	19.317507871072827	19.14538279289016	30.58531679674619	0.016170463439849514
53.0	30.996088966625784	19.184449138268352	19.286705583075207	30.52475689755964	0.007999414471011154
54.0	30.810573152072596	19.09709642813176	19.21065991335596	30.872572296184263	0.009098210255418184
55.0	30.854303393962123	19.341365085317832	19.1692762047628	30.625562535158444	0.009492780798799925
56.0	31.05549447112349	19.04662052885191	19.194082226648206	30.697102098834012	0.006700674542380244
57.0	30.806678756460908	19.335028527651833	19.1893982669109	30.666083958257655	0.0028104907187057127
58.0	30.730790797423204	19.409134914233604	19.20895674395573	30.64877627923801	0.002341265149448808
59.0	31.039443100061348	19.138052137514514	19.150035728420935	30.67078384153199	0.0016851924712153914
60.0	30.78044038041043	19.32757811832781	19.28995356596756	30.60029645713831	0.0017314781558821707
61.0	30.719095357377014	19.271653593956387	19.328960975076903	30.67874628291461	0.0015437906750832887
62.0	31.030092819947264	19.183459472302278	19.05018806258588	30.735791944130302	4.677010342740672E-4
63.0	30.699354424804003	19.243714689992043	19.15905483975651	30.89778252448613	9.352096132066561E-5
64.0	30.823107881333407	19.22360821221472	19.131040921521407	30.822242984930465	0.0
65.0	30.928705037518007	19.269144372579465	19.117684175692894	30.684419674448215	4.67397614215618E-5
66.0	30.8229255822137	19.138812774505386	19.276274299648367	30.76191724596547	7.009766707954192E-5
67.0	30.901848955765892	19.44594873050457	18.95954127244378	30.692637678775768	2.336250999331365E-5
68.0	30.98266436038696	19.23114925842051	19.32764393906656	30.458542442125967	0.0
69.0	30.796861804294373	19.23441085027989	19.315920607161274	30.652222857484514	5.838807799526169E-4
70.0	30.793513718510106	19.28568609597808	19.186625027701837	30.73417515780998	0.0
71.0	30.985784265878458	19.203663894258362	19.205718798497493	30.604599529520332	2.3351184535537933E-4
72.0	30.882767065442923	19.219974211939377	19.32059061290309	30.576668109714607	0.0
73.0	30.753576995148947	19.383828654489413	19.104580772082215	30.758013578279424	0.0
74.0	31.076162922384665	19.083462345856304	19.188073405206733	30.652301326552294	0.0
75.0	30.774585300448475	19.282390791542692	19.241293282565454	30.701730625443375	0.0
76.0	30.851126677652342	19.198224794730802	19.08934099263826	30.861260833798205	4.670118039568509E-5
77.0	30.878336866769118	19.296762603787624	19.163940600916817	30.660959928526445	0.0
78.0	30.68373814935531	19.350415246916793	19.05500296463156	30.91084363909633	0.0
79.0	30.37908466204658	19.540707959435082	19.157127760814102	30.92307961770424	0.0
80.0	30.74906503506761	19.293887763100486	19.118619792761507	30.838427409070395	0.0
81.0	30.56972439517561	19.465174710435534	19.114735364800772	30.85034217007965	2.3359508441191972E-5
82.0	30.628957076027024	19.67725889916449	18.896748687954553	30.79701197318131	2.3363672619808327E-5
83.0	30.907730104585664	19.484039691986595	18.764221692260456	30.843891676562556	1.1683460472750197E-4
84.0	30.522828341751573	19.567477267011995	18.92762557013595	30.981741626865826	3.2719423465061735E-4
85.0	30.60599316637648	19.61742274770015	18.877043401177087	30.899470553141988	7.013160429317629E-5
86.0	30.73216856894474	19.4858447971171	18.986055468548695	30.79574410973433	1.8705565513671196E-4
87.0	30.340928995908083	19.70237088788499	19.098955494080556	30.857136576229195	6.080458971752293E-4
88.0	30.364543699885683	19.987293124368545	18.8980153928172	30.749867071390323	2.807115382501051E-4
89.0	30.496057096057093	19.943793143793144	18.948192348192347	30.61186381186381	9.36000936000936E-5
90.0	30.436331547372436	19.8678903892833	19.154629571111904	30.540329244114872	8.192481174848615E-4
91.0	30.52956445306921	19.92675558769029	19.056003573948946	30.487020786690223	6.555986013272125E-4
92.0	30.693074176906492	19.944760931287977	19.12371686979235	30.237862465399463	5.855566137214184E-4
93.0	30.49297347095469	19.815634299499138	19.09745904383723	30.593675456105252	2.577296036891884E-4
94.0	30.40521819928338	20.07924717063129	19.20717200020815	30.307964143749416	3.9848612776027825E-4
95.0	30.69160399503786	19.781604909609808	19.308841565653367	30.21783227688548	1.172528134812595E-4
96.0	30.509615795175844	19.97235872379979	19.28674621686132	30.230739670416142	5.395937469061337E-4
97.0	30.532369494200395	19.98731592958698	19.38846068806622	30.091290568957074	5.633191893273546E-4
98.0	30.53474873464419	19.84583253297064	19.445009329606812	30.174268507633933	1.408951444245678E-4
99.0	30.422030522349523	19.73208953435538	19.600030260157475	30.245050890160798	7.987929768241964E-4
100.0	30.339702330890443	19.933106956002156	19.550901286100924	30.175748791680046	5.406353264285584E-4
101.0	30.427407191913797	19.917470998318233	19.507930352220477	30.146321295384542	8.701621629503295E-4
102.0	30.240697242646107	19.851263185191076	19.657623891262677	30.249615615765425	8.000651347144968E-4
103.0	30.288305554443717	20.003555258368397	19.69415360128837	30.01297316133103	0.0010124245684834587
104.0	30.40161666266961	19.885275940363655	19.68927114013071	30.023600674143434	2.3558269258767327E-4
105.0	30.114695957294586	19.90160498905609	19.844816876606668	30.13874073716109	1.414398815676725E-4
106.0	30.10220666950063	19.967101181441727	19.82600851415574	30.104424143288437	2.594916134669542E-4
107.0	30.270182604431977	19.825721844755424	19.992861167893103	29.91047895095051	7.554319689838519E-4
108.0	30.033757156384848	19.83355794001962	20.08657122930106	30.04538126118702	7.324131074539808E-4
109.0	30.11797497494799	19.943738795167505	19.911274041769584	30.02653928566193	4.7290245299231394E-4
110.0	30.22779207157881	19.85704779051914	19.966688817325224	29.948281998708826	1.893218680010072E-4
111.0	30.170493117315694	19.800680001724402	19.923875242375562	30.104572649187993	3.7898939635042686E-4
112.0	30.307421547793506	19.798950105968597	19.914248301052762	29.979024406088634	3.556390964965044E-4
113.0	30.519902948221883	19.640429949914807	20.032652801607057	29.807014300256252	0.0
114.0	30.514573707328257	19.644285821213824	20.072639829295213	29.768358071349567	1.4257081314075185E-4
115.0	30.1830870671784	20.03767333266238	19.925443251717294	29.853724970395955	7.137804596888917E-5
116.0	30.534763830491375	19.683377535025205	20.078941179862326	29.70217884041859	7.386142025027586E-4
117.0	30.32298612978573	19.632143086379777	20.216787566843866	29.82786846716105	2.1474982957214912E-4
118.0	30.373667296004918	19.662738101695677	20.27767509180206	29.685752239224684	1.6727127266436134E-4
119.0	30.435356964567507	19.547675605718094	20.29811941528658	29.71875228844918	9.572597864257691E-5
120.0	30.2118313296962	19.653603538934732	20.550944089020785	29.58350120520218	1.1983714611191973E-4
121.0	30.239571274302723	19.70024060842096	20.616650909399958	29.442552878874235	9.843290021256707E-4
122.0	30.33570056058314	19.578588657991375	20.63842988622399	29.44634298261014	9.379125913562938E-4
123.0	30.20693403435602	19.48893827055801	20.776662728553504	29.52580267162111	0.0016622949113539078
124.0	30.27332023097729	19.472226351566587	20.80685190154699	29.445574383220745	0.0020271326883833716
125.0	30.21932476295438	19.481774024446345	20.926227520764986	29.370618889531652	0.0020548023026356345
126.0	30.129118358374097	19.46699174493948	21.057705510178433	29.341922335255372	0.004262051252619285
127.0	30.086935976231	19.60348287285098	21.06995437547182	29.236279165445676	0.0033476100005239737
128.0	30.108775076916274	19.435146235081792	21.20490699212114	29.248328570085114	0.0028431257956803443
129.0	29.89200886013734	19.49982436011945	21.25765944461769	29.349046712418236	0.001460622707278794
130.0	30.093504759131534	19.440995621681907	21.33340552083158	29.131703895661754	3.9020269322776396E-4
131.0	29.932701105685773	19.322026858476864	21.504030726117076	29.241119147995263	1.2216172502128668E-4
132.0	29.896030303586617	19.431110131996842	21.57906653693403	29.09318108106454	6.119464179716424E-4
133.0	29.807291919561997	19.479058917929244	21.73793839482031	28.975563628587558	1.4713910089181009E-4
134.0	29.875869883766526	19.320338351739178	21.91259443294045	28.890288259406933	9.090721469139212E-4
135.0	29.748163034913226	19.370765761319223	21.966210526082577	28.91429449192336	5.661857616097006E-4
136.0	29.702989101345693	19.454983422383656	22.0632509689803	28.77815987225295	6.166350374001483E-4
137.0	29.879542014468008	19.206469179108094	22.087762105365147	28.825757088918834	4.696121399187126E-4
138.0	29.60088452899054	19.136905580146447	22.373317699521202	28.8878766870684	0.0010155042734153613
139.0	29.641483352483245	19.42290130981431	22.291044418613367	28.644248237475793	3.226816132789938E-4
140.0	29.701253007384405	19.18096151219659	22.569357977694292	28.54837774763172	4.975509299351268E-5
141.0	29.576346463934613	19.238847068669447	22.569177924709642	28.615528792610117	9.97500761841207E-5
142.0	29.578923262772207	19.219107505720093	22.743638898222372	28.458330333285332	0.0
143.0	29.5176848390841	19.145342479596057	22.928117987691813	28.406547817406736	0.00230687622129663
144.0	29.314640757240994	19.126839677882813	23.01126645498046	28.547253109895728	0.0
145.0	29.35227301988334	19.170348626150723	23.06994385043343	28.40740925869546	2.524483705215028E-5
146.0	29.55259539530691	18.95115464941351	23.130058640199962	28.366191315079625	0.0
147.0	29.257700487287728	19.001130405349308	23.436151257176796	28.30494121253537	7.663765080054413E-5
148.0	29.246771070856685	19.087004388370673	23.376215640114555	28.289878736018036	1.3016464004660935E-4
149.0	28.689065463122194	19.232414135303593	24.506956858640166	27.571563542934047	0.0
