# Position (bp)	A	C	G	T	N
0.0	27.09693395553704	22.032986361707334	34.774145759198866	16.094291692992773	0.001642230563985192
1.0	23.213821123797125	19.030474603260338	12.70123541900054	45.05438639097096	8.246297103364448E-5
2.0	33.49613116068412	19.785431763114207	13.064141751298369	33.65405286578595	2.424591173518292E-4
3.0	21.691162470773985	22.359437561854126	9.853530229707538	46.09566931927091	2.0041839343814145E-4
4.0	41.35621483828753	9.14965127875091	9.37366545488475	40.12002981007442	4.386180023980442E-4
5.0	45.81119754671729	9.857018823421104	22.34715791578904	21.97712586883128	0.007499845241288673
6.0	35.076247294680485	13.499742124514308	20.106654453177406	31.31731657617294	3.9551454860715595E-5
7.0	41.14220070243407	15.28669579146873	19.338863312450655	24.232161321642398	7.887200414551253E-5
8.0	18.714717658656944	32.25652774947541	22.3602809448016	26.668434307870122	3.9339195922571024E-5
9.0	30.297168374476747	19.173962674169935	12.8685164191572	37.660352532196114	0.0
10.0	27.960544742661387	14.858398638339212	27.708034229551092	29.473022389448307	0.0
11.0	27.688879347997368	17.823519314244514	17.70374984408072	36.7838514936774	0.0
12.0	25.92089884692948	20.03699132054642	23.41629445028696	30.625815382237136	0.0
13.0	24.037283663355723	25.93755785379238	18.1099373084126	31.915221174439296	0.0
14.0	33.58245256292514	19.98065937144903	20.011946826891645	26.424941238734178	0.0
15.0	33.19127786965767	18.603229647222673	19.222602867481562	28.982889615638097	0.0
16.0	32.29549063465774	18.11654717130497	18.218567080127347	31.369395113909942	0.0
17.0	32.34135842083887	18.015523126575335	18.304314666517854	31.33880378606794	0.0
18.0	32.034784170322915	18.09185572341104	18.827195375321633	31.046164730944408	0.0
19.0	31.366217131406344	18.690644801172645	18.805373703888105	31.13776436353291	0.0
20.0	31.165529910220307	18.755902240747332	19.068513480852996	31.01005436817936	0.0
21.0	30.897276452157147	18.91941190648349	19.00112798264642	31.18218365871294	0.0
22.0	31.130041215669657	18.896845267901853	18.842648588267018	31.130426408844038	3.8519317437695E-5
23.0	31.335979986194722	18.88922149467912	18.897724745537335	30.877073773588826	0.0
24.0	31.003557985711943	19.01860015151323	18.81654407624398	31.161067172786964	2.3061374388729444E-4
25.0	31.2121681015831	19.013081077801868	18.901886733047952	30.87286408756708	0.0
26.0	31.373942620957568	18.84380439360314	18.970647687094814	30.811490230343125	1.1506800135319969E-4
27.0	30.968096915060617	18.972953856375387	19.103343342760358	30.95560588580364	0.0
28.0	31.341761046541006	18.90068945665671	18.9519814797519	30.805491461792034	7.655525835103035E-5
29.0	31.2816178874691	18.850752290139827	19.158131024105025	30.70949879828605	0.0
30.0	30.967094148041568	19.021214619694913	19.14103064707532	30.87054596526405	1.1461992415217552E-4
31.0	31.13290556250947	19.19353404129672	18.76839718020924	30.905163215984565	0.0
32.0	31.185847755510533	19.089564466521836	18.899052896233552	30.82542046037054	1.1442136353650498E-4
33.0	30.861930260679284	18.98511792362051	19.1278754922297	31.024771448791157	3.048746793575833E-4
34.0	30.95535390946032	19.05620335918582	19.038191536880632	30.948461436231483	0.0017897582417415036
35.0	31.080301547462675	18.785263869250286	19.19857506190916	30.931711950028234	0.0041475713496425485
36.0	31.156956824430456	18.948460264126364	19.071652822079148	30.819812253020785	0.0031178363432494472
37.0	31.089108008014133	19.09606584871256	19.02052965764399	30.791902733095455	0.002393752533863049
38.0	31.208897691132382	19.00187267055275	18.9779516963388	30.80865802575264	0.0026199162234325306
39.0	31.08103288258993	19.0065027558359	19.07772269225778	30.831516472408634	0.0032251969077570913
40.0	31.03223110473384	18.89966486446312	19.043722332737488	31.015280936711033	0.009100761354526983
41.0	31.196149765044716	18.91261179323935	18.930726087615582	30.95164468697893	0.008867667121418826
42.0	31.036322924983224	19.009921539694492	19.086730527709562	30.857215575711393	0.009809431901333023
43.0	30.969356893733675	19.176678019890726	19.05445232365092	30.78853554008314	0.010977222641543716
44.0	31.272798396536423	18.943334753287395	18.98237718469264	30.788551185308542	0.012938480174994835
45.0	31.06727393383208	18.98439671258983	19.12456728433224	30.808750545916546	0.015011523329306312
46.0	31.070103561091145	19.100129966278303	18.947639726976337	30.86871062794611	0.013416117708103827
47.0	31.247377209989775	19.021464667925983	18.969754863800002	30.74784312703426	0.013560131249983474
48.0	30.953792252018925	18.969792614462243	19.022346896012746	31.036285862067665	0.01778237543842428
49.0	31.097454437045858	19.185970817821772	18.8775069294937	30.823255928042702	0.015811887595970422
50.0	31.11238523458541	18.978484078066888	19.085724200885686	30.8083936236826	0.015012862779416537
51.0	30.966956694855053	19.126137376534412	19.06120906914978	30.828654121401605	0.01704273805914886
52.0	31.084627517935786	19.122724694380214	18.998912639948138	30.7785460281206	0.015189119615259225
53.0	31.043695310218805	19.067506852411768	19.14289751052587	30.73772452833743	0.008175798506127138
54.0	30.910172919672014	18.974760733562086	19.016606465561075	31.08900598495663	0.009453896248196791
55.0	31.005641914636296	19.148170293647652	19.026814908751895	30.81014791575986	0.009224967204300267
56.0	31.150090656866112	18.87134554211752	19.11213108188628	30.859732730685685	0.006699988444401953
57.0	30.938625088802997	19.13268070657082	19.111721694421366	30.814489036592857	0.002483473611964021
58.0	30.868995393355387	19.20086038849896	19.104672324847066	30.823779103754458	0.001692789544128014
59.0	31.139035619166673	19.0125961142864	19.044186058755795	30.802640317644414	0.0015418901467202492
60.0	30.964696982685368	19.168851110419308	19.114446805598792	30.75065157332587	0.0013535279706555136
61.0	30.96952804461126	19.031956741964766	19.17299267192043	30.824131728761444	0.0013908127421000897
62.0	31.229983140928457	19.02801401941161	18.895689474392324	30.845862386982965	4.5097828464396393E-4
63.0	30.86917411212488	19.086900878274744	19.059884555004707	30.984040454595668	0.0
64.0	31.00940785583387	19.014222610261108	18.962941869053406	31.013427664851616	0.0
65.0	31.025579386244978	19.071892724336102	19.029035044886	30.87345528302595	3.7561506967659545E-5
66.0	30.92990180190703	19.041762074962847	19.106170890295076	30.922127676674506	3.7556160543572845E-5
67.0	31.062317499609467	19.27440698638532	18.846657614246748	30.81661789975847	0.0
68.0	31.152667040882797	19.007789077269376	19.191618059245048	30.64792582260278	0.0
69.0	30.935744437386532	19.093425777008914	19.158448700217292	30.811855495938694	5.255894485665674E-4
70.0	30.968736814761762	19.159568222393393	19.006075157171793	30.86561980567305	0.0
71.0	31.13167320164287	19.016743202085788	19.103037919377687	30.74824539079608	3.0028609757946884E-4
72.0	31.109906686719835	19.07110103364886	19.10630792669309	30.71268435293822	0.0
73.0	30.932901558876935	19.199625875540562	19.007083893506643	30.860388672075857	0.0
74.0	31.147622816963683	18.948366788009537	19.093505322684585	30.810505072342192	0.0
75.0	30.85548069885713	19.083716478690864	19.14996152907839	30.91084129337362	0.0
76.0	31.076064318317194	19.028184022060486	18.928383360651218	30.967368298971103	0.0
77.0	31.140982371010505	19.02026387933856	19.090827880887964	30.747925868762966	0.0
78.0	30.945787937651904	19.06620496795323	19.00839878757167	30.97960830682319	0.0
79.0	30.863199274448327	19.270476713875574	19.084358895816063	30.781890038079453	7.507778058068158E-5
80.0	31.10709154438086	19.064459609173472	19.085445952282537	30.74300289416313	0.0
81.0	30.883008904581754	19.136027285957375	19.11289850218597	30.868065307274904	0.0
82.0	30.85032517922503	19.345338121429535	18.97808218046386	30.826254518881573	0.0
83.0	31.132464853768465	19.14145285486962	18.90627458771507	30.81977014723241	3.75564144290242E-5
84.0	30.81526115882279	19.13222761774834	19.135307675202682	30.917090863197373	1.1268502881731803E-4
85.0	30.928973327006858	19.166731471682464	18.98535256370521	30.918754796979975	1.8784062549425564E-4
86.0	31.087252952137185	19.036273327679616	19.06024588023418	30.816115116347664	1.127236013537353E-4
87.0	30.73646613955911	19.17193078979322	19.114808054456006	30.976193724240748	6.012919509180412E-4
88.0	30.81208802444188	19.276058205831408	19.00459036999615	30.907113043687453	1.5035604311008468E-4
89.0	30.90573991456263	19.228146057150248	19.07557395009862	30.790540078188506	0.0
90.0	30.813201359848367	19.205601853244683	19.19683955594332	30.783605102439903	7.521285237221336E-4
91.0	30.835993859254135	19.275787728213686	19.066368883376615	30.82128526066759	5.642684879748742E-4
92.0	31.078941347878963	19.240561295139013	19.10250273934665	30.577580705366714	4.139122686606702E-4
93.0	30.809507390571806	19.119801492719343	19.111106259513942	30.959396648683974	1.8820851093943148E-4
94.0	30.75560860626417	19.361948082267087	19.1167433559008	30.765285758395024	4.141971729160234E-4
95.0	30.974978624671838	19.204913123886506	19.139111012343076	30.680884241769085	1.1299732949644623E-4
96.0	30.85805229630428	19.29249013495881	19.139178371022002	30.71005312974154	2.2606797336467138E-4
97.0	30.896982918811016	19.383255926853703	19.144402723763275	30.574679977415048	6.784531569556148E-4
98.0	30.893861363141028	19.22480281083641	19.202932705686454	30.678252292024727	1.508283113790157E-4
99.0	30.85258796422735	19.209615822772395	19.223384399033712	30.713770537811907	6.412761546365775E-4
100.0	30.772842102244034	19.31524074847025	19.26402891110123	30.64743537005742	4.528681270657391E-4
101.0	30.82401171037733	19.358255011815718	19.194696349870554	30.62243283315544	6.040947809608959E-4
102.0	30.82632384515314	19.23562456843864	19.130841093253515	30.806303931004575	9.065621501236703E-4
103.0	30.79305186760725	19.453546212669206	19.154491713170717	30.597965386321874	9.448202309442987E-4
104.0	30.96985353281748	19.345117458089575	19.101383603661375	30.5834941588573	1.512465742650929E-4
105.0	30.678556917412646	19.374256134220815	19.209877402596618	30.737044723877776	2.6482189214485305E-4
106.0	30.720523513320057	19.385519881385836	19.151365164394704	30.742402179084827	1.8926181457414387E-4
107.0	30.93028434823512	19.296882160498175	19.196403209569628	30.575369817835035	0.0010604638620427412
108.0	30.62256784271699	19.362937267252804	19.35016660597129	30.663570381312237	7.57902746677449E-4
109.0	30.77987742865615	19.427846188965546	19.12574066476108	30.66596692348354	5.687941336848228E-4
110.0	30.833557201810986	19.356427453712346	19.293251010443655	30.516574614984158	1.897190488549317E-4
111.0	30.677330923560593	19.31773309235606	19.18499308962228	30.819563203377733	3.7969108333459897E-4
112.0	30.728522315878426	19.36529009274092	19.19894310005745	30.707054510746822	1.899805763858703E-4
113.0	30.877339067053732	19.23412248032836	19.33948149373302	30.54901893686634	3.8022018550942855E-5
114.0	30.89620218485668	19.270763177821156	19.363834571875394	30.46908591410492	1.1415134184902343E-4
115.0	30.606881960860772	19.633244888260666	19.12603118221919	30.63376581044525	7.615821412034216E-5
116.0	30.821249595091555	19.41075817915055	19.24620338789276	30.521026657266436	7.621805986928603E-4
117.0	30.702300039016034	19.312936427511985	19.355842622365607	30.628730216907023	1.9069419934942766E-4
118.0	30.698347116901914	19.359596547198894	19.325776990945062	30.616088489670528	1.908552835995001E-4
119.0	30.803446924228332	19.272235343198645	19.290153053154853	30.633935454983757	2.2922443440781014E-4
120.0	30.63809903637207	19.43032730312276	19.40753764213426	30.52399778068469	3.823768622231161E-5
121.0	30.628027274414833	19.462396252160115	19.49424064331794	30.41460861444365	7.272156634599008E-4
122.0	30.81226086226931	19.34648425632308	19.396366275004702	30.444122369556798	7.662368461078424E-4
123.0	30.66915538892485	19.350557009483428	19.447968472434855	30.530861792309555	0.0014573368473048472
124.0	30.669220406732627	19.295441082583086	19.49130972083536	30.54233960519916	0.0016891846497648385
125.0	30.73338190828864	19.396625270351908	19.492545435260805	30.37625606994794	0.0011913161507114847
126.0	30.61852874138047	19.372911837967283	19.555333288452477	30.449917771857777	0.003308360341992133
127.0	30.62170165453077	19.547849140807845	19.48245510321898	30.34564484567508	0.0023492557673266278
128.0	30.694091606073144	19.321889739128157	19.5069186308556	30.47513368231399	0.001966341629110184
129.0	30.434378161474562	19.50272526103334	19.522912379798832	30.539328019836642	6.561778566220505E-4
130.0	30.62478769847174	19.419324646376662	19.575253959966936	30.380324541650904	3.091535337601455E-4
131.0	30.567649602163584	19.34516105942688	19.677668347774613	30.409443609371646	7.738126328781382E-5
132.0	30.55195591325992	19.499239716806617	19.596633446649427	30.35182225838006	3.486649039718744E-4
133.0	30.440906476064793	19.568267519130593	19.73351580467963	30.25731020012498	0.0
134.0	30.55784408892224	19.45969378064029	19.711710829857807	30.269819055021525	9.322455581412422E-4
135.0	30.46451387535501	19.50139047243387	19.710126661555236	30.323502193363776	4.6679729210890843E-4
136.0	30.486037177837588	19.607435255877622	19.73045502902729	30.17576089755351	3.116397039890272E-4
137.0	30.605317788815483	19.390371081016866	19.734871346902406	30.269166679996708	2.731032685389326E-4
138.0	30.371030058096665	19.385770518376045	19.8726773741887	30.37001404058052	5.080087580709891E-4
139.0	30.513045738371254	19.60939506103251	19.77661599934865	30.100825770813373	1.1743043421077354E-4
140.0	30.454198034719663	19.427976911073753	19.93931686174762	30.178390543877626	1.1764858133458198E-4
141.0	30.437258188865545	19.500144998267093	19.900363792400206	30.162233020467156	0.0
142.0	30.453939157888847	19.5454898098305	19.941353015700237	30.059218016580413	0.0
143.0	30.375038498898338	19.552859974570985	20.028943274341177	30.040947033413097	0.0022112187764062956
144.0	30.22112739969795	19.52778585123595	19.988461334382926	30.262585817340625	3.959734254314724E-5
145.0	30.368555992313205	19.609946100255748	19.925420937769715	30.09607696966133	0.0
146.0	30.515093561869705	19.42211645385176	19.894239618083514	30.168550366195024	0.0
147.0	30.33053146917849	19.510991232357608	20.061387576457903	30.097089722005997	0.0
148.0	30.32568862174596	19.60679763005588	19.886875959970734	30.180555629726424	8.215850100171752E-5
149.0	29.44096920060959	19.735681185644143	21.021957427137032	29.801349063495337	4.312311390280568E-5
