# Position (bp)	A	C	G	T	N
0.0	26.254235018848593	22.458859736803685	34.20908450930072	17.076766675943883	0.0010540591031123225
1.0	22.964527632186797	20.309377039388423	12.194168389982384	44.53186238806696	6.455037543574193E-5
2.0	31.834137788996735	20.996926521688618	13.483127554630814	33.68572364043472	8.449424911016993E-5
3.0	21.17367502920515	23.433142473977295	10.4638563368624	44.92917947938876	1.4668056639652994E-4
4.0	40.53428543027851	9.90520083581475	10.123177854868565	39.43702329249078	3.1258654740031145E-4
5.0	44.64475767615552	10.551130076200797	23.499875824914373	21.29656617537005	0.007670247359258217
6.0	34.971160215883316	14.0701637296866	21.350071944585324	29.608604109844762	0.0
7.0	40.23003642442292	15.425008528936448	20.445496495214126	23.89941739853652	4.115288998227545E-5
8.0	19.058389684331857	32.3474215957126	23.01214802417709	25.58202018586087	2.0509917570641283E-5
9.0	30.09937037955751	19.96440146590379	12.97645093984997	36.959777214688735	0.0
10.0	27.69897306461157	15.091659927415924	28.39932497380766	28.81004203416484	0.0
11.0	27.317067218722162	18.62392168187124	18.41157282943356	35.64743826997304	0.0
12.0	25.18819836622968	20.772402278419193	23.24392812319235	30.79547123215878	0.0
13.0	23.92447574912995	26.557236034626847	18.400089336633016	31.118198879610187	0.0
14.0	32.984431499282984	20.59921352291766	20.127775282114246	26.28857969568511	0.0
15.0	33.07336715222184	18.906314136393366	19.326510370228856	28.69380834115594	0.0
16.0	32.06417888536843	18.518284222556797	18.40407498247299	31.01346190960179	0.0
17.0	32.103256270195416	18.300692093655435	18.60853192157768	30.98751971457147	0.0
18.0	31.715315671158766	18.351228315235794	19.133165131031085	30.800290882574348	0.0
19.0	31.129740574692473	18.94329259536991	19.11466726231313	30.812299567624486	0.0
20.0	30.90091145929195	19.059899790615276	19.23989544095253	30.79929330914024	0.0
21.0	30.560962036083104	19.19972219635627	19.261826956046786	30.977488811513844	0.0
22.0	30.800082890024903	19.279300554000155	19.08069336000184	30.839903384781675	1.9811191421278646E-5
23.0	31.054086447934402	19.170534898299163	19.20860932847262	30.56676932529382	0.0
24.0	30.706782353737168	19.305526460202096	19.15837301150519	30.829022289605092	2.958849504629416E-4
25.0	30.89324652185227	19.359369691644453	19.139841202542932	30.607542583960345	0.0
26.0	31.06517767103683	19.151850762064633	19.300543425525404	30.48232992957428	9.821179885123623E-5
27.0	30.757833540450584	19.282897341712108	19.33897580844333	30.620293309393976	0.0
28.0	30.975094108138094	19.299816673982495	19.24011639598107	30.48491413879415	5.868310419537249E-5
29.0	30.970383216765747	19.151897577731464	19.46814101177597	30.409578193726823	0.0
30.0	30.68472776454461	19.36966828153305	19.43918299944318	30.50632354035653	9.741412263191139E-5
31.0	30.783787037089255	19.540450052397926	19.137912627599015	30.5378502829138	0.0
32.0	30.853119011428763	19.400830861639975	19.284371256915517	30.461543000476905	1.3586953884519822E-4
33.0	30.61176014264206	19.30606335311524	19.442943466866197	30.638981170217445	2.5186715906050453E-4
34.0	30.70231182460905	19.40590930697864	19.34671258006836	30.543190403825722	0.001875884518228376
35.0	30.847631303297657	19.145071548728925	19.503461898270036	30.499897106352652	0.003938143350734522
36.0	30.81105341783822	19.293183748791705	19.380019147725783	30.512544689589465	0.0031989960548284803
37.0	30.717394407628053	19.419604122153206	19.401789118842235	30.458345790368586	0.0028665610079213278
38.0	30.872950398515613	19.335426352643342	19.365525109989157	30.423120916523487	0.0029772223283991476
39.0	30.680807250581015	19.354909850038037	19.411539432925586	30.549272435469028	0.0034710309863346853
40.0	30.66305969992069	19.25642309045922	19.425806024180822	30.64573078798105	0.008980397458222005
41.0	30.863793422547985	19.245934023576776	19.34585310938406	30.53514643327485	0.009273011216328453
42.0	30.62246524978095	19.365591913162305	19.462623884261212	30.539218615780317	0.01010033701521485
43.0	30.57237022115149	19.590225746697314	19.36244838733973	30.463419959024478	0.011535685786986412
44.0	30.849638728117323	19.3475112751674	19.412063215200746	30.37654346259272	0.014243318921811226
45.0	30.655477603331388	19.397476280102367	19.421799503988797	30.509119877741092	0.016126734836352626
46.0	30.718051488527514	19.4564342235495	19.300419893935327	30.51113401752474	0.013960376462919245
47.0	30.83610192568063	19.407735920965692	19.342496231027802	30.40082286617934	0.012843056146540598
48.0	30.597139357780367	19.36422635938106	19.406612279297633	30.61368066671517	0.018341336825766396
49.0	30.673398831763187	19.566405214235736	19.27880312410515	30.465362363303367	0.0160304665925644
50.0	30.772626405731707	19.307077253944254	19.43833496483851	30.464927932087036	0.017033443398491454
51.0	30.586397207405724	19.42686021240577	19.468275485406643	30.49988404478968	0.018583049992181522
52.0	30.67590147583258	19.504028642422305	19.32580585582688	30.47813398648359	0.016130039434644947
53.0	30.720628843360426	19.388677283719655	19.488116739961487	30.394095754014376	0.008481378944053243
54.0	30.57159798544196	19.34377167187341	19.410146565179296	30.66537017513369	0.00911360237164555
55.0	30.595206650999373	19.576027385405638	19.36323589059383	30.45619892797184	0.009331145029321619
56.0	30.76078536927645	19.29418491631904	19.46643579585301	30.47128209051366	0.007311828037834292
57.0	30.577634977033917	19.53956651318383	19.434056061770754	30.44633850750227	0.0024039405092334794
58.0	30.49843235303556	19.59893684879596	19.42379051349798	30.476569556440452	0.0022707282300499167
59.0	30.772482152839466	19.370589544655264	19.425177880903664	30.43013771225177	0.001612709349832475
60.0	30.533422861504505	19.514261571556727	19.521720170243455	30.42928358285594	0.0013118138393736426
61.0	30.577412042156237	19.457760607232004	19.47926124700714	30.484105258741845	0.0014608448627704811
62.0	30.817748971389065	19.405773398255022	19.30022636740399	30.475764612339738	4.8665061218775284E-4
63.0	30.501532382631915	19.485700100475214	19.43586469387797	30.57686540904599	3.741396891684876E-5
64.0	30.589943596756637	19.481705686731832	19.320625682229444	30.607706336661135	1.8697620952105297E-5
65.0	30.756218875718922	19.449379392628217	19.379351512299454	30.415012841248085	3.7378105326267876E-5
66.0	30.626404303379594	19.417793658657235	19.454911727366945	30.500796908309592	9.340228663742054E-5
67.0	30.698610457784607	19.630619414525256	19.225508223697418	30.445224556229206	3.734776351321448E-5
68.0	30.769902785394997	19.394237162717886	19.594348642732687	30.241511409154427	0.0
69.0	30.55894894978958	19.514617100094245	19.495656393173398	30.429919099739667	8.584572031091081E-4
70.0	30.64575470888462	19.51340965859607	19.376764502409387	30.46407113010992	0.0
71.0	30.788917607311063	19.396406997081066	19.444738758528477	30.369582216597923	3.54420481474628E-4
72.0	30.634522003247167	19.478699901801612	19.46931836515067	30.417459729800555	0.0
73.0	30.55617566913052	19.61955426049731	19.323932598037157	30.50033747233501	0.0
74.0	30.886115136222834	19.311248990613876	19.443881861261392	30.3587540119019	0.0
75.0	30.64615180334943	19.455495648116496	19.4114648926058	30.486887655928275	0.0
76.0	30.672442867421534	19.46692671878899	19.306762660662937	30.553849103375942	1.864975059688527E-5
77.0	30.723037629424937	19.44756436602344	19.385120342763226	30.444277661788398	0.0
78.0	30.54849310918714	19.547871199383092	19.297540378436032	30.606095312993737	0.0
79.0	30.383700253382205	19.755565742337478	19.32527682020162	30.535419869859197	3.731421949753791E-5
80.0	30.671187306080355	19.50238628699566	19.359753992416582	30.466653752686835	1.866182056510232E-5
81.0	30.464339267657607	19.602030113461684	19.369947279695374	30.56366467250523	1.8666680106676343E-5
82.0	30.499055697243506	19.80203067107304	19.198214694523568	30.500680263979024	1.8673180868056425E-5
83.0	30.746790794009144	19.634114745563917	19.123936872586476	30.495045510100354	1.1207774010927954E-4
84.0	30.413753303638742	19.666494608962427	19.235876909345276	30.683613540704602	2.6163734895582404E-4
85.0	30.515932111489725	19.72156549296762	19.145868682194457	30.616502834920233	1.3087842796311098E-4
86.0	30.69042264597353	19.54204030904273	19.219169897553183	30.548273616025146	9.353140541412153E-5
87.0	30.315653139031497	19.77132226192192	19.290833238191315	30.62164858344454	5.427774107271533E-4
88.0	30.307892057341146	19.96933945170954	19.118196488569435	30.604384728080525	1.8727429935534566E-4
89.0	30.49713805792692	19.905685020348216	19.201395798737245	30.395706168700364	7.495428725406094E-5
90.0	30.391455711512133	19.845185587157317	19.318630570680558	30.443996830281684	7.313003683128676E-4
91.0	30.480826842701692	19.96513101390087	19.21832447597536	30.335267309190257	4.5035823182602814E-4
92.0	30.53298253125857	19.978272055647576	19.28423606650967	30.20409619638907	4.131501951195694E-4
93.0	30.27009745776808	20.02196760830296	19.221149799804945	30.48667236406086	1.1277006315687386E-4
94.0	30.210133914824162	20.232840875765216	19.205694667278404	30.351048374611622	2.8216752059963984E-4
95.0	30.489582746919407	19.99699881590673	19.249677617474045	30.263646679671798	9.414002801983795E-5
96.0	30.283366750008906	20.17721423088658	19.200193432892977	30.338924054032308	3.015321792314812E-4
97.0	30.301997350347747	20.206399723225847	19.268363216277155	30.222786971618763	4.527385304824137E-4
98.0	30.318133554041992	20.092739935218763	19.31946653010224	30.26935784695003	3.021336869808139E-4
99.0	30.215150883881588	20.077894699432626	19.404827482692692	30.301332977439156	7.939565539412192E-4
100.0	30.12399163005874	20.27101062858395	19.385891422021377	30.218425036245204	6.81283090724009E-4
101.0	30.17638847524059	20.218932992007176	19.378083890148147	30.22615889096281	4.3575164126802974E-4
102.0	30.080724062098234	20.18078790842396	19.42216230016726	30.315642880907067	6.828484034814647E-4
103.0	30.094894555907224	20.371886842116258	19.38471226826627	30.147727700026245	7.786336839970268E-4
104.0	30.283530662470298	20.27320389667606	19.327803794872516	30.115290515632854	1.7113034827497757E-4
105.0	29.986465216902086	20.28848564835114	19.442147607766593	30.282634981807337	2.665451728383615E-4
106.0	30.02256079728798	20.335049001197625	19.385585263380246	30.25640458597677	4.003521573833898E-4
107.0	30.22181708847771	20.234807882290617	19.482334524871977	30.060143270988345	8.972333713543929E-4
108.0	29.98098338894819	20.24598104914804	19.586746179091055	30.185562974268315	7.264085443996195E-4
109.0	29.975208051352837	20.38886027870362	19.448508367043363	30.186753250234037	6.700526661395586E-4
110.0	30.068483393558353	20.303248815071832	19.51810268847025	30.109973374705724	1.9172819384180546E-4
111.0	29.963823973809156	20.335792949765292	19.46085084907465	30.23918655983236	3.456675185450624E-4
112.0	30.0029891214445	20.37767183986003	19.46231591128195	30.15665766211464	3.6546529887752146E-4
113.0	30.183201506243	20.189255302177287	19.616167758353736	30.011356165893275	1.9267332699823434E-5
114.0	30.114285460618873	20.280694494599558	19.679978321410946	29.92486801672756	1.7370664306315067E-4
115.0	29.846271282491816	20.62666653519032	19.463951602783663	30.063071910020682	3.866951351625173E-5
116.0	30.171451483094554	20.355473944275122	19.565284343321355	29.90707354796971	7.166813392643557E-4
117.0	29.965237592921618	20.34571072181769	19.644621626509625	30.044216601969858	2.134567812114565E-4
118.0	29.999095963037526	20.40784704083428	19.601601603547714	29.991183209408984	2.7218317149775594E-4
119.0	30.073434830337533	20.290603411402557	19.643807376439305	29.99207647101445	7.791080615090233E-5
120.0	29.912952180781566	20.401097147942263	19.811287431489237	29.874565663484702	9.757630222893547E-5
121.0	29.836895838995993	20.499891472474093	19.820274506199755	29.842331992545823	6.061897843333183E-4
122.0	29.996574789510234	20.386566747711694	19.850074539477706	29.766098097401382	6.858258989805884E-4
123.0	29.891906549796644	20.352667914591073	19.8948381838164	29.859134298095537	0.0014530537003485168
124.0	29.919922492181726	20.40996583060591	19.91351991194583	29.75501768284837	0.0015740824181683741
125.0	29.943435873845452	20.403782719774807	19.98440725382124	29.66689532609997	0.00147882645853203
126.0	29.82024566511396	20.4302073912156	20.04418818293141	29.70168332829773	0.003675432441303245
127.0	29.738778046591058	20.55160168776104	20.01165598333547	29.695409709002412	0.002554573310016086
128.0	29.824193737560527	20.38875952861925	20.10941279037345	29.675232625222296	0.0024013182244772124
129.0	29.64363728358677	20.577278284402418	20.08099143605362	29.69670077540718	0.0013922205500106505
130.0	29.768969279295064	20.519627255473367	20.130632416621964	29.580571707193776	1.9934141583037958E-4
131.0	29.71665476196423	20.406831134709616	20.275283340243057	29.601050943801475	1.7981928162196992E-4
132.0	29.578304494403174	20.52018618302764	20.33904584602851	29.562042918544325	4.2055799634955663E-4
133.0	29.536357665452627	20.622221847519576	20.352034474784652	29.489305718818855	8.029342428972437E-5
134.0	29.66361317748788	20.47211980880683	20.498799610144925	29.36472294454867	7.444590116964571E-4
135.0	29.578305319380444	20.516797783435177	20.48745306609943	29.41700013089156	4.4370019339277976E-4
136.0	29.47870171155372	20.63568760758115	20.537694495201027	29.34737031934797	5.458663161261445E-4
137.0	29.63159935378335	20.376457073228764	20.559454505914026	29.432002641291994	4.864257818635742E-4
138.0	29.392513299439578	20.370210068153277	20.762345415604948	29.474220016824958	7.111999772416007E-4
139.0	29.415461819939086	20.64597319025458	20.680240703816427	29.258140928307352	1.8335768255447405E-4
140.0	29.582784492789628	20.426285675997228	20.89587119379764	29.094956495875117	1.02141540392485E-4
141.0	29.45398716572676	20.529059858652133	20.83693818811923	29.179912352603864	1.024348980127425E-4
142.0	29.41467179626492	20.508865078442	20.993823357645635	29.082619218567817	2.0549079627272572E-5
143.0	29.38262578577449	20.42355946154138	21.093766752604953	29.098047996780203	0.0020000032989745137
144.0	29.206879163975945	20.509268522405783	21.151523565939044	29.13232874767922	0.0
145.0	29.251252767016293	20.512363945076466	21.21469885596057	29.021663654651437	2.077729523663885E-5
146.0	29.416311700987734	20.38706701377362	21.2165052825453	28.980116002693347	0.0
147.0	29.203480053862986	20.47630870223868	21.36212337990237	28.958024743309206	6.312068675307188E-5
148.0	29.10534042392543	20.546114588910395	21.334389543264283	29.014048192688385	1.0725121150968522E-4
149.0	28.681211954548907	20.961933666804985	22.264148154750135	28.092706223895973	0.0
