#Position (bp)	Coverage	Std
15197.0	67.39782186687724	31.16099116071437
45590.0	57.67160201362156	17.75391673883928
75983.0	51.87510281972823	19.741616408458423
106376.0	52.49136314282894	15.160421624690516
136769.0	50.10940019083341	15.279323839061382
167162.0	63.65689467969598	20.96007504351146
197555.0	57.3633731451321	23.804350228275762
221485.0	60.579321005324324	23.411452840859074
236681.5	77.93865078137088	28.528932140103297
258341.0	59.432731221004836	20.38580522932945
288734.0	56.30276708452604	17.76942438563339
319127.0	54.675352877307276	16.19482729614336
349520.0	55.06228407857073	14.680660672544136
379913.0	53.23459349192248	17.8833387769328
410306.0	57.4118053499161	16.572765781744632
440699.0	55.52271904714902	19.09542643572923
471092.0	53.99657815944461	19.825015944442036
501485.0	57.41131181522061	19.125156003100408
531878.0	51.02941466785115	14.580253281069485
562271.0	52.131181522061	16.036359954437707
592664.0	50.783897608001844	16.439432080256804
623057.0	49.92639752574606	17.669638799203316
653450.0	53.664231895502255	17.468701418070697
683843.0	52.57996907182575	17.432813056958615
714236.0	52.344717533642616	16.097516266216505
744629.0	53.11759286677854	14.630461590242668
775022.0	50.06238278550982	13.844209119609122
805415.0	54.78399631494094	19.232856617387565
835808.0	53.68996150429375	17.041754980791197
866201.0	56.68236106998322	17.341220501174984
896594.0	54.09456124765571	14.923462593996952
926987.0	53.09367288520383	15.499889352310433
957380.0	55.49804231237456	16.269631771325795
987773.0	57.12529200802816	15.504711478911393
1018166.0	58.67607672819399	19.565162353763597
1038382.5	70.5973107569721	26.325103148456837
1053579.0	71.07227435758857	27.85140801844734
1078952.0	52.520679103740996	17.09384257039954
1109345.0	56.5155463429079	18.96251326055472
1139738.0	47.977988352581185	22.943222067053895
1170131.0	53.88964564208864	18.379013629854654
1200524.0	52.111111111111114	22.771847447223994
1230917.0	55.06741683940381	16.385082569411598
1261310.0	54.2337051294706	16.289715115487546
1291703.0	54.641693811074916	17.75865484766475
1322096.0	60.68630934754713	21.692260685747076
1348657.5	69.96058073031236	26.472394706150464
1363854.0	82.6321284092392	30.781088370603022
1382882.0	61.84993255025828	23.43821205830021
1413275.0	52.18885927680716	16.1988779110247
1443668.0	53.351396703188236	17.057609173936438
1474061.0	53.684401013391245	16.564927853675865
1504454.0	56.344980752146874	17.656128886133935
1534847.0	55.928272957588916	18.16617923801777
1565240.0	54.9908202546639	18.388413414497656
1595633.0	55.558220642911195	17.79439174904705
1626026.0	57.13644589214622	16.42189323141472
1656419.0	52.58997137498766	16.192742683238293
1686812.0	50.052314677721846	15.473380132089364
1717205.0	50.11222978975422	16.907440582972892
1747598.0	51.82278814200638	17.84031317710624
1777991.0	52.27200342184056	14.95269633523924
1808384.0	53.88582897377685	19.54656087354887
1838777.0	53.148422334090085	15.510558842083105
1869170.0	56.4161484552364	23.65968733501305
1899563.0	64.97282268943506	30.40162944338377
1929956.0	50.42782877636298	16.00330120091313
1960349.0	51.90339880893627	17.41539234416217
1990742.0	52.517586286315925	17.65647083628708
2021135.0	57.15987233902543	19.418198417206803
2051528.0	58.30694567828118	17.304167469863756
2081921.0	52.58664824137137	17.171674834129824
2112314.0	54.78912907577403	20.677876416413948
2142707.0	51.84200309281743	18.476995650689265
2173100.0	53.83308656598559	19.020308921840602
2203493.0	52.148290724837956	15.077102534212731
2233886.0	59.179087289836474	19.21887140965317
2264279.0	49.11588194650084	12.941583568726987
2294672.0	50.94281577994933	17.155577001713027
2325065.0	53.2881913598526	15.903498507086825
2355458.0	63.256835455532524	25.894816839865918
2385851.0	54.64300990359622	17.57334887629925
2416244.0	53.364031191392755	16.018569776943647
2446637.0	59.335603592932586	23.50392397327056
2477030.0	54.167637284901126	14.915343645507036
2507423.0	50.87714276313625	17.12963053963052
2537816.0	55.08149902938177	16.37158582502675
2568209.0	57.228736880202675	20.83752736384595
2598602.0	51.155331819826934	16.840728621199165
2628995.0	53.610107590563615	15.31183877933014
2659388.0	56.51811272332445	16.967876345924576
2689781.0	58.22468989569967	18.063701317851848
2720174.0	55.467640575132435	15.196747604733865
2750567.0	56.31181522061001	15.964676361381715
2780960.0	53.09028394696147	14.327008955184887
2811353.0	51.498206823939725	16.826129850348703
2841746.0	53.73250419504491	17.717897644753332
2872139.0	64.81949791070312	31.60069548060654
2889645.5	115.47597402597403	38.401002760175594
2904842.0	63.371668024676985	23.688827653985392
2932925.0	55.49116572895075	18.13203619792297
2963318.0	51.866252097522455	18.736563968233405
2993711.0	53.13124732668707	14.698236856273532
3024104.0	51.07370118119304	15.341196758009241
3054497.0	54.20892968775705	16.10999988225833
3084890.0	57.93567597802125	19.453408446530467
3115283.0	54.69716711084789	16.957627075934244
3145676.0	55.18359490672194	16.045796171287556
3176069.0	51.85799361695127	17.558370768263153
3206462.0	54.63392886519922	17.648853188973145
3236855.0	54.738854341460204	17.783382009108962
3267248.0	52.62228144638568	17.142021834618987
3297641.0	60.05228177540881	14.590258025708005
3322340.5	71.26823108492056	25.30714512214683
3337537.0	93.98015280583121	99.64677054186906
3358427.0	188.69772645016945	170.18629108000772
3388820.0	117.62968446681802	141.45796328903887
3410819.5	153.15750404233427	194.50493453264403
3426016.0	73.04229463275153	20.15868275998559
3449606.0	58.62935544368769	18.60481595673894
3479999.0	55.00342184055539	18.54955542988207
3510392.0	54.4402658506893	16.920689772432123
3540785.0	50.95581219359721	21.96068549251191
3571178.0	52.20856776231369	16.506725407555944
3601571.0	53.67380646859474	16.93020543346944
3631964.0	51.87256934162472	17.89788683909465
3662357.0	54.920508011713224	18.088774530758318
3692750.0	53.02368966538348	15.481732431738635
3723143.0	54.948836903234294	18.168388749462274
3753536.0	51.020794261836606	14.3506757511688
3783929.0	54.23258645082749	17.465492579747163
3814322.0	54.456684104892574	17.020457767862144
3844715.0	53.27460270457013	17.137875439687768
3875108.0	63.570690619550554	28.281077884363793
3905501.0	56.599809166584414	20.695783806789162
3935894.0	56.27878129832527	17.219011506277436
3966287.0	58.33626163919323	17.89097888112638
3987990.0	81.77461000537923	28.27280893717282
4003186.5	72.62054085155351	25.144110534904282
4027073.0	56.91896160300069	25.184603855893346
4057466.0	55.04310203007272	15.440996536282707
4087859.0	52.85355180469187	18.705763904847874
4118252.0	53.03063205343336	16.749592337836077
4148645.0	53.903464613562335	19.879710977890806
4179038.0	56.36475504227947	15.840891182269116
4209431.0	51.59892080413253	18.076229530247847
4239824.0	60.26779192577238	15.736358368381213
4259839.0	78.93701359344195	24.402395618095447
4275035.5	67.34577953362883	23.242205895756786
4300610.0	57.57667884052249	17.3259182866983
4331003.0	55.90731418418715	20.82059051608185
4361396.0	53.405652617379005	19.97063616136203
4391789.0	55.50307636626855	18.318673080683972
4422182.0	52.49290955154147	17.29273431871933
4452575.0	55.52051459217583	17.167628553214655
4482968.0	53.2565064324022	15.179094039638178
4513361.0	55.87464218734577	19.000903926255877
4543754.0	55.272562761162106	15.882508355459409
4574147.0	52.92205442042576	17.533672499105627
4604540.0	52.41598394367124	15.224666763860828
4634933.0	50.659855887868915	16.128139043792128
4665326.0	53.905142631527	18.679953003883316
4695719.0	49.83989734478334	18.023982604730012
4726112.0	54.42427532655546	15.604665230054094
4756505.0	52.23291547395782	17.848463900480386
4786898.0	58.98878031125588	20.903990142298476
4817291.0	64.62935544368769	25.44928888478464
4847684.0	58.58895140328365	19.82217942334887
4878077.0	53.69305432171882	17.118817917457402
4908470.0	51.792748330207615	16.246369646792697
4938863.0	51.301944526700225	15.198460093746409
4969256.0	53.72016582765769	16.935165258346593
4999649.0	54.57888329549567	16.063784575117836
5030042.0	53.14147994604021	15.794412365813972
5060435.0	53.74688250584016	19.159292054159593
5090828.0	59.16615668081466	20.21556582037295
5121221.0	54.899187312868094	18.543029534822146
5151614.0	52.84354950152996	17.300585793894307
5182007.0	54.79498568749383	18.552945647227848
5212400.0	53.35764814266443	15.4497880155446
5242793.0	49.99299180732405	19.732388525242722
5273186.0	55.113019445267	15.673779302237232
5303579.0	55.57434277629717	17.237974483326905
5333972.0	62.39597933734741	21.776692310134155
5352383.0	86.17078861409239	26.527381616432876
5367579.5	69.0553747287598	24.036649429021107
5394758.0	54.167538577962034	16.32071109058727
5425151.0	54.86691014378311	18.856895358195352
5455544.0	56.21208830980818	18.05631196388793
5485937.0	51.30572829269898	15.933467888082163
5516330.0	55.32060013818972	17.098757815600937
5546723.0	53.928240055275886	18.563027506177722
5577116.0	82.20017767249037	86.98422039714012
5607509.0	54.187938012042245	16.683060735771495
5637902.0	50.885467048333496	18.396948164666735
5668295.0	56.48662520975225	16.57721826582584
5698688.0	55.494686276445236	17.348787367529347
5729081.0	56.24943243510019	16.724502355562826
5759474.0	52.16780179646629	16.424142077951668
5789867.0	54.035666107327344	14.725424293373676
5820260.0	53.23801533247787	17.465298542444618
5850653.0	59.562728259796664	16.316532426189646
5881046.0	60.840259270226696	22.615771825463064
5907241.5	73.60378216201472	31.40594085826494
5922438.0	75.9552114353782	28.438709788127547
5941832.0	62.45964531306551	20.65022621809633
5972225.0	55.53821603658737	18.819076358358803
6002618.0	53.170960418517424	16.330240894633725
6033011.0	52.66015200868621	17.677558320469274
6063404.0	53.804099628203865	16.76470916239745
6093797.0	52.916987464218735	16.704724094124884
6124190.0	54.038923436317575	15.43725325981961
6154583.0	55.256309018524	15.525953851006436
6184976.0	53.56950613628138	16.480299445063704
6215369.0	48.87918270654427	16.02986901244202
6245762.0	57.525482841443754	17.89656135042831
6276155.0	53.52781890566907	16.031359103786944
6306548.0	53.132530516895336	14.974950294217443
6336941.0	55.15003454742868	14.718640245534186
6367334.0	56.74875793768302	17.95713665790327
6397727.0	66.4422728917843	24.623184616856793
6428120.0	55.96130687987365	18.116769929540236
6458513.0	54.946303425130786	18.841330173300015
6488906.0	54.34554009146843	14.672221245181715
6519299.0	54.48066989109334	15.66590429452392
6549692.0	56.70621524693186	18.37189258101956
6580085.0	55.30622182739447	16.989362450724414
6610478.0	57.47655710196427	14.696566824672797
6640871.0	62.33767643865364	18.70326516393819
6660029.5	80.87872286723876	35.534211853003505
6675226.0	68.85958431616895	28.108949547062068
6701657.0	57.08024874148653	16.07432540079918
6732050.0	53.12950350409634	15.735821011603505
6762443.0	51.93926233014181	17.492513357378243
6792836.0	56.63869970058895	16.468700903018828
6823229.0	56.010923567926824	18.097697845988943
6853622.0	55.15668081466127	14.040779429473815
6884015.0	51.75260750830783	16.98674681434275
6914408.0	52.293916362320275	16.50025598798004
6944801.0	51.899022801302934	17.316317965930672
6975194.0	54.614582305136054	19.112328936122633
7005587.0	51.831178231829696	18.062912608366254
7035980.0	55.85457177639588	18.726755626743095
7066373.0	57.9183693613661	19.3718366487093
7096766.0	51.64172671338795	16.851373110370915
7127159.0	53.588786891718485	16.148328065948576
7157552.0	57.22031388806633	15.758900368005982
7187945.0	53.838120619879575	18.60407406305118
7218338.0	50.543282992794396	15.095824609461419
7248731.0	56.14493468890863	14.877739055464515
7279124.0	53.866252097522455	17.936188928899934
7309517.0	64.31559898660876	20.153570080683128
7327760.5	83.50344601247129	32.48839382777131
7342957.0	72.13119881476604	26.571671890714384
7370303.0	57.2414700753463	18.484326301583547
7400696.0	56.7044385220281	18.892762255253576
7431089.0	48.92649623268516	16.770204505463504
7461482.0	49.931497384266116	18.74757642350097
7491875.0	55.65107097028921	18.51321556246449
7522268.0	55.12387720856776	14.83526270670244
7552661.0	54.29026420557365	18.838356016943646
7583054.0	52.61981377290824	17.923224141042304
7613447.0	54.56805843450795	16.344866893724348
7643840.0	54.79834172342316	17.400453176187185
7674233.0	53.65791465139999	16.751052779547212
7704626.0	53.509722633501134	16.76974932674372
7735019.0	52.03306682459777	13.823664701790067
7765412.0	51.64241766196164	17.914102800030555
7795805.0	2470.0078636528146	2277.6337016907305
7826198.0	83.00348764518145	216.37996201368478
7856591.0	50.74221037738953	15.794718587597849
7886984.0	54.23133616293225	15.893032774486466
7917377.0	55.99786134965288	21.347117006006552
7947770.0	52.58016648570395	15.769606388180412
7978163.0	57.04872832560129	20.990963237159818
8008556.0	50.396736090547165	18.23333249423411
8038949.0	52.327937353995985	16.638701244401577
8069342.0	46.965715789820024	21.790697587857213
8099735.0	51.05820419175468	15.50951619554946
8130128.0	48.60063172441023	17.874658189442357
8160521.0	56.28575658868819	17.287524031845823
8190914.0	54.032211364458924	14.424246778959667
8221307.0	53.64807685980325	15.608487458082394
8251700.0	55.20544204257559	14.852659263059566
8282093.0	53.32915473957819	16.46003886026438
8312486.0	58.817786990425425	20.989867560091355
8342879.0	52.190142467015434	17.136381723898854
8373272.0	56.939722962524264	18.6546619816034
8398726.5	96.30439656853187	44.65972166209128
8413923.0	81.32408626101042	35.58801673743905
8434058.0	61.10453064850459	17.74271591439574
8464451.0	54.62514394761952	19.877847281723504
8494844.0	50.16625538775376	15.688037893620306
8525237.0	54.5098871450663	15.244679617428561
8555630.0	54.8338104168723	17.613077848631242
8586023.0	60.84160826506103	25.701947455090632
8616416.0	56.95936564340473	20.149940528777325
8646809.0	51.4073635376567	15.898927710570131
8677202.0	53.12328496693318	15.452728753002228
8707595.0	51.30043102030073	15.68885581410677
8737988.0	54.219458427927485	16.27188649581223
8768381.0	56.65896752541704	23.572667389299486
8798774.0	60.479057677754746	22.958699126064367
8829167.0	49.98091665844109	17.18260163940481
8859560.0	53.16563024380614	15.794134261294527
8889953.0	53.55391043990392	18.34155108758498
8920346.0	51.2112986542954	14.355340711011596
8950739.0	52.369460073043136	16.067643999467183
8981132.0	53.980521830684694	18.76887023545746
9011525.0	55.44582634159181	16.96644911246318
9041918.0	53.49587075971441	17.41250530602861
9072311.0	56.53847925509163	18.649216465235643
9102704.0	54.87210870924226	17.468571456032304
9133097.0	52.375316684762936	15.617741890058259
9163490.0	54.325403875892476	17.125234262266083
9193883.0	56.81512190306979	18.211222809002273
9224276.0	55.79988813213569	18.623389028114836
9254669.0	54.533050373441256	16.74880952008858
9285062.0	58.3681110782088	16.302660056069396
9315455.0	61.00588951403284	15.268172756819427
9332033.5	80.1273516642547	32.962878739865886
9347230.0	75.28636577509138	30.89485015173484
9376241.0	57.9775935248248	19.72944946666508
9406634.0	56.57556016187938	18.064406209196303
9437027.0	61.16020136215576	21.383369967578435
9467420.0	54.03991050570855	15.88938977844459
9497813.0	54.3664001579311	15.547849687811597
9528206.0	52.82403842990162	16.23704898113266
9558599.0	52.91073602474254	17.958104986202997
9588992.0	53.82397262527556	17.20318652339581
9619385.0	54.14506629816076	16.149524037599466
9649778.0	53.39186654821834	15.001325904614449
9680171.0	53.15645049847004	15.277639796818313
9710564.0	51.76497877800809	15.530236126114104
9740957.0	51.49800941006153	15.934272177994128
9771350.0	55.71141381239101	16.483040361248722
9801743.0	52.11611226269207	14.772931189732262
9832136.0	52.736353765669726	18.736465629265375
9862529.0	57.8613496528806	19.334878545732963
9892922.0	59.85279505149212	21.10289354443487
9923315.0	56.13180666600862	16.41020027652069
9953708.0	54.6231040042115	17.601996758020885
9984101.0	56.77833711709933	18.453797033308174
1.0014494E7	56.11933668936926	14.724928250857223
1.0044887E7	55.229592340341526	17.370962473297457
1.007528E7	58.72243608725693	17.753662842801393
1.01041125E7	68.87477999413318	27.58635472208043
1.0119309E7	96.47741108619033	31.95066386633492
1.0136066E7	69.25565097226335	22.182504400183333
1.0166459E7	58.403678478597044	17.28767629040213
1.0196852E7	57.30283288915211	16.547944538918813
1.0227245E7	58.028789523903534	21.551115914888985
1.0257638E7	52.649524561576676	17.768644834347075
1.0288031E7	56.79952620669233	17.535580817600575
1.0318424E7	55.90287237192775	18.274577647683973
1.0348817E7	51.80485638140361	18.683213896234477
1.037921E7	53.083144145033394	14.60996208087954
1.0409603E7	55.06679169545619	13.920424041955307
1.0439996E7	53.90945283453427	18.051574518910684
1.0470389E7	52.87724147007535	18.10012203808501
1.0500782E7	50.090974895535155	14.212966720292293
1.0531175E7	52.83772579212319	17.88391739428043
1.0561568E7	51.09831211134143	16.219592528336822
1.0591961E7	51.49327147698483	16.205993489632665
1.0622354E7	52.46507419471589	17.024059725818958
1.0652747E7	51.158589148817164	15.239815153511657
1.068314E7	54.70677458625342	16.158882971844697
1.0713533E7	58.528805975060045	21.952945734169624
1.0743926E7	54.353666962787486	16.060687353945443
1.0774319E7	51.87605698680617	17.34052795568398
1.0804712E7	51.76524199651235	18.281130081045532
1.0835105E7	56.480044747145726	23.991934150609268
1.0865498E7	54.33142499917744	16.669930585547636
1.0895891E7	51.31599381436515	15.216407969580933
1.0926284E7	55.88184779389991	18.03491752836683
1.0956677E7	54.49248182147205	15.149535948117121
1.098707E7	54.172177804099626	15.628345658985115
1.1017463E7	50.71236797946896	16.10610770768022
1.1047856E7	53.6905208436153	16.45453291166996
1.1078249E7	55.66232356134636	18.761061510833002
1.1108642E7	51.23722567696509	17.633608021969604
1.1139035E7	56.85917810022045	18.85372122248328
1.1169428E7	57.604678708913234	18.924352451733586
1.1196832E7	81.03485562154414	43.25620088035564
1.12120285E7	98.7305118768819	43.7763637528199
1.1230214E7	61.58997137498766	20.696662156813044
1.1260607E7	63.61445069588392	21.613006146277705
1.1291E7	53.922515052808215	17.447746203922335
1.1321393E7	52.909321225282135	18.21207013408276
1.1351786E7	53.19514361859639	14.98009954432145
1.1382179E7	53.200309281742506	16.13429475921884
1.1412572E7	56.64103576481427	17.976214191053913
1.1442965E7	57.486855525943476	15.752199013588404
1.1473358E7	51.39486065870431	16.021114494020296
1.1503751E7	51.701477313855165	17.151746570639762
1.1534144E7	52.75915506860132	16.57296927622619
1.1564537E7	55.60309939788767	16.234663765253107
1.159493E7	52.5656894679696	16.630507612125843
1.1625323E7	52.41387819563715	18.146206281799234
1.1655716E7	54.6139242588754	18.9366552950366
1.1686109E7	52.77389530483993	19.27320132404412
1.1716502E7	52.113578784588555	15.999802584903906
1.1746895E7	51.01141710262232	14.514336902459334
1.1777288E7	52.033527456980224	14.394734118712837
1.1807681E7	52.12723324449709	15.32715110141902
1.1838074E7	53.87720856776232	18.64997685148832
1.1868467E7	53.935083736386666	17.881453771188315
1.189886E7	52.9771986970684	18.52887436782735
1.1929253E7	52.91073602474254	17.821331096999952
1.1959646E7	56.253183298785906	15.496505327328434
1.1990039E7	52.72365347283914	18.597576144477614
1.2020432E7	58.1118020596848	19.484652835353188
1.2050825E7	66.1687230612312	28.893806796623487
1.2081218E7	56.70512947060178	19.192911396130196
1.2111611E7	59.683578455565424	17.84266999552874
1.21419565E7	72.87451316918609	36.714176478647154
