#Position (bp)	insert size
15197.0	276.9855072463768
45590.0	281.7190549563431
75983.0	284.9380650125024
106376.0	283.9337586789266
136769.0	278.3663482160265
167162.0	281.4022988505747
197555.0	282.9697476182517
221485.0	278.7837070678399
236681.5	285.0985835694051
258341.0	278.40976331360946
288734.0	279.44222689075633
319127.0	282.1302626844189
349520.0	283.0924324324324
379913.0	279.03208456973294
410306.0	282.15417669302167
440699.0	281.91037735849056
471092.0	274.90201050534324
501485.0	277.4630071599045
531878.0	277.891902363425
562271.0	279.66924820551566
592664.0	279.1142311365807
623057.0	280.55054187192115
653450.0	279.2873980054397
683843.0	283.52071901608326
714236.0	282.4647114474929
744629.0	285.9619205298013
775022.0	277.80669144981414
805415.0	279.51685191825027
835808.0	282.1006463527239
866201.0	278.1681524209054
896594.0	285.2800658978583
926987.0	281.8331475287997
957380.0	278.96844919786093
987773.0	280.577479338843
1018166.0	277.5800200467758
1038382.5	269.32326158940396
1053579.0	273.26271356783917
1078952.0	282.9135663284479
1109345.0	282.73078924544666
1139738.0	281.54571197411
1170131.0	274.9136297376093
1200524.0	273.3955043655954
1230917.0	278.7595930751383
1261310.0	283.7444182247232
1291703.0	284.62872628726285
1322096.0	280.4671721245362
1348657.5	272.7485228951256
1363854.0	278.4083987078911
1382882.0	279.6915399239544
1413275.0	282.530803906837
1443668.0	279.212312256629
1474061.0	279.42205746061165
1504454.0	278.47559709241955
1534847.0	279.17448835568104
1565240.0	279.30415324024347
1595633.0	277.05489301999296
1626026.0	282.0235922162907
1656419.0	283.8494043186895
1686812.0	276.0153755174453
1717205.0	281.0856245090338
1747598.0	281.4548539114043
1777991.0	277.5416354088522
1808384.0	274.0515052593399
1838777.0	279.6738245094409
1869170.0	276.70029015190306
1899563.0	285.54654335961186
1929956.0	276.20171006607075
1960349.0	278.4760558069382
1990742.0	276.04443621551565
2021135.0	282.2959427207637
2051528.0	283.7634026720785
2081921.0	282.1936826177416
2112314.0	292.01046841731727
2142707.0	282.89098809748725
2173100.0	279.7649945474373
2203493.0	280.64502164502164
2233886.0	283.3771333885667
2264279.0	284.09549549549547
2294672.0	281.8152278407998
2325065.0	277.4400074294205
2355458.0	279.30196260237983
2385851.0	279.68212750716333
2416244.0	279.822780136607
2446637.0	277.16023007395233
2477030.0	278.33116883116884
2507423.0	280.8931870669746
2537816.0	278.50221670508955
2568209.0	278.9418524871355
2598602.0	278.55751872479357
2628995.0	283.6637899375689
2659388.0	287.3389918586523
2689781.0	278.75249703741326
2720174.0	276.71750219876867
2750567.0	282.2758499824746
2780960.0	287.19992484028563
2811353.0	281.09820061255743
2841746.0	278.3796059832178
2872139.0	278.33653136531365
2889645.5	288.26585928489044
2904842.0	280.62451154529305
2932925.0	280.84184308841844
2963318.0	282.54641509433964
2993711.0	276.8304613674263
3024104.0	281.17905275317673
3054497.0	280.97425670775925
3084890.0	279.58386770165373
3115283.0	281.40685030808265
3145676.0	279.72502226179876
3176069.0	279.6053828658074
3206462.0	278.58636605716316
3236855.0	279.18115033148183
3267248.0	283.3049008604564
3297641.0	290.6332956563862
3322340.5	274.2585642592189
3337537.0	216.71325796505653
3358427.0	226.7525855920114
3388820.0	219.29503574004852
3410819.5	222.15111058601136
3426016.0	276.5475517890772
3449606.0	281.40858585858587
3479999.0	278.4125448028674
3510392.0	282.4907190484772
3540785.0	274.29148240722935
3571178.0	274.89157994323557
3601571.0	285.8650721197736
3631964.0	283.51628787878786
3662357.0	277.43245661120056
3692750.0	280.82944740223974
3723143.0	279.4323065902579
3753536.0	284.70212355212357
3783929.0	277.83517679057115
3814322.0	280.9680043383948
3844715.0	274.96036697247706
3875108.0	280.76021505376343
3905501.0	277.1946366782007
3935894.0	281.4563994374121
3966287.0	281.2501684636119
3987990.0	275.586387434555
4003186.5	277.80512351326627
4027073.0	281.32665534804755
4057466.0	278.51854506360866
4087859.0	281.0623474178404
4118252.0	279.4095852534562
4148645.0	279.8406934306569
4179038.0	283.37834528598916
4209431.0	278.9058485139022
4239824.0	281.7736375574524
4259839.0	271.60283687943263
4275035.5	272.4579244101065
4300610.0	282.80955654864215
4331003.0	278.9347826086956
4361396.0	280.47432357813364
4391789.0	282.2672900494001
4422182.0	278.16974445066217
4452575.0	280.55917576611483
4482968.0	283.370997423629
4513361.0	285.2828797190518
4543754.0	281.3314956428953
4574147.0	275.16219739292364
4604540.0	279.43612417685796
4634933.0	280.64373177842566
4665326.0	280.7641526496654
4695719.0	278.8278704612365
4726112.0	284.92714989958006
4756505.0	278.5345864661654
4786898.0	289.34218673619034
4817291.0	278.0038045959519
4847684.0	277.18105436573313
4878077.0	278.63821212676316
4908470.0	279.5733029092983
4938863.0	283.9153979572172
4969256.0	279.55738605161997
4999649.0	278.77591436217665
5030042.0	277.1070573060623
5060435.0	284.4560984570169
5090828.0	275.9587971423825
5121221.0	279.90967741935486
5151614.0	276.83032558139536
5182007.0	277.3076923076923
5212400.0	280.532962962963
5242793.0	285.87961859356375
5273186.0	279.6564250858485
5303579.0	283.8576772354827
5333972.0	278.763421012152
5352383.0	284.19568733153636
5367579.5	273.6280304370908
5394758.0	281.63898458748866
5425151.0	282.33463796477497
5455544.0	273.5202221836487
5485937.0	282.8428817781184
5516330.0	280.29713983050846
5546723.0	284.19533688268774
5577116.0	270.38927766575733
5607509.0	281.1365606936416
5637902.0	279.6484088717454
5668295.0	282.16287678476994
5698688.0	282.3943862142476
5729081.0	274.48876502351504
5759474.0	279.93965031020866
5789867.0	280.17591240875913
5820260.0	277.4597701149425
5850653.0	280.067690275714
5881046.0	281.5026438070822
5907241.5	275.442173211404
5922438.0	283.8726457399103
5941832.0	285.9472775772791
5972225.0	279.3338063142958
6002618.0	281.39591836734695
6033011.0	284.8061698569039
6063404.0	283.1588084795322
6093797.0	283.3022781996666
6124190.0	278.0672727272727
6154583.0	277.6040780141844
6184976.0	281.3974872541879
6215369.0	288.90155023152806
6245762.0	285.21795750514053
6276155.0	285.5077484047402
6306548.0	279.4572586588062
6336941.0	277.1981997882104
6367334.0	276.7415886229622
6397727.0	281.88786008230454
6428120.0	284.41375642616555
6458513.0	277.5683504062169
6488906.0	284.2824776173945
6519299.0	278.65630679752815
6549692.0	279.0001723246597
6580085.0	281.57117342382566
6610478.0	288.91910381392165
6640871.0	284.42482137309725
6660029.5	269.18638647784377
6675226.0	273.6268403171008
6701657.0	281.7738301559792
6732050.0	285.3037739356758
6762443.0	282.59992479789435
6792836.0	280.32352429044056
6823229.0	280.43327464788734
6853622.0	279.3980409617097
6884015.0	280.99094851970585
6914408.0	282.17648176291794
6944801.0	281.46243865609665
6975194.0	275.532915921288
7005587.0	277.04077010192526
7035980.0	281.15818310357014
7066373.0	281.6313199864269
7096766.0	278.85556612749764
7127159.0	280.3642323802586
7157552.0	279.64024179620037
7187945.0	279.92171855088293
7218338.0	282.4929133858268
7248731.0	279.47100175746925
7279124.0	284.52954048140043
7309517.0	281.15337981206426
7327760.5	266.4130938586327
7342957.0	280.60264125710466
7370303.0	281.2814044656554
7400696.0	285.80389091540735
7431089.0	281.3682201687425
7461482.0	281.0361848574238
7491875.0	278.51881153305203
7522268.0	280.02747546833183
7552661.0	278.6769313884387
7583054.0	278.79812030075186
7613447.0	279.1354147758214
7643840.0	283.6245907602765
7674233.0	284.1984606926883
7704626.0	280.3553657630895
7735019.0	281.0152657369016
7765412.0	280.3319383678904
7795805.0	281.38052775177425
7826198.0	264.1061957287022
7856591.0	278.39806763285026
7886984.0	281.2229876722262
7917377.0	279.3384990423124
7947770.0	279.56936632920883
7978163.0	282.2478043740313
8008556.0	278.37812379853904
8038949.0	279.39288403614455
8069342.0	274.4111461619348
8099735.0	283.1973836090804
8130128.0	281.36721907841553
8160521.0	278.11268343815516
8190914.0	281.23226627864676
8221307.0	287.264841021871
8251700.0	279.459735146743
8282093.0	284.9863551401869
8312486.0	278.7372335151215
8342879.0	279.39087825103655
8373272.0	280.48162774725273
8398726.5	281.09640859581987
8413923.0	273.80493110949965
8434058.0	281.6569852344637
8464451.0	279.2716742081448
8494844.0	281.47329905063293
8525237.0	282.61709835174787
8555630.0	282.43335734870317
8586023.0	273.18456642800317
8616416.0	279.7001209189843
8646809.0	277.581247593377
8677202.0	281.1667904903417
8707595.0	279.16976432266716
8737988.0	280.86649736985305
8768381.0	273.4505475701574
8798774.0	281.0505280259951
8829167.0	278.20027733755944
8859560.0	277.0643720930233
8889953.0	279.8732136313668
8920346.0	278.6575028636884
8950739.0	279.2672768023907
8981132.0	281.90614115490376
9011525.0	282.7026548672566
9041918.0	282.66964448495895
9072311.0	279.78864353312304
9102704.0	281.83646888567296
9133097.0	280.8544769085768
9163490.0	280.8694070571117
9193883.0	279.5404840675605
9224276.0	279.4051435617404
9254669.0	277.2759489116748
9285062.0	283.1402027027027
9315455.0	282.10885012919897
9332033.5	261.874025974026
9347230.0	280.1022184779556
9376241.0	282.1057741440981
9406634.0	283.06833275078645
9437027.0	278.09724447292535
9467420.0	284.03942587209303
9497813.0	280.2394493751132
9528206.0	285.5753552729993
9558599.0	281.0380739081747
9588992.0	282.7117150201983
9619385.0	279.7493661716769
9649778.0	281.54720793534165
9680171.0	278.69537037037037
9710564.0	280.3728781232119
9740957.0	279.11538461538464
9771350.0	285.7415291821891
9801743.0	283.76417061611374
9832136.0	279.65602104076646
9862529.0	276.97833753148615
9892922.0	279.17783879825555
9923315.0	280.5582940045447
9953708.0	278.2249910362137
9984101.0	282.5763754614168
1.0014494E7	283.1552871148459
1.0044887E7	279.59259918164025
1.007528E7	277.4854433538513
1.01041125E7	277.2674217398144
1.0119309E7	264.3796889295517
1.0136066E7	277.680410920349
1.0166459E7	279.04334728033473
1.0196852E7	278.10523622718745
1.0227245E7	277.78517397881996
1.0257638E7	279.11254199328107
1.0288031E7	283.0003497726478
1.0318424E7	282.17635692956264
1.0348817E7	278.4708001516875
1.037921E7	281.658976744186
1.0409603E7	278.2306726457399
1.0439996E7	276.3066982162359
1.0470389E7	278.03370165745855
1.0500782E7	282.61497641509436
1.0531175E7	280.5948851000741
1.0561568E7	278.4929037207518
1.0591961E7	278.8066500096098
1.0622354E7	282.2913783429961
1.0652747E7	285.0714839209609
1.068314E7	285.4257425742574
1.0713533E7	278.8346653346653
1.0743926E7	279.7660617059891
1.0774319E7	280.5593284285984
1.0804712E7	282.35075338546636
1.0835105E7	277.5206343792633
1.0865498E7	278.90781307046365
1.0895891E7	281.1530221882173
1.0926284E7	276.4285967399008
1.0956677E7	283.5190881129003
1.098707E7	279.1316597435434
1.1017463E7	281.436149691358
1.1047856E7	282.8829767782044
1.1078249E7	283.5704175513093
1.1108642E7	277.97275518035303
1.1139035E7	281.45283669598206
1.1169428E7	281.34028615755904
1.1196832E7	277.7359255367062
1.12120285E7	289.90628019323674
1.1230214E7	278.1538092956397
1.1260607E7	281.253915158887
1.1291E7	280.54784995425433
1.1321393E7	285.9014530551416
1.1351786E7	281.4574507617986
1.1382179E7	281.4393159249724
1.1412572E7	277.7377869842914
1.1442965E7	279.34943473792396
1.1473358E7	278.52391930835734
1.1503751E7	277.5743872316169
1.1534144E7	281.47982062780267
1.1564537E7	281.10632235084597
1.159493E7	281.9985074626866
1.1625323E7	278.4513241327863
1.1655716E7	273.62638913388605
1.1686109E7	279.5385329619313
1.1716502E7	279.9003984063745
1.1746895E7	284.0125579598145
1.1777288E7	274.83207689408215
1.1807681E7	280.83245581045503
1.1838074E7	282.03689356207343
1.1868467E7	276.91835616438357
1.189886E7	278.6049268383034
1.1929253E7	281.43361188486534
1.1959646E7	285.1290944123314
1.1990039E7	275.59981395348836
1.2020432E7	274.9157030333501
1.2050825E7	277.4030004412414
1.2081218E7	278.0298559277903
1.2111611E7	284.11041114058355
1.21419565E7	279.3953860514735
