#Position (bp)	mapping quality
15197.0	25.431399877564292
45590.0	42.26944231928905
75983.0	42.39432273695961
106376.0	42.351307847082495
136769.0	41.03350153482493
167162.0	32.79738401963277
197555.0	29.41608826203293
221485.0	10.338159731377447
236681.5	18.423856625985795
258341.0	34.87360899587508
288734.0	42.031984969699806
319127.0	41.92740415514265
349520.0	42.45879135325317
379913.0	42.45582737263429
410306.0	41.714136546322834
440699.0	34.45723323587172
471092.0	39.30116237832989
501485.0	32.9979219463328
531878.0	41.672837774841916
562271.0	41.92083679673925
592664.0	42.19246894183579
623057.0	42.30663701971711
653450.0	40.88278969501851
683843.0	42.24946513372752
714236.0	40.85579789718231
744629.0	42.31951873231157
775022.0	42.27447477762749
805415.0	42.24959610822498
835808.0	41.58752088952132
866201.0	41.95100963751497
896594.0	41.03914430787496
926987.0	42.382181429233626
957380.0	42.38929137181992
987773.0	42.38764687891838
1018166.0	41.86633747200481
1038382.5	14.158697059948052
1053579.0	25.963879867324238
1078952.0	42.305180669076044
1109345.0	42.16410943384583
1139738.0	34.38625081007684
1170131.0	41.889536885756364
1200524.0	40.31561806854723
1230917.0	39.39954315800543
1261310.0	42.24330396008069
1291703.0	42.19769377831971
1322096.0	40.71410710790652
1348657.5	32.500399319835694
1363854.0	6.111763869806225
1382882.0	27.089464066751603
1413275.0	41.007277880890896
1443668.0	42.405221925996095
1474061.0	41.2608042264484
1504454.0	41.01340209857792
1534847.0	42.35793444983845
1565240.0	40.96845158603656
1595633.0	41.090138998366086
1626026.0	42.394524654659705
1656419.0	41.9075387567436
1686812.0	42.23681930530357
1717205.0	42.23659787756367
1747598.0	40.77975365861401
1777991.0	42.1260292200619
1808384.0	41.297760588904794
1838777.0	41.12160783488306
1869170.0	30.766661651083368
1899563.0	22.300151059467193
1929956.0	42.270026548736084
1960349.0	41.470831061806656
1990742.0	41.10993774460943
2021135.0	31.851011362720605
2051528.0	42.358815951262976
2081921.0	42.43507776552839
2112314.0	38.02905346245449
2142707.0	42.33620117362281
2173100.0	38.40657055072612
2203493.0	42.22088680791675
2233886.0	23.99724123360558
2264279.0	42.036462195676656
2294672.0	41.948401639211916
2325065.0	42.334528904881985
2355458.0	24.917882620353538
2385851.0	42.10731018536638
2416244.0	42.36862789345536
2446637.0	29.095246333704303
2477030.0	42.30462359314761
2507423.0	37.374848106038314
2537816.0	41.22139822662076
2568209.0	31.247835833209244
2598602.0	39.88540640251511
2628995.0	42.370302177771556
2659388.0	40.44361099225443
2689781.0	42.26470327295701
2720174.0	41.58164178077479
2750567.0	42.38349445072554
2780960.0	42.50544103055765
2811353.0	41.99030593827567
2841746.0	42.298727812027735
2872139.0	33.64857803751055
2889645.5	0.9449933364448668
2904842.0	4.411531900876642
2932925.0	42.219639226512456
2963318.0	42.25555595732223
2993711.0	42.28611707325531
3024104.0	42.13954414240187
3054497.0	42.242712913305155
3084890.0	38.21807274827511
3115283.0	38.125193469003754
3145676.0	41.62883803016346
3176069.0	42.36196165266604
3206462.0	41.03844650581847
3236855.0	42.16232468061728
3267248.0	41.73988103909778
3297641.0	39.200938652804204
3322340.5	34.483946390023355
3337537.0	32.00870250207447
3358427.0	38.29306758917471
3388820.0	34.86726875385127
3410819.5	36.271359270124066
3426016.0	28.216850805073722
3449606.0	38.179388884586416
3479999.0	41.42559784269964
3510392.0	41.98089571939613
3540785.0	41.57525924969329
3571178.0	42.23563643238644
3601571.0	41.97930740240347
3631964.0	42.35996214550259
3662357.0	41.93336444606066
3692750.0	40.15970411076548
3723143.0	41.71344382836545
3753536.0	41.97944959453142
3783929.0	41.39869112917561
3814322.0	42.172289683656956
3844715.0	40.93201105501258
3875108.0	29.250722010823434
3905501.0	31.392818900640492
3935894.0	42.3363521722837
3966287.0	42.22725934482187
3987990.0	19.54205442364817
4003186.5	14.433504866714998
4027073.0	41.69962680743472
4057466.0	42.33708504565357
4087859.0	41.78899486920264
4118252.0	39.80339132377029
4148645.0	34.40629181194027
4179038.0	41.97230624822689
4209431.0	41.54953814643876
4239824.0	42.372807182761115
4259839.0	42.264031517675456
4275035.5	34.86190800162252
4300610.0	42.41976298453422
4331003.0	42.29362149399332
4361396.0	41.209253196546484
4391789.0	42.044664637309154
4422182.0	42.196759217182716
4452575.0	42.35750710397734
4482968.0	42.1262157695575
4513361.0	41.97067420877895
4543754.0	42.14025367001231
4574147.0	42.10537408452806
4604540.0	42.27702141576155
4634933.0	41.82913934812188
4665326.0	38.114633174208755
4695719.0	42.01658982402772
4726112.0	42.43364526209452
4756505.0	41.60742166215752
4786898.0	37.4668744554747
4817291.0	24.129872523265522
4847684.0	32.13824553797564
4878077.0	42.3182095884963
4908470.0	41.7378658909612
4938863.0	42.435048293377456
4969256.0	35.632836554038455
4999649.0	41.45781690072919
5030042.0	40.62924199862673
5060435.0	42.15041422588763
5090828.0	23.936764175133757
5121221.0	42.09876054133197
5151614.0	41.25190931426572
5182007.0	41.2630768639545
5212400.0	42.45372106660977
5242793.0	42.339018333764415
5273186.0	41.72902958120653
5303579.0	42.39724677056204
5333972.0	33.202733493601826
5352383.0	1.0004007278083438
5367579.5	31.635569053982763
5394758.0	42.02529833312479
5425151.0	42.32710530892256
5455544.0	32.97671696165071
5485937.0	41.580955984442085
5516330.0	41.971339850680316
5546723.0	41.44065828737658
5577116.0	24.51018528525283
5607509.0	42.23147922138956
5637902.0	41.13086898553048
5668295.0	42.42255641024745
5698688.0	42.42142886787419
5729081.0	42.001093245218584
5759474.0	41.93039388572697
5789867.0	42.377088678967255
5820260.0	41.4522425888238
5850653.0	41.654010683371176
5881046.0	23.787583053109646
5907241.5	6.499204514012412
5922438.0	1.9983689958660318
5941832.0	24.100403195219393
5972225.0	42.24787185577021
6002618.0	42.03189245215885
6033011.0	41.87824804748516
6063404.0	41.04105443266792
6093797.0	42.37955339344627
6124190.0	34.11205214304633
6154583.0	42.509853192053136
6184976.0	42.36551201433785
6215369.0	42.40661422941131
6245762.0	41.86296909353387
6276155.0	41.14045981519125
6306548.0	41.95374760737329
6336941.0	42.12675406804182
6367334.0	41.802461784648926
6397727.0	23.655364517822303
6428120.0	42.3556900387575
6458513.0	40.981183041983066
6488906.0	42.40955208012961
6519299.0	42.25934893114092
6549692.0	42.271538499029866
6580085.0	42.36953231619314
6610478.0	41.80593227373296
6640871.0	27.660231633739375
6660029.5	7.089858835388051
6675226.0	37.34011178860475
6701657.0	42.40752691890895
6732050.0	42.06847312147588
6762443.0	42.26463616265148
6792836.0	41.83807147587457
6823229.0	41.9211755583491
6853622.0	41.867193954581815
6884015.0	42.20792006189774
6914408.0	42.430507327121646
6944801.0	42.34630494995775
6975194.0	41.38763396130251
7005587.0	42.25114057277797
7035980.0	42.103573422997805
7066373.0	42.3739357716497
7096766.0	42.234923834711545
7127159.0	41.85829336339368
7157552.0	42.35617507246577
7187945.0	41.69661957267057
7218338.0	41.08640039266692
7248731.0	42.218601827341914
7279124.0	42.20873502052644
7309517.0	37.883192888685166
7327760.5	16.36086819816456
7342957.0	17.413283726513594
7370303.0	41.81585351834182
7400696.0	41.27063196508334
7431089.0	39.947141369030604
7461482.0	42.327250574603575
7491875.0	42.12612192363381
7522268.0	42.06341128579785
7552661.0	31.89807847548308
7583054.0	42.00261306067628
7613447.0	42.26889508328977
7643840.0	42.46456349678112
7674233.0	42.31723514172275
7704626.0	41.94921297824968
7735019.0	41.80901405743243
7765412.0	42.15659914065526
7795805.0	4.389326515640557
7826198.0	19.06313054336085
7856591.0	42.167217392206496
7886984.0	42.206577509642024
7917377.0	31.31372966074657
7947770.0	41.65954786683178
7978163.0	30.973672948908863
8008556.0	42.169374319387245
8038949.0	42.196823698144435
8069342.0	41.81114577327489
8099735.0	42.252371421280415
8130128.0	41.2278861757245
8160521.0	41.835883469447765
8190914.0	42.24690156686057
8221307.0	42.25638781595632
8251700.0	42.22313674748593
8282093.0	34.491173982760714
8312486.0	33.1322317748059
8342879.0	40.817989995051114
8373272.0	42.11224054053898
8398726.5	7.9700432385978
8413923.0	5.16226199457695
8434058.0	42.31315079557386
8464451.0	42.38538219587501
8494844.0	42.23364878274654
8525237.0	42.05939570923011
8555630.0	42.067761574112964
8586023.0	29.276299117598864
8616416.0	31.9597929950103
8646809.0	41.86663031289842
8677202.0	42.23779060261022
8707595.0	42.27671574821027
8737988.0	42.345088148980636
8768381.0	28.49665976785619
8798774.0	34.285908037472666
8829167.0	42.34156029676052
8859560.0	42.13657531610043
8889953.0	42.20574700921075
8920346.0	41.14524001503407
8950739.0	41.9697844709785
8981132.0	42.213938547996804
9011525.0	39.3029258262544
9041918.0	41.110204194599916
9072311.0	42.36990084812736
9102704.0	42.469313940882444
9133097.0	42.401830456898075
9163490.0	41.6905697493568
9193883.0	42.322493516842314
9224276.0	41.88114634718732
9254669.0	42.24024585154182
9285062.0	41.925070265650945
9315455.0	37.02069679292744
9332033.5	16.74873573183066
9347230.0	18.550330346759534
9376241.0	42.33865705547828
9406634.0	41.96052110466932
9437027.0	32.271088129061
9467420.0	42.347949842763946
9497813.0	42.428185659524146
9528206.0	42.442235691359784
9558599.0	42.37727626614001
9588992.0	40.9413627716594
9619385.0	41.69021123204412
9649778.0	42.437114656146186
9680171.0	42.1180223374334
9710564.0	42.38824363929668
9740957.0	42.3321594526888
9771350.0	41.7056625859227
9801743.0	42.36408822164631
9832136.0	42.01214113160837
9862529.0	33.92176415062153
9892922.0	28.93202979925304
9923315.0	38.07868927218651
9953708.0	41.714391986314574
9984101.0	42.352390731915364
1.0014494E7	42.240334538163204
1.0044887E7	41.53132772506498
1.007528E7	39.75202871436968
1.01041125E7	32.997713422343935
1.0119309E7	19.709919430366714
1.0136066E7	34.122730578886184
1.0166459E7	42.27042307794146
1.0196852E7	41.65022551037692
1.0227245E7	30.72040501930918
1.0257638E7	42.39532439223911
1.0288031E7	41.97355686239072
1.0318424E7	42.327737873266095
1.0348817E7	41.78446368858784
1.037921E7	42.262844034422656
1.0409603E7	42.229439337493915
1.0439996E7	42.24132025609257
1.0470389E7	41.59550382117332
1.0500782E7	42.44731035887061
1.0531175E7	42.27558928125527
1.0561568E7	42.252729662189616
1.0591961E7	41.71283964895354
1.0622354E7	42.334548916291595
1.0652747E7	41.93452799378466
1.068314E7	39.91925557360515
1.0713533E7	31.309406666943996
1.0743926E7	42.29546462982704
1.0774319E7	41.95170704821367
1.0804712E7	41.64258714638839
1.0835105E7	30.63524191453095
1.0865498E7	42.31021894937004
1.0895891E7	42.083863207507854
1.0926284E7	42.36369395737325
1.0956677E7	42.41777754967727
1.098707E7	41.98288990588871
1.1017463E7	41.96584443921077
1.1047856E7	42.4248395652451
1.1078249E7	34.298518984835184
1.1108642E7	40.93832986675896
1.1139035E7	42.35531308282233
1.1169428E7	42.00094872054097
1.1196832E7	9.618153155020101
1.12120285E7	0.9460328594350156
1.1230214E7	26.070442715011026
1.1260607E7	31.73131795551335
1.1291E7	41.89713930416562
1.1321393E7	41.46209655904925
1.1351786E7	41.90207204532522
1.1382179E7	41.70695218121895
1.1412572E7	41.553730458073844
1.1442965E7	42.49322000139652
1.1473358E7	42.278111884172276
1.1503751E7	42.03865752216388
1.1534144E7	42.394531617845615
1.1564537E7	42.46342277411395
1.159493E7	42.00252061022928
1.1625323E7	41.84045661842481
1.1655716E7	32.981449272568334
1.1686109E7	41.705265789544235
1.1716502E7	42.38510551251098
1.1746895E7	42.30389708395952
1.1777288E7	41.641691986177285
1.1807681E7	42.428160522324326
1.1838074E7	42.33845397529145
1.1868467E7	42.12199915937115
1.189886E7	40.859198850283455
1.1929253E7	42.11838200726813
1.1959646E7	42.415142863994504
1.1990039E7	41.140490380235015
1.2020432E7	31.485556496688922
1.2050825E7	20.195429687538848
1.2081218E7	41.688673054282745
1.2111611E7	42.39654667708217
1.21419565E7	31.057402515996724
