# Position (bp)	A	C	G	T	N
0.0	26.271937085999735	22.546325010889497	34.65686121445245	16.523843337705607	0.0010333509527158823
1.0	23.20426651585115	20.165447325495983	12.220540108076792	44.409681390721396	6.465985467913193E-5
2.0	32.39904644182277	20.547798469065352	13.293588335276338	33.75937622849154	1.9052534399880097E-4
3.0	21.337582294203564	23.013846099544683	10.283750077735142	45.36463244303485	1.8908548176459615E-4
4.0	40.73628290762266	9.776079125035901	9.9260606673771	39.56143097650839	1.4632345594263452E-4
5.0	44.960175558753015	10.398939290924387	23.096428324743748	21.536946312941634	0.0075105126372176905
6.0	35.05331316177557	13.964608826376503	20.88767984860136	30.094294499629193	1.036636173668073E-4
7.0	40.16882259262972	15.390924132143777	20.313400706665576	24.12683189978122	2.066877970491183E-5
8.0	18.8159018885425	32.469079947440285	23.078040862597582	25.636915466467418	6.183495220673485E-5
9.0	29.879006590818253	19.899250288255775	13.13959063567595	37.08215248525002	0.0
10.0	27.758370628084013	15.143176357968894	28.13780997511769	28.96064303882941	0.0
11.0	27.35387793010602	18.4666418069596	18.370921019400804	35.80855924353358	0.0
12.0	25.251970755217908	20.74290323898215	23.305334313605357	30.699791692194584	0.0
13.0	23.875217033347734	26.48420241773112	18.479441949183627	31.16113859973752	0.0
14.0	32.87169456145232	20.62930847939658	20.222743402138843	26.27623321960656	2.033740569544979E-5
15.0	32.89694488848693	18.972525835424552	19.424001350935548	28.706527925152976	0.0
16.0	31.954639343156494	18.56800725828848	18.490445339914245	30.986908058640783	0.0
17.0	31.920624166917865	18.348964395386314	18.677415839624476	31.05299559807134	0.0
18.0	31.601791178138928	18.45572936267725	19.19561645250918	30.74686300667464	0.0
19.0	31.056753276807044	19.02692038042159	19.18206255917527	30.734263783596095	0.0
20.0	30.820263961342015	19.094125813759515	19.349016512711668	30.736593712186806	0.0
21.0	30.547215661565076	19.301582651236803	19.332906584045865	30.818254969990427	4.013316183095511E-5
22.0	30.792431938281258	19.379066887746987	19.097221526728138	30.731259617013997	2.0030229622546346E-5
23.0	31.029723163672358	19.293842416244264	19.2126011017466	30.463833318336782	0.0
24.0	30.70411672230308	19.3938291880809	19.15629987616539	30.74523524184476	5.189716058658163E-4
25.0	30.800331642509143	19.519445142395664	19.169969177012895	30.5102540380823	0.0
26.0	30.975919822519167	19.248308268919352	19.38937951526949	30.386213368867693	1.7902442430220756E-4
27.0	30.64974284036643	19.431482709313403	19.37506863117127	30.543705819148897	0.0
28.0	30.976387458581662	19.370827811714193	19.28427921931822	30.368366747182364	1.3876320356661078E-4
29.0	30.920362605586476	19.238665211220447	19.49452268303437	30.346449500158712	0.0
30.0	30.59652477075967	19.47696096660519	19.462753855778264	30.463464013724188	2.9639313268967283E-4
31.0	30.709569016612225	19.706584987992066	19.113784539085565	30.470061456310145	0.0
32.0	30.812869562956003	19.521435119358504	19.257848924663286	30.40774788558716	9.850743504567494E-5
33.0	30.509630573899976	19.350676431995815	19.5380944231	30.601303486521523	2.950844826873934E-4
34.0	30.63081502585198	19.532024358729075	19.36993140317264	30.465363139684765	0.0018660725615440555
35.0	30.731539378245966	19.209973174045032	19.576787457026978	30.477305830599242	0.004394160082782837
36.0	30.795982929074704	19.390445007432238	19.432273985882375	30.377830288764933	0.0034677888457494213
37.0	30.704437370091615	19.475518953488077	19.43833587319865	30.378713586756245	0.0029942164654116134
38.0	30.84396052898341	19.397791920652878	19.433764951046374	30.321706419797835	0.0027761795194980667
39.0	30.673757168351496	19.390355399450108	19.40773854806958	30.52453553301128	0.0036133511175313743
40.0	30.66292358915496	19.238998205086872	19.449848784716192	30.639116304828466	0.009113116213502165
41.0	30.807819569747025	19.30160660039161	19.3312418393423	30.549525066050514	0.009806924468549505
42.0	30.61431936534306	19.462862112037428	19.45793356237128	30.454151241410106	0.010733718838124611
43.0	30.542002223550956	19.679048793552326	19.380765194264857	30.386155125378377	0.012028663253484808
44.0	30.924344938738034	19.369940823891223	19.40078622715792	30.290652773139836	0.014275237072985163
45.0	30.659935768182418	19.47188035973705	19.465311417424218	30.38679992420451	0.016072530451809133
46.0	30.69652508512683	19.54411407111732	19.260668724367754	30.484494603390154	0.01419751599793971
47.0	30.779939964606058	19.50575801769076	19.335891934738196	30.364726857590036	0.01368322537494949
48.0	30.58395407925259	19.375031398561262	19.379764216444176	30.642862144459183	0.01838816128279537
49.0	30.685273800327415	19.638137903828465	19.214999432985145	30.444820731226237	0.016768131632741087
50.0	30.739229351797555	19.397037828358183	19.421294103264696	30.425505821796587	0.016932894782982866
51.0	30.574597350038	19.48877130643998	19.48429822480624	30.43343386471349	0.018899254002294634
52.0	30.73418340825001	19.553755181365702	19.363376642176984	30.331944152531975	0.01674061567533192
53.0	30.729611957343394	19.390294948938497	19.533645502649595	30.33731772177265	0.0091298692958627
54.0	30.546798226696488	19.372496009177777	19.41174207485636	30.659374502778448	0.009589186490924202
55.0	30.550465877817075	19.6099797447788	19.37347559267102	30.455991754142346	0.010087030590756028
56.0	30.777144066827578	19.25532482021392	19.517471003989755	30.44268169442393	0.007378414544825221
57.0	30.538957996134236	19.621748769961396	19.415447118524884	30.42094997614547	0.002896139234017511
58.0	30.48295676059176	19.669804365397663	19.476184704509993	30.36868024423252	0.002373925268060553
59.0	30.750101142890546	19.450361461635833	19.420264578611803	30.37734352948848	0.0019292873733350493
60.0	30.503615520180144	19.594433792221086	19.546084141121582	30.354169390794393	0.001697155682790803
61.0	30.50490183224875	19.48775236029855	19.561383957836224	30.44409165716789	0.0018701924485870602
62.0	30.81624184246757	19.452275628466573	19.32651196354569	30.40452726064765	4.433048725180468E-4
63.0	30.47062024358399	19.513618167216205	19.425715514490644	30.589969000923347	7.707378581811511E-5
64.0	30.58896641054853	19.49140200504942	19.32818014853902	30.591451435863036	0.0
65.0	30.6967259527124	19.55239638937273	19.3223795257065	30.428478872653514	1.9259554857760483E-5
66.0	30.549835536893767	19.43820666086171	19.500787751513403	30.51105451640992	1.155343212031282E-4
67.0	30.6806981013516	19.725506080356816	19.19216576518857	30.401630053103013	0.0
68.0	30.758977584717513	19.440699667243074	19.662261730797955	30.13806101724146	0.0
69.0	30.520170832005444	19.51004346239648	19.58806177418337	30.38112734343607	5.965879786367618E-4
70.0	30.60811563604694	19.54021440266684	19.404093666614266	30.44757629467195	0.0
71.0	30.75967955889127	19.411281629744053	19.48391848816818	30.344927907677494	1.9241551900430357E-4
72.0	30.600703980642262	19.501118080111564	19.5680374163364	30.330140522909772	0.0
73.0	30.489753079174935	19.682707653708622	19.372899797303084	30.454639469813362	0.0
74.0	30.811632645090114	19.293353771997555	19.471483387941408	30.423530194970926	0.0
75.0	30.514409559309787	19.550153070481688	19.500242338346663	30.435195031861866	0.0
76.0	30.58654260005391	19.46991807286034	19.33290786607132	30.61063146101443	0.0
77.0	30.58967449130729	19.540853767175605	19.46054348549701	30.408928256020097	0.0
78.0	30.472973193997305	19.643124127249667	19.286009652231424	30.597854542284843	3.848423676041234E-5
79.0	30.172882913601644	19.822768266391012	19.39267766469135	30.61163267018318	3.848513280834481E-5
80.0	30.541372773549135	19.554700204963385	19.388862693777003	30.515025836933823	3.8490776647645805E-5
81.0	30.351462544141185	19.71188363551251	19.356848605517875	30.579728221598835	7.69932296003551E-5
82.0	30.34642336449372	19.917240194990324	19.193120778914	30.543177157924184	3.850367777504188E-5
83.0	30.671077240825014	19.794457333972364	19.029988194352043	30.504284674204747	1.9255664583267947E-4
84.0	30.238427929936336	19.840277650715937	19.20219716937252	30.718789091577936	3.0815839726817577E-4
85.0	30.40382834184299	19.87995302610226	19.113814610300047	30.602192115227833	2.119065268751416E-4
86.0	30.437711540666392	19.7701751867435	19.220711402890974	30.57120917680633	1.92692892811688E-4
87.0	30.08043519658553	19.959038416614693	19.386362637608332	30.57335423173324	8.095174582076974E-4
88.0	30.077446113754476	20.271030549260455	19.123799255539396	30.52745415374388	2.6992770179312973E-4
89.0	30.218900283731053	20.17051634732137	19.273384669265862	30.337082985548076	1.1571413363285295E-4
90.0	30.184297612660348	20.091617291760596	19.404873458053082	30.31830487945809	9.06758067879909E-4
91.0	30.250448673818813	20.227039856748615	19.316819203220145	30.204997470751522	6.94795460901254E-4
92.0	30.53593863159864	20.183370747988693	19.424818939390576	29.85529245697765	5.792240444396133E-4
93.0	30.165055795399038	20.13694997256249	19.54387094693116	30.15389150043682	2.317846704958782E-4
94.0	30.0262144015731	20.41525266192311	19.500975648780354	30.05715149203346	4.057956899860058E-4
95.0	30.367264351531965	20.12218816614126	19.575336093822077	29.934979392999228	2.319955054737406E-4
96.0	30.205443547997113	20.355391611651537	19.51404215645123	29.924890566154527	2.321177455950822E-4
97.0	30.190094200409312	20.32199412638434	19.65321476435383	29.834193732552123	5.031763003962513E-4
98.0	30.20759346798786	20.16233597742005	19.701027917435095	29.928771541457888	2.710956991054617E-4
99.0	30.09609833029151	20.085248518806985	19.839771533969596	29.978319751694315	5.618652375914969E-4
100.0	30.021510012158508	20.277296158904246	19.778704312548076	29.921927340512646	5.621758765291184E-4
101.0	30.083577940420287	20.24821032569386	19.77607807668129	29.89143538018371	6.982770208476424E-4
102.0	30.0009354961798	20.123590302359354	19.862912933254094	30.011726696926022	8.345712807330875E-4
103.0	29.975482608460908	20.346191627963346	19.903367606668326	29.77402593669681	9.322202106118511E-4
104.0	30.161620260406767	20.248726981006453	19.834492955397987	29.754926596137082	2.3320705171482974E-4
105.0	29.803647613970675	20.243271506412018	20.012186329878464	29.940738963018397	1.5558672044003037E-4
106.0	29.761020778254665	20.30964276614931	20.01560223032481	29.913364411927688	3.698133435272057E-4
107.0	30.020727488077796	20.199930648630115	20.08211124271421	29.696451391702773	7.792288751051959E-4
108.0	29.729730256680213	20.200898819446476	20.231392390255316	29.837315629904754	6.629037132356526E-4
109.0	29.835748743249862	20.33736967333766	20.021203908185086	29.805248367312732	4.2930791466217274E-4
110.0	29.961572303152046	20.23402320896171	20.098808497257327	29.70540067831965	1.95312309265323E-4
111.0	29.914359479048514	20.192754709485754	19.990784152495884	29.901886609494788	2.1504947506423137E-4
112.0	29.966531125192535	20.166861019533588	20.036198751458137	29.830135137700264	2.739661154794573E-4
113.0	30.19364608872907	19.95460792274923	20.22776361248057	29.623923603390402	5.877265073470711E-5
114.0	30.167638639801226	20.02099234432623	20.27728646782328	29.53394524062048	1.3730742878305014E-4
115.0	29.895630923510275	20.450030139892704	20.011729908063998	29.64258938702588	1.9641507139982468E-5
116.0	30.261805562795313	20.09990143221296	20.194908898068793	29.442538284763142	8.458221597931158E-4
117.0	30.02391529180005	20.0490519576459	20.307333169170157	29.619344988918982	3.5459246491012064E-4
118.0	30.032951994016834	20.072505040059074	20.326229278250125	29.568017764839595	2.9592283437258145E-4
119.0	30.060071380701288	19.94490756546919	20.449322231073683	29.54561979186424	7.903089159490661E-5
120.0	29.965352529601724	20.02364576078009	20.631846387640092	29.378937662255428	2.1765972266193885E-4
121.0	29.859811907851537	20.131080593337195	20.66442920163408	29.343826017636637	8.52279540553938E-4
122.0	30.03937486250962	19.94498002269733	20.737162865644994	29.27774764350422	7.346056438361821E-4
123.0	29.93976236683303	19.901847343104315	20.897613923071322	29.25942396371104	0.0013524032802939329
124.0	29.95493135309139	19.86785813755839	20.86649265039584	29.30870568790948	0.002012171044898509
125.0	29.92320699744529	19.932972016325724	21.00786250661828	29.134661266802148	0.001297212808559529
126.0	29.860812899686607	19.91707789855507	21.040598603290974	29.17815197147406	0.0033586269932851446
127.0	29.80299399146994	20.041110257317605	21.06948750961519	29.08386488487506	0.002543356722201962
128.0	29.840622328040673	19.828842134574266	21.231411388349567	29.09681706073741	0.0023070882980870426
129.0	29.63653881634243	19.969382968537655	21.276646203058007	29.11628643585517	0.0011455762067439468
130.0	29.84978460838391	19.89179578921723	21.32792782090532	28.930048816730373	4.429647631598288E-4
131.0	29.66367284232032	19.744030842496223	21.535645498491522	29.056489439043226	1.613776487115205E-4
132.0	29.58283043775965	19.92295087400758	21.575129567187794	28.918684918306585	4.0420273839271204E-4
133.0	29.522056724175428	19.978236280129124	21.703458584742634	28.796187663688567	6.074726424695463E-5
134.0	29.569184442409718	19.767426997839866	21.87365397401144	28.789024482532575	7.101032064000182E-4
135.0	29.535736146090212	19.816954236729618	21.93558839869922	28.711213006486613	5.082119943316067E-4
136.0	29.373036180515978	19.94953393850783	22.000664841882106	28.67639839835028	3.6664074380815076E-4
137.0	29.601438086220266	19.619438657323542	22.083816651763144	28.694918793318784	3.878113742626736E-4
138.0	29.34131222120203	19.574626580234398	22.370087229286394	28.713503532063058	4.704372141199071E-4
139.0	29.37405650370635	19.91553242142783	22.205893053510138	28.504456530762205	6.149059347646294E-5
140.0	29.471131633555085	19.64310696580934	22.48071124689871	28.40484471929746	2.054344393992029E-4
141.0	29.354745641490943	19.718342054229844	22.508994615072073	28.41787650271491	4.1186492230889005E-5
142.0	29.315731654015142	19.66593531649184	22.668524531475136	28.349725914013945	8.258400393265027E-5
143.0	29.259804951890274	19.585716903789866	22.879170191331035	28.272822999897496	0.0024849530913334155
144.0	29.039356549475375	19.59469031180896	22.92637300505536	28.4395593621827	2.0771477603985133E-5
145.0	29.095569472472853	19.63866975766774	23.008785169866076	28.25691305725579	6.254273753731716E-5
146.0	29.275641992691675	19.418581749304366	23.079490596399477	28.22622280331221	6.285829226591572E-5
147.0	29.06424120818411	19.492861877035867	23.3142963699547	28.12851616735596	8.437746935937672E-5
148.0	28.977394358992438	19.580522386840688	23.237238868909806	28.204736919480624	1.074657764488321E-4
149.0	28.38043844614317	19.778556157765884	24.42068536709743	27.42029757428523	2.2454708292007313E-5
