#Insert size (bp)	insert size
141.0	2.0
142.0	2.0
144.0	1.0
145.0	3.0
146.0	3.0
147.0	4.0
148.0	9.0
149.0	31.0
150.0	8678.0
151.0	16722.0
152.0	16952.0
153.0	17105.0
154.0	17286.0
155.0	17425.0
156.0	17775.0
157.0	17022.0
158.0	17005.0
159.0	16900.0
160.0	16879.0
161.0	16912.0
162.0	16504.0
163.0	16788.0
164.0	17223.0
165.0	17062.0
166.0	17045.0
167.0	17011.0
168.0	16903.0
169.0	16889.0
170.0	16552.0
171.0	16638.0
172.0	16040.0
173.0	16587.0
174.0	16668.0
175.0	16472.0
176.0	16393.0
177.0	16612.0
178.0	16579.0
179.0	16531.0
180.0	16092.0
181.0	16257.0
182.0	15900.0
183.0	16023.0
184.0	15938.0
185.0	15932.0
186.0	16139.0
187.0	15933.0
188.0	16024.0
189.0	15800.0
190.0	15827.0
191.0	15741.0
192.0	15271.0
193.0	15317.0
194.0	15274.0
195.0	15154.0
196.0	15382.0
197.0	15273.0
198.0	15225.0
199.0	15134.0
200.0	15107.0
201.0	14931.0
202.0	14572.0
203.0	14360.0
204.0	14645.0
205.0	14388.0
206.0	14586.0
207.0	14537.0
208.0	14514.0
209.0	14537.0
210.0	14143.0
211.0	13874.0
212.0	13784.0
213.0	13672.0
214.0	13429.0
215.0	13533.0
216.0	13642.0
217.0	13456.0
218.0	13449.0
219.0	13348.0
220.0	13228.0
221.0	12934.0
222.0	13042.0
223.0	12703.0
224.0	12493.0
225.0	12423.0
226.0	12115.0
227.0	11992.0
228.0	12244.0
229.0	12303.0
230.0	11921.0
231.0	11902.0
232.0	11552.0
233.0	11534.0
234.0	11305.0
235.0	11073.0
236.0	11030.0
237.0	10815.0
238.0	11145.0
239.0	10685.0
240.0	10676.0
241.0	10784.0
242.0	10508.0
243.0	10392.0
244.0	10250.0
245.0	9955.0
246.0	9540.0
247.0	9621.0
248.0	9580.0
249.0	9608.0
250.0	9412.0
251.0	9460.0
252.0	9097.0
253.0	9154.0
254.0	9017.0
255.0	8860.0
256.0	8636.0
257.0	8528.0
258.0	8391.0
259.0	8175.0
260.0	8191.0
261.0	8097.0
262.0	7986.0
263.0	7783.0
264.0	7509.0
265.0	7325.0
266.0	7030.0
267.0	6768.0
268.0	6878.0
269.0	6709.0
270.0	6778.0
271.0	6344.0
272.0	6455.0
273.0	6377.0
274.0	6225.0
275.0	6358.0
276.0	6263.0
277.0	6179.0
278.0	6250.0
279.0	6138.0
280.0	6305.0
281.0	6331.0
282.0	6227.0
283.0	6227.0
284.0	6100.0
285.0	6113.0
286.0	6217.0
287.0	5945.0
288.0	6053.0
289.0	5968.0
290.0	5793.0
291.0	5917.0
292.0	5980.0
293.0	6025.0
294.0	5889.0
295.0	5828.0
296.0	5923.0
297.0	5860.0
298.0	5655.0
299.0	5799.0
300.0	5787.0
301.0	5785.0
302.0	5663.0
303.0	5733.0
304.0	5636.0
305.0	5685.0
306.0	5634.0
307.0	5585.0
308.0	5587.0
309.0	5699.0
310.0	5553.0
311.0	5438.0
312.0	5491.0
313.0	5672.0
314.0	5474.0
315.0	5415.0
316.0	5361.0
317.0	5259.0
318.0	5364.0
319.0	5322.0
320.0	5269.0
321.0	5338.0
322.0	5242.0
323.0	5370.0
324.0	5326.0
325.0	5160.0
326.0	5196.0
327.0	5168.0
328.0	5241.0
329.0	5189.0
330.0	5098.0
331.0	5046.0
332.0	4958.0
333.0	4912.0
334.0	5033.0
335.0	4981.0
336.0	4896.0
337.0	4828.0
338.0	4813.0
339.0	4833.0
340.0	4787.0
341.0	4689.0
342.0	4806.0
343.0	4650.0
344.0	4766.0
345.0	4615.0
346.0	4751.0
347.0	4712.0
348.0	4764.0
349.0	4667.0
350.0	4674.0
351.0	4672.0
352.0	4470.0
353.0	4529.0
354.0	4363.0
355.0	4546.0
356.0	4402.0
357.0	4433.0
358.0	4322.0
359.0	4328.0
360.0	4241.0
361.0	4307.0
362.0	4362.0
363.0	4320.0
364.0	4394.0
365.0	4360.0
366.0	4363.0
367.0	4264.0
368.0	4269.0
369.0	4207.0
370.0	4232.0
371.0	4064.0
372.0	4165.0
373.0	4082.0
374.0	4127.0
375.0	3964.0
376.0	4069.0
377.0	3990.0
378.0	3921.0
379.0	4025.0
380.0	3857.0
381.0	3924.0
382.0	3822.0
383.0	3789.0
384.0	3841.0
385.0	3715.0
386.0	3889.0
387.0	3857.0
388.0	3781.0
389.0	3816.0
390.0	3709.0
391.0	3705.0
392.0	3603.0
393.0	3532.0
394.0	3627.0
395.0	3706.0
396.0	3536.0
397.0	3511.0
398.0	3554.0
399.0	3559.0
400.0	3481.0
401.0	3528.0
402.0	3368.0
403.0	3505.0
404.0	3481.0
405.0	3336.0
406.0	3367.0
407.0	3264.0
408.0	3451.0
409.0	3314.0
410.0	3291.0
411.0	3219.0
412.0	3242.0
413.0	3258.0
414.0	3165.0
415.0	3192.0
416.0	3158.0
417.0	3173.0
418.0	3079.0
419.0	3202.0
420.0	3106.0
421.0	3094.0
422.0	2959.0
423.0	3151.0
424.0	3064.0
425.0	3044.0
426.0	2870.0
427.0	2925.0
428.0	2846.0
429.0	2996.0
430.0	2899.0
431.0	2798.0
432.0	2852.0
433.0	2751.0
434.0	2703.0
435.0	2726.0
436.0	2720.0
437.0	2612.0
438.0	2754.0
439.0	2695.0
440.0	2700.0
441.0	2634.0
442.0	2677.0
443.0	2722.0
444.0	2726.0
445.0	2539.0
446.0	2498.0
447.0	2561.0
448.0	2440.0
449.0	2429.0
450.0	2449.0
451.0	2498.0
452.0	2469.0
453.0	2509.0
454.0	2372.0
455.0	2410.0
456.0	2400.0
457.0	2401.0
458.0	2325.0
459.0	2312.0
460.0	2299.0
461.0	2327.0
462.0	2289.0
463.0	2326.0
464.0	2134.0
465.0	2289.0
466.0	2221.0
467.0	2216.0
468.0	2241.0
469.0	2130.0
470.0	2082.0
471.0	2196.0
472.0	2142.0
473.0	2049.0
474.0	2041.0
475.0	2104.0
476.0	2017.0
477.0	2011.0
478.0	1954.0
479.0	1985.0
480.0	1979.0
481.0	1953.0
482.0	1898.0
483.0	1915.0
484.0	1911.0
485.0	1873.0
486.0	1856.0
487.0	1839.0
488.0	1848.0
489.0	1837.0
490.0	1800.0
491.0	1760.0
492.0	1820.0
493.0	1762.0
494.0	1736.0
495.0	1678.0
496.0	1687.0
497.0	1771.0
498.0	1596.0
499.0	1633.0
500.0	1660.0
501.0	1526.0
502.0	1579.0
503.0	1606.0
504.0	1588.0
505.0	1609.0
506.0	1531.0
507.0	1444.0
508.0	1611.0
509.0	1570.0
510.0	1464.0
511.0	1460.0
512.0	1382.0
513.0	1381.0
514.0	1428.0
515.0	1382.0
516.0	1332.0
517.0	1373.0
518.0	1366.0
519.0	1316.0
520.0	1299.0
521.0	1303.0
522.0	1295.0
523.0	1241.0
524.0	1220.0
525.0	1226.0
526.0	1256.0
527.0	1275.0
528.0	1224.0
529.0	1234.0
530.0	1180.0
531.0	1192.0
532.0	1217.0
533.0	1140.0
534.0	1153.0
535.0	1088.0
536.0	1136.0
537.0	1065.0
538.0	1135.0
539.0	1088.0
540.0	1003.0
541.0	1026.0
542.0	1104.0
543.0	1026.0
544.0	1023.0
545.0	972.0
546.0	973.0
547.0	993.0
548.0	925.0
549.0	954.0
550.0	921.0
551.0	994.0
552.0	910.0
553.0	925.0
554.0	893.0
555.0	877.0
556.0	868.0
557.0	853.0
558.0	875.0
559.0	842.0
560.0	858.0
561.0	836.0
562.0	804.0
563.0	821.0
564.0	864.0
565.0	765.0
566.0	722.0
567.0	757.0
568.0	706.0
569.0	746.0
570.0	741.0
571.0	691.0
572.0	748.0
573.0	720.0
574.0	707.0
575.0	693.0
576.0	680.0
577.0	667.0
578.0	627.0
579.0	636.0
580.0	648.0
581.0	620.0
582.0	624.0
583.0	671.0
584.0	587.0
585.0	538.0
586.0	600.0
587.0	544.0
588.0	537.0
589.0	541.0
590.0	618.0
591.0	555.0
592.0	518.0
593.0	545.0
594.0	544.0
595.0	496.0
596.0	493.0
597.0	514.0
598.0	513.0
599.0	509.0
600.0	447.0
601.0	499.0
602.0	441.0
603.0	459.0
604.0	446.0
605.0	420.0
606.0	439.0
607.0	421.0
608.0	397.0
609.0	394.0
610.0	427.0
611.0	385.0
612.0	378.0
613.0	396.0
614.0	376.0
615.0	394.0
616.0	365.0
617.0	352.0
618.0	389.0
619.0	340.0
620.0	307.0
621.0	351.0
622.0	322.0
623.0	301.0
624.0	335.0
625.0	324.0
626.0	318.0
627.0	283.0
628.0	307.0
629.0	293.0
630.0	296.0
631.0	280.0
632.0	291.0
633.0	267.0
634.0	281.0
635.0	258.0
636.0	244.0
637.0	250.0
638.0	245.0
639.0	266.0
640.0	248.0
641.0	252.0
642.0	236.0
643.0	224.0
644.0	244.0
645.0	244.0
646.0	198.0
647.0	214.0
648.0	206.0
649.0	200.0
650.0	213.0
651.0	193.0
652.0	195.0
653.0	191.0
654.0	157.0
655.0	175.0
656.0	185.0
657.0	197.0
658.0	178.0
659.0	185.0
660.0	150.0
661.0	160.0
662.0	172.0
663.0	175.0
664.0	151.0
665.0	165.0
666.0	164.0
667.0	149.0
668.0	143.0
