#Position (bp)	mapping quality
15197.0	26.30838688705212
45590.0	42.56140336493696
75983.0	42.63011777591988
106376.0	42.60295673699726
136769.0	41.45367294686923
167162.0	32.78689692688063
197555.0	29.14615872304623
221485.0	10.140300219474526
236681.5	17.296770283241838
258341.0	34.361019730905014
288734.0	42.32586080152716
319127.0	42.05329177275616
349520.0	42.65781974318561
379913.0	42.434734953246206
410306.0	41.86379323937762
440699.0	34.32202216107541
471092.0	39.423159740063475
501485.0	33.05349994924857
531878.0	41.83966349618577
562271.0	42.01341473462086
592664.0	42.5728134350469
623057.0	42.51820813282838
653450.0	41.21891440017827
683843.0	42.37552716221218
714236.0	41.17904818193662
744629.0	42.63663303123339
775022.0	42.47922539162364
805415.0	42.61063893898779
835808.0	41.992580532179744
866201.0	41.93988987677233
896594.0	41.45606082959208
926987.0	42.641260382189195
957380.0	42.550266158404575
987773.0	42.62925362185059
1018166.0	42.19550505951622
1038382.5	14.111064018999436
1053579.0	25.68970040994653
1078952.0	42.47661335033542
1109345.0	42.5661367986024
1139738.0	34.132998110870744
1170131.0	42.09962720332845
1200524.0	40.176487144070784
1230917.0	39.32447924907294
1261310.0	42.55389428214532
1291703.0	42.567924880212765
1322096.0	40.79091258082705
1348657.5	32.45158908043369
1363854.0	6.301913690531007
1382882.0	27.128697004194585
1413275.0	41.491060712688075
1443668.0	42.64670708567747
1474061.0	41.344769935834236
1504454.0	41.35409912047287
1534847.0	42.5518787026495
1565240.0	41.412407474828406
1595633.0	41.522582466955186
1626026.0	42.74701935576629
1656419.0	42.3461134637822
1686812.0	42.4889565418671
1717205.0	42.50400853330416
1747598.0	41.33458784112979
1777991.0	42.415152167564166
1808384.0	41.22786449925979
1838777.0	41.650807251848846
1869170.0	30.514637317615488
1899563.0	22.334964317786355
1929956.0	42.55823130003478
1960349.0	41.81087522642087
1990742.0	41.15349910372559
2021135.0	32.22583497838905
2051528.0	42.68844220513204
2081921.0	42.585571053406866
2112314.0	38.23201641131222
2142707.0	42.67375227524407
2173100.0	38.76949082302329
2203493.0	42.510595525221945
2233886.0	23.826025055248184
2264279.0	42.31586837776993
2294672.0	42.10696811795609
2325065.0	42.56006125490355
2355458.0	24.29386333329056
2385851.0	42.12138740224807
2416244.0	42.640933085177466
2446637.0	29.194560580576567
2477030.0	42.69018532831754
2507423.0	37.71516754558748
2537816.0	41.37426358584884
2568209.0	31.402447960563855
2598602.0	40.617307405228914
2628995.0	42.67694762870086
2659388.0	40.98392756443912
2689781.0	42.588276555097096
2720174.0	41.57349331373902
2750567.0	42.589481822912795
2780960.0	42.724585079315105
2811353.0	42.33955903017665
2841746.0	42.56375670486854
2872139.0	34.03264154468328
2889645.5	0.9617552864526653
2904842.0	4.319208030274487
2932925.0	42.579842782083134
2963318.0	42.42630381587087
2993711.0	42.51160638475503
3024104.0	42.37528476152189
3054497.0	42.45397869386275
3084890.0	38.35890003054344
3115283.0	38.70202574581461
3145676.0	41.869210656088285
3176069.0	42.59065829294097
3206462.0	41.17697504995883
3236855.0	42.32196925166869
3267248.0	42.10218551303548
3297641.0	39.980695223914786
3322340.5	32.709232994816844
3337537.0	33.1622731829395
3358427.0	39.502411164434236
3388820.0	35.83411689728977
3410819.5	37.11019897355822
3426016.0	29.128303501270928
3449606.0	38.26045133339445
3479999.0	41.5225144625037
3510392.0	42.311113554330305
3540785.0	41.59993008791012
3571178.0	42.376973435814044
3601571.0	42.37911265962071
3631964.0	42.59607697087583
3662357.0	42.099356676903035
3692750.0	40.46260090982776
3723143.0	42.1860928202382
3753536.0	42.21495349795552
3783929.0	41.42276599752737
3814322.0	42.4864037206123
3844715.0	40.768238154497716
3875108.0	28.858376560465473
3905501.0	31.286246085148232
3935894.0	42.624792532312924
3966287.0	42.529286947939795
3987990.0	20.343937067349334
4003186.5	14.37810735599567
4027073.0	42.24227427636746
4057466.0	42.564880648010416
4087859.0	42.03044261562033
4118252.0	40.23937644618817
4148645.0	35.26627064046198
4179038.0	42.33949304399103
4209431.0	41.846368700689
4239824.0	42.635781914028655
4259839.0	42.47709613330573
4275035.5	35.83238983575484
4300610.0	42.618261479279546
4331003.0	42.46968418329676
4361396.0	41.216842179863086
4391789.0	42.30613568128814
4422182.0	42.38893708889875
4452575.0	42.55960856519367
4482968.0	42.47821101062105
4513361.0	42.2940272412478
4543754.0	42.48888576028351
4574147.0	42.201845593657154
4604540.0	42.47583776764121
4634933.0	42.0438465734433
4665326.0	38.134646224228
4695719.0	42.22404869624769
4726112.0	42.63966542204524
4756505.0	42.04497813719619
4786898.0	37.709745080637404
4817291.0	23.82597188809618
4847684.0	31.620556123301373
4878077.0	42.6212789827058
4908470.0	42.08648915678338
4938863.0	42.676231324152866
4969256.0	35.872767537320364
4999649.0	41.78516978935444
5030042.0	40.89304633280047
5060435.0	42.37043890321816
5090828.0	23.763306775079155
5121221.0	42.35473919476186
5151614.0	41.76929437810564
5182007.0	41.218563005048715
5212400.0	42.667277675812656
5242793.0	42.65866176888294
5273186.0	42.10650059818297
5303579.0	42.72241374687336
5333972.0	33.24271158921243
5352383.0	1.035493615118701
5367579.5	36.007943751275924
5394758.0	42.318073554065094
5425151.0	42.56701313936736
5455544.0	33.77927217943979
5485937.0	41.76670193402976
5516330.0	42.184839839318265
5546723.0	41.689586828500715
5577116.0	22.575628867780935
5607509.0	42.48393097813268
5637902.0	41.53946302271044
5668295.0	42.694747035610455
5698688.0	42.66817078465833
5729081.0	42.177608223805244
5759474.0	42.16009540510281
5789867.0	42.69372926964255
5820260.0	41.651210845774145
5850653.0	42.004747658713406
5881046.0	25.26654430020416
5907241.5	7.513816980805476
5922438.0	1.8880076738049343
5941832.0	24.787335930563955
5972225.0	42.47514737106942
6002618.0	42.130115420067206
6033011.0	42.21767840700348
6063404.0	41.56126477593868
6093797.0	42.62813726577493
6124190.0	32.88696390925396
6154583.0	42.63399656044166
6184976.0	42.68981125921375
6215369.0	42.65925720268959
6245762.0	42.265516087874225
6276155.0	41.14828580227667
6306548.0	42.09771855389033
6336941.0	42.435714118760735
6367334.0	42.13811427189378
6397727.0	22.772581898923093
6428120.0	42.51597347229362
6458513.0	40.99955248018935
6488906.0	42.59801629070053
6519299.0	42.58995885081419
6549692.0	42.558896640205276
6580085.0	42.687770311907336
6610478.0	42.07300634321362
6640871.0	27.908773244480766
6660029.5	7.659462478565383
6675226.0	37.1513303280058
6701657.0	42.676962572898454
6732050.0	42.23429561229335
6762443.0	42.40739139260332
6792836.0	42.1898111087164
6823229.0	42.178609722552984
6853622.0	41.904600911701394
6884015.0	42.56218787836527
6914408.0	42.644748859048825
6944801.0	42.56784028483495
6975194.0	41.61480100075955
7005587.0	42.616495267074306
7035980.0	42.56575448253779
7066373.0	42.58464102866635
7096766.0	42.53301967696736
7127159.0	41.88080713703907
7157552.0	42.63527580498506
7187945.0	41.872310774947394
7218338.0	41.560478558234074
7248731.0	42.5510801790701
7279124.0	42.412137527081214
7309517.0	38.122384172969646
7327760.5	16.67324807172523
7342957.0	17.34233558223984
7370303.0	42.17308795337162
7400696.0	41.498073258338366
7431089.0	40.525049536825016
7461482.0	42.65752529379265
7491875.0	42.358576743733764
7522268.0	42.32305242418078
7552661.0	31.55516809384107
7583054.0	42.32795922540861
7613447.0	42.564405608360566
7643840.0	42.71855029675009
7674233.0	42.6914226932319
7704626.0	42.18690489368405
7735019.0	42.22253104457013
7765412.0	42.50311824711097
7795805.0	5.199094948711122
7826198.0	22.211011775033757
7856591.0	42.36579931316095
7886984.0	42.517972521470604
7917377.0	30.62048884018578
7947770.0	42.025701572941244
7978163.0	30.423764631075088
8008556.0	42.341725985462475
8038949.0	42.446916676211316
8069342.0	41.86881706572868
8099735.0	42.57078264270641
8130128.0	41.492011526925566
8160521.0	42.08143969692122
8190914.0	42.66143369834169
8221307.0	42.566607183822555
8251700.0	42.56403646262993
8282093.0	34.293429496079014
8312486.0	32.68674102152756
8342879.0	41.27763853173888
8373272.0	42.19544526591098
8398726.5	9.001437072467999
8413923.0	5.951411129739274
8434058.0	42.505489886710464
8464451.0	42.555885482410204
8494844.0	42.50123554346761
8525237.0	42.275052939764166
8555630.0	42.4497812639522
8586023.0	29.083649275933308
8616416.0	31.863798372851562
8646809.0	42.07996882256677
8677202.0	42.59828060775103
8707595.0	42.632743028245066
8737988.0	42.59182783536699
8768381.0	27.972340844811164
8798774.0	34.03452046635953
8829167.0	42.60470979746281
8859560.0	42.442322151577194
8889953.0	42.27434088933369
8920346.0	41.29856373209178
8950739.0	42.33878034883137
8981132.0	42.50246418192724
9011525.0	39.68139873252041
9041918.0	41.487000941884794
9072311.0	42.46381651905842
9102704.0	42.76886090217784
9133097.0	42.500069663668825
9163490.0	41.82361268577058
9193883.0	42.64545193984534
9224276.0	42.001697659474765
9254669.0	42.52646690737191
9285062.0	42.24830013202686
9315455.0	37.62990468068606
9332033.5	18.100645412412195
9347230.0	19.14257710992454
9376241.0	42.57429203990699
9406634.0	42.25434119162363
9437027.0	32.30114031445503
9467420.0	42.49161518844554
9497813.0	42.664431604910675
9528206.0	42.63830471256509
9558599.0	42.625258233194295
9588992.0	41.41177689060548
9619385.0	42.140293178271506
9649778.0	42.64093579121182
9680171.0	42.345045355172545
9710564.0	42.69939112430349
9740957.0	42.55273380967142
9771350.0	42.030373782275845
9801743.0	42.600135040038985
9832136.0	42.28891020223864
9862529.0	34.124291169413205
9892922.0	28.815846895395193
9923315.0	38.91600561567266
9953708.0	41.91181880645092
9984101.0	42.59240154171617
1.0014494E7	42.633111919788874
1.0044887E7	41.80075629033896
1.007528E7	39.96463017928795
1.01041125E7	32.84330662006159
1.0119309E7	20.490376210244325
1.0136066E7	34.78361208163626
1.0166459E7	42.534683784099734
1.0196852E7	42.00973310297981
1.0227245E7	31.127336945156507
1.0257638E7	42.598755544904556
1.0288031E7	42.19376555481141
1.0318424E7	42.68534021330774
1.0348817E7	42.05983771589752
1.037921E7	42.57763632642542
1.0409603E7	42.55353656140116
1.0439996E7	42.58603585385553
1.0470389E7	42.01282968631919
1.0500782E7	42.692369042936605
1.0531175E7	42.44902017164967
1.0561568E7	42.47673171873575
1.0591961E7	41.96846510314045
1.0622354E7	42.50634074299164
1.0652747E7	42.09986367710494
1.068314E7	40.52586021354445
1.0713533E7	31.238065941242148
1.0743926E7	42.70778581443328
1.0774319E7	42.02442942908816
1.0804712E7	41.92417453274223
1.0835105E7	30.649380137931654
1.0865498E7	42.56669294405409
1.0895891E7	42.284442043575766
1.0926284E7	42.7105975611361
1.0956677E7	42.67027650230252
1.098707E7	42.156667730393984
1.1017463E7	42.23055968935461
1.1047856E7	42.62912467792818
1.1078249E7	34.41338808121149
1.1108642E7	40.87987082987116
1.1139035E7	42.643265397717535
1.1169428E7	42.2606043965243
1.1196832E7	9.768977687597792
1.12120285E7	0.959747209728469
1.1230214E7	26.882917890336287
1.1260607E7	30.36927692386394
1.1291E7	42.27692883987129
1.1321393E7	41.819414292456344
1.1351786E7	42.22910934015765
1.1382179E7	42.101380344992094
1.1412572E7	41.803657002908594
1.1442965E7	42.698750074899635
1.1473358E7	42.54782903663501
1.1503751E7	42.344071109490834
1.1534144E7	42.6924061323613
1.1564537E7	42.66086924769269
1.159493E7	42.2892287242854
1.1625323E7	42.1855870535301
1.1655716E7	30.756375317075513
1.1686109E7	41.86879979160788
1.1716502E7	42.54331481440068
1.1746895E7	42.652689608138445
1.1777288E7	41.60841975386757
1.1807681E7	42.55388556572735
1.1838074E7	42.61202084748824
1.1868467E7	42.58654566719369
1.189886E7	41.27038368446859
1.1929253E7	42.444503286980996
1.1959646E7	42.59083565859535
1.1990039E7	41.41203785182285
1.2020432E7	30.764914338174126
1.2050825E7	20.319030641094788
1.2081218E7	41.89222519117901
1.2111611E7	42.66416657506071
1.21419565E7	32.13759252938402
