# Position (bp)	A	C	G	T	N
0.0	27.012442258241887	22.11335892996485	33.84098574782191	17.031966627486227	0.0012464364851243685
1.0	23.71094231700903	19.714507868854604	12.166746810424955	44.40771282789336	9.017581804684138E-5
2.0	33.346543408039956	19.918911826181084	12.766176367109969	33.968235634099074	1.3276456991581398E-4
3.0	22.209725181213194	22.070576984212014	10.039109908194682	45.6802586075169	3.293188632088479E-4
4.0	40.99827558945751	9.440361514720824	9.762509183316022	39.79856980499485	2.839075107950371E-4
5.0	45.2510637817043	10.0878578732884	22.256212437347592	22.39606534407596	0.008800563583745947
6.0	35.287822732034634	13.493255418170136	20.286353812403917	30.93243814029795	1.298970933576905E-4
7.0	40.05319428992139	15.252705244250953	19.904465195846996	24.789592113814894	4.3156165764558944E-5
8.0	19.149809582596358	31.680976568794783	22.709230548455047	26.459961785278534	2.1514875277192275E-5
9.0	30.338713269799474	19.43662799904386	13.182897097718179	37.04176163343849	0.0
10.0	28.18345723307834	14.95199607219188	27.35958492622304	29.50496176850674	0.0
11.0	27.760766226553717	17.99311571311471	18.027086621974245	36.21903143835732	0.0
12.0	25.82315478669523	20.1592848903039	23.18069152692579	30.83686879607508	0.0
13.0	24.115966611614517	25.862225084650653	18.370031224559636	31.651777079175197	0.0
14.0	33.2271697591394	20.16574157946542	19.99848994210243	26.608598719292747	0.0
15.0	32.93607275593097	18.694624951166894	19.256179213159523	29.113123079742607	0.0
16.0	32.074696280264796	18.26035316513492	18.25509458890394	31.409855965696345	0.0
17.0	32.14692386302016	18.126408204408843	18.40866552960077	31.31798132798141	2.1074988814449685E-5
18.0	31.861279617643362	18.17885066696617	18.95926691981557	31.0006027955749	0.0
19.0	31.234532034615498	18.809633664002313	18.958357036011417	30.997477265370776	0.0
20.0	31.051193072020084	18.872883401239918	19.13480280833248	30.941120718407518	0.0
21.0	30.780874847821917	19.03055188106961	19.126281359350227	31.062271000994095	2.0910764150418653E-5
22.0	30.977376536484492	19.090311016269222	18.962115842352077	30.970175733000048	2.087189415778985E-5
23.0	31.232260682756426	18.995194238753086	19.018652220216698	30.75389285827379	0.0
24.0	30.895202227088873	19.12999974215807	18.992283040571845	30.98205752869323	4.574614879808233E-4
25.0	30.994422962367967	19.18959644829669	19.023177811401897	30.792782022304	2.075562944559638E-5
26.0	31.196900110053306	19.031037849054602	19.11250049722878	30.65941651860299	1.450250603304251E-4
27.0	30.939436971854796	19.09711430032593	19.196417954646645	30.76703077317263	0.0
28.0	31.17902996279885	19.10529399063758	19.093713786058096	30.621838408050078	1.238524553955703E-4
29.0	31.151472842372822	19.043523538341045	19.25519974894744	30.54980387033869	0.0
30.0	30.834254706201193	19.198235900938105	19.283561028138983	30.68376323305711	1.8513166461136236E-4
31.0	30.95809225556383	19.37989064866391	18.94998074800421	30.712036347768052	0.0
32.0	31.020982123453873	19.242011974555094	19.09155097632561	30.645311414698313	1.4351096710810642E-4
33.0	30.830126494861588	19.105491118587423	19.254191814277437	30.8096788699484	5.117023251548974E-4
34.0	30.802272355729933	19.256089586398563	19.212338564655877	30.727685139774398	0.0016143534412293608
35.0	30.988150856689572	19.012512223630672	19.28127397927966	30.713615201636607	0.004447738763491899
36.0	31.02187528202529	19.09747425535647	19.237531961168468	30.64012381304914	0.002994688400634711
37.0	30.92814354204029	19.2608774545064	19.203227271099884	30.605046201516075	0.0027055308373556916
38.0	31.037146011056578	19.163659159783226	19.194313181310513	30.602179868616336	0.0027017792333528757
39.0	30.90686928867794	19.145511968975367	19.303690383352905	30.64033754466202	0.003590814331771769
40.0	30.842622097885773	19.11633012623103	19.216011793232667	30.816141622525787	0.008894360124739856
41.0	30.961790231751564	19.091063612799047	19.180198829202354	30.757457106838825	0.009490219408206916
42.0	30.846823009067766	19.189232997389983	19.282889686809927	30.671009556054358	0.010044750677970143
43.0	30.81405418979955	19.39898167524153	19.137476264861338	30.637981147547272	0.01150672255030961
44.0	31.04648684443213	19.19317732930771	19.134196410693512	30.612709914097568	0.013429501469078575
45.0	30.832365149908636	19.197909046082845	19.27998978371776	30.673964433157476	0.01577158713328542
46.0	30.903908934059686	19.27215657868924	19.103404912450138	30.70656586234476	0.013963712456174768
47.0	31.028716837549975	19.207940295027466	19.167458940771397	30.58277874146002	0.013105185191140734
48.0	30.81583930188524	19.14928307099816	19.242029046617954	30.774737112646505	0.018111467852144562
49.0	30.869028746029898	19.396293452991944	19.05842464430296	30.660225300702837	0.016027855972362278
50.0	30.97514060616166	19.168531795911036	19.199755342072187	30.639978484211067	0.01659377164404997
51.0	30.789446442197892	19.26204306937959	19.273316098746932	30.6563726354921	0.01882175418348527
52.0	30.84950343407088	19.308996761578737	19.162779680927084	30.66255602420774	0.016164099215561067
53.0	30.9174130005621	19.211498006267046	19.3009301421879	30.561923258671957	0.008235592310995155
54.0	30.783124961674968	19.14643687560159	19.223995754335498	30.836854908570206	0.009587499817737634
55.0	30.831710853665474	19.333058567940068	19.195243431826412	30.630726288761128	0.00926085780691311
56.0	31.002431792440245	19.09989176299866	19.198256401030957	30.692479472963385	0.006940570566755425
57.0	30.828774381036407	19.32020575620747	19.200232453256746	30.648375985968308	0.0024114235310693983
58.0	30.739262722941636	19.422926439392718	19.2496338868697	30.586085729325436	0.0020912214705110883
59.0	31.029332441636658	19.16491014364676	19.201772247135324	30.602472467870058	0.001512699711193779
60.0	30.8350046369475	19.32618449043508	19.270883271858803	30.56639587635921	0.0015317243994148414
61.0	30.746982518919463	19.247718858463948	19.30390612868714	30.700000735643666	0.0013917582857832487
62.0	31.013341939412197	19.200445459968815	19.11712043992749	30.668535733178697	5.564275127968392E-4
63.0	30.73014701383851	19.288703460780287	19.212804974459495	30.76828496038024	5.959054147144143E-5
64.0	30.770270855181884	19.270471190092614	19.148800988610095	30.810417256519624	3.9709595784111636E-5
65.0	30.90171422696642	19.2607256036095	19.191081597806956	30.646458724365537	1.984725158237175E-5
66.0	30.78261666615744	19.200896291943252	19.305869744036194	30.710518097851686	9.920001142784131E-5
67.0	30.835815691385392	19.431077053491403	19.024763021496007	30.708344233627194	0.0
68.0	30.966780071294618	19.219387789498064	19.368972446204843	30.444859693002474	0.0
69.0	30.736122449060506	19.30009511322597	19.331852384590466	30.631454288758043	4.757643650111785E-4
70.0	30.831677293267834	19.347456463174076	19.189419999837483	30.631406605781468	3.963793913634083E-5
71.0	30.95407524191185	19.20569328841385	19.247129070976463	30.592904236179603	1.9816251823342868E-4
72.0	30.86729821385689	19.262281764728726	19.307198861281265	30.563221160133114	0.0
73.0	30.65748614462056	19.455837327721575	19.122384991534418	30.76429153612344	0.0
74.0	31.023276491243085	19.149337872459125	19.203937342947278	30.62338885996464	5.943338587244645E-5
75.0	30.753875526310626	19.29429552877911	19.23294008661875	30.718888858291514	0.0
76.0	30.81541057800168	19.292048687923156	19.069898844852514	30.822641889222652	0.0
77.0	30.89433890560193	19.29911429798193	19.182014033406663	30.62453276300947	0.0
78.0	30.677541822211456	19.342175821135807	19.1170181691643	30.86324437076145	1.9816726982178024E-5
79.0	30.530063516928863	19.52315133391893	19.156434616884784	30.790350532267425	0.0
80.0	30.77922021283935	19.291311267037177	19.140673629155867	30.788775067617447	1.9823350162036065E-5
81.0	30.586899124160187	19.4103249640916	19.147247842125175	30.85548841374092	3.965588211733858E-5
82.0	30.541447895182465	19.619550331506606	19.03940137814879	30.79960039516214	0.0
83.0	30.86563505378153	19.436087510653934	18.921167242547803	30.776991154656226	1.1903836050846838E-4
84.0	30.53688477900253	19.482486165454063	19.06428414635066	30.916047200005398	2.9770918734521606E-4
85.0	30.66235491571575	19.548735433495175	18.903839177804926	30.884971197082717	9.927590143014879E-5
86.0	30.76708246149372	19.43238623113817	18.995032947492575	30.80522027167628	2.7808819924781113E-4
87.0	30.484851688473658	19.558390025154118	19.084996595907377	30.871026422356284	7.352681085605478E-4
88.0	30.47341201432171	19.817998440111598	18.92242447931319	30.7859463717286	2.1869452490304376E-4
89.0	30.57937711549509	19.797990607878116	19.033667303735367	30.588925189250777	3.978364064869613E-5
90.0	30.48623032423648	19.73247828289312	19.183462655731734	30.596933083744588	8.956533940785369E-4
91.0	30.547714921930126	19.7994227284396	19.072983846314244	30.579201375286857	6.771280291770484E-4
92.0	30.702097541989996	19.78564429372244	19.132844060319005	30.37879631823618	6.177857323780107E-4
93.0	30.46452536455231	19.740298797379737	19.126175313368705	30.668761209189476	2.3931550977893029E-4
94.0	30.372383100165646	19.97397569201908	19.140798690801685	30.512323627437283	5.188895763067037E-4
95.0	30.62941663560966	19.766435346905745	19.16518771412856	30.438760579853252	1.9972350278274755E-4
96.0	30.432277993451045	19.86910491395256	19.260042798851394	30.438274469921474	2.998238235212989E-4
97.0	30.434398182831114	19.943268483502152	19.21292022280523	30.408712968732655	7.00142128852157E-4
98.0	30.440359085032725	19.83581011668041	19.266192993489145	30.457337479425213	3.003253725085758E-4
99.0	30.377478804065966	19.8006135338153	19.330082635486047	30.490963321835917	8.617047967699297E-4
100.0	30.261603907029137	19.978092362695158	19.289752874148828	30.46960811766018	9.427384666980645E-4
101.0	30.36930104153595	19.912741874764713	19.301533442088093	30.415740996360896	6.826452503450872E-4
102.0	30.282094363740143	19.866489537024382	19.345631918707944	30.504658697172626	0.0011254833549050975
103.0	30.280258198465177	20.060938378604572	19.28163529718273	30.376121973325127	0.0010461524223961116
104.0	30.413705277561437	19.986594572211573	19.223314971361404	30.376224055935435	1.6112293014938311E-4
105.0	30.156166010917545	20.00761332994067	19.371972864608136	30.46410665759089	1.4113694275606574E-4
106.0	30.187820028497892	20.06337843514328	19.335630577884643	30.412888361464184	2.8259701000252116E-4
107.0	30.31281646372233	19.971577755875476	19.385955038127722	30.328923210428282	7.275318461908756E-4
108.0	30.082720445038944	19.997373697192952	19.50825009120231	30.410927362089257	7.284044765311112E-4
109.0	30.15053438430128	20.08205588649287	19.371015617846144	30.395847126139653	5.469852200541799E-4
110.0	30.261154443013194	19.99880316046778	19.413994908360635	30.325844634000386	2.028541580031037E-4
111.0	30.13126319548348	20.006434988135492	19.371833033182845	30.490143783797397	3.249994007823548E-4
112.0	30.160046165089827	20.02730119120821	19.393914368802847	30.41853486861683	2.0340628228439087E-4
113.0	30.332417279660778	19.90154612830333	19.500983988718097	30.2650526033178	0.0
114.0	30.311697372635344	19.965196955447613	19.53542219601907	30.187601874386715	8.160151125998853E-5
115.0	30.058770176388173	20.305246121440113	19.32750719277243	30.30843564427646	4.086512282319153E-5
116.0	30.32209158973066	20.035294512507594	19.453035336261788	30.18871901753306	8.59543966901827E-4
117.0	30.13813450870077	19.968161437827174	19.61794135366366	30.27551671555262	2.4598425577770894E-4
118.0	30.11678538070999	20.05247221627357	19.59154375206734	30.23899332845624	2.0532249285323733E-4
119.0	30.197912388429927	19.896106844842866	19.622985239710484	30.28291326147301	8.226554371457312E-5
120.0	30.07551216115579	20.029541519328166	19.74020355631275	30.154557356178223	1.8540702507218E-4
121.0	30.030979048125356	20.129447059797137	19.769342196204214	30.06959193137267	6.39764500623564E-4
122.0	30.21993641673112	19.958910909614545	19.769012904587676	30.051540199970766	5.995690958932204E-4
123.0	30.086218341783532	19.943182512508567	19.864538592996695	30.10485924975316	0.0012013029580428373
124.0	30.08992454206708	19.93800439642161	19.910967689994592	30.059422655307515	0.0016807162092006141
125.0	30.127009335497966	19.943438232096568	19.927265848623996	30.000478103881576	0.0018084798998892048
126.0	29.99755712587216	19.954637097823884	20.043438592121447	30.00045192130072	0.003915262881787593
127.0	29.970988125056724	20.095558710708524	19.993594645373904	29.937062696320467	0.0027958225403803363
128.0	30.023102267458707	19.922779228695305	20.072780921858232	29.979059128175777	0.002278453811978647
129.0	29.80760068298627	20.05653296719752	20.09795780572337	30.036714805065557	0.0011937390272869894
130.0	29.96482771413296	20.02852056493884	20.150601676485476	29.855882177668512	1.6786677421331335E-4
131.0	29.900740217147465	19.879751243979836	20.311556844417318	29.907930669740203	2.1024715183439587E-5
132.0	29.859610559975664	19.97266828836789	20.393451091003815	29.773806597067075	4.6346358556074985E-4
133.0	29.75162421311922	20.07659771549414	20.382557944886205	29.789199017060014	2.110944041617684E-5
134.0	29.835998370390865	19.94162259487756	20.49734807765773	29.724269457478076	7.614995957706312E-4
135.0	29.788486938539048	19.92133256429513	20.58504135912028	29.70482117848109	3.179595644462702E-4
136.0	29.67017909989287	20.060636792538002	20.599727278887823	29.66886201709531	5.948115859949912E-4
137.0	29.82096990689243	19.815104779280666	20.693575290249306	29.669988110077057	3.6191350054446693E-4
138.0	29.62537590957048	19.771045868701815	20.877817521573128	29.724971276721718	7.894234328611373E-4
139.0	29.645287699208247	20.08902289725372	20.764125675610657	29.50141403773262	1.4969019475763554E-4
140.0	29.7685351606501	19.840088347747503	20.95922555105343	29.43208663463804	6.430591093502724E-5
141.0	29.60634913130328	19.86903734713592	21.02552310381917	29.499004456039724	8.596170191275532E-5
142.0	29.637036210181712	19.90756204372012	21.08844314363181	29.366915503829528	4.30986368332156E-5
143.0	29.602164274766917	19.82950823924618	21.225737835681997	29.34014695105739	0.0024426992475189307
144.0	29.40246484768414	19.84916318880886	21.326453955649395	29.42189632094548	2.168691212202965E-5
145.0	29.439874010893423	19.8912224962136	21.316154240866215	29.35274925202676	0.0
146.0	29.634690505629656	19.723539517020274	21.363066385092626	29.278681708264493	2.188399295335427E-5
147.0	29.424600131511912	19.77528827728211	21.561254405032003	29.23876904146151	8.814471246313347E-5
148.0	29.351502714287157	19.878017138255107	21.472645399415246	29.297767354196218	6.739384626789728E-5
149.0	28.922246121458972	19.93576542292848	22.469991985345974	28.671973001294315	2.3468972258501342E-5
