#Coverage	Number of genomic locations
0.0	8685.0
1.0	532.0
2.0	1288.0
3.0	2144.0
4.0	2969.0
5.0	4695.0
6.0	6829.0
7.0	11778.0
8.0	17473.0
9.0	27435.0
10.0	38619.0
11.0	52590.0
12.0	72850.0
13.0	92978.0
14.0	116747.0
15.0	143245.0
16.0	171962.0
17.0	200384.0
18.0	229407.0
19.0	264412.0
20.0	295998.0
21.0	323479.0
22.0	349197.0
23.0	367648.0
24.0	384810.0
25.0	399480.0
26.0	409876.0
27.0	415836.0
28.0	421290.0
29.0	417622.0
30.0	412115.0
31.0	403309.0
32.0	392513.0
33.0	382064.0
34.0	365886.0
35.0	350789.0
36.0	332969.0
37.0	318808.0
38.0	300817.0
39.0	282958.0
40.0	266280.0
41.0	245951.0
42.0	228136.0
43.0	212146.0
44.0	196467.0
45.0	180556.0
46.0	163871.0
47.0	150145.0
48.0	138573.0
49.0	127285.0
50.0	117808.0
51.0	105973.0
52.0	98261.0
53.0	90256.0
54.0	81618.0
55.0	74130.0
56.0	67538.0
57.0	61022.0
58.0	56002.0
59.0	50747.0
60.0	45979.0
61.0	41822.0
62.0	37638.0
63.0	34263.0
64.0	31001.0
65.0	28170.0
66.0	26127.0
67.0	23964.0
68.0	21613.0
69.0	20232.0
70.0	18448.0
71.0	16714.0
72.0	15032.0
73.0	14208.0
74.0	13238.0
75.0	12259.0
76.0	11524.0
77.0	10312.0
78.0	10051.0
79.0	9339.0
80.0	8607.0
81.0	8477.0
82.0	8007.0
83.0	7362.0
84.0	6690.0
85.0	6234.0
86.0	5634.0
87.0	5180.0
88.0	4811.0
89.0	4627.0
90.0	4463.0
91.0	4318.0
92.0	4021.0
93.0	3521.0
94.0	3476.0
95.0	3379.0
96.0	3121.0
97.0	3007.0
98.0	2725.0
99.0	2692.0
100.0	2574.0
101.0	2388.0
102.0	2237.0
103.0	2210.0
104.0	2090.0
105.0	1911.0
106.0	1830.0
107.0	1765.0
108.0	1764.0
109.0	1726.0
110.0	1598.0
111.0	1578.0
112.0	1453.0
113.0	1498.0
114.0	1441.0
115.0	1383.0
116.0	1204.0
117.0	1093.0
118.0	1148.0
119.0	1094.0
120.0	1068.0
121.0	992.0
122.0	942.0
123.0	865.0
124.0	831.0
125.0	894.0
126.0	730.0
127.0	665.0
128.0	665.0
129.0	705.0
130.0	672.0
131.0	588.0
132.0	626.0
133.0	627.0
134.0	681.0
135.0	553.0
136.0	564.0
137.0	499.0
138.0	457.0
139.0	482.0
140.0	460.0
141.0	389.0
142.0	410.0
143.0	382.0
144.0	391.0
145.0	393.0
146.0	438.0
147.0	410.0
148.0	397.0
149.0	407.0
150.0	393.0
151.0	375.0
152.0	420.0
153.0	333.0
154.0	389.0
155.0	358.0
156.0	388.0
157.0	381.0
158.0	335.0
159.0	324.0
160.0	340.0
161.0	282.0
162.0	344.0
163.0	274.0
164.0	284.0
165.0	305.0
166.0	274.0
167.0	271.0
168.0	274.0
169.0	280.0
170.0	249.0
171.0	227.0
172.0	251.0
173.0	224.0
174.0	233.0
175.0	213.0
176.0	215.0
177.0	182.0
178.0	244.0
179.0	280.0
180.0	242.0
181.0	256.0
182.0	247.0
183.0	246.0
184.0	261.0
185.0	185.0
186.0	198.0
187.0	190.0
188.0	204.0
189.0	185.0
190.0	186.0
191.0	186.0
192.0	168.0
193.0	187.0
194.0	185.0
195.0	188.0
196.0	217.0
197.0	215.0
198.0	236.0
199.0	253.0
200.0	158.0
201.0	235.0
202.0	227.0
203.0	201.0
204.0	233.0
205.0	184.0
206.0	202.0
207.0	229.0
208.0	230.0
209.0	172.0
210.0	208.0
211.0	207.0
212.0	209.0
213.0	174.0
214.0	175.0
215.0	182.0
216.0	174.0
217.0	169.0
218.0	180.0
219.0	178.0
220.0	189.0
221.0	183.0
222.0	196.0
223.0	193.0
224.0	166.0
225.0	202.0
226.0	163.0
227.0	162.0
228.0	174.0
229.0	155.0
230.0	138.0
231.0	165.0
232.0	171.0
233.0	160.0
234.0	155.0
235.0	153.0
236.0	155.0
237.0	154.0
238.0	170.0
239.0	170.0
240.0	170.0
241.0	165.0
242.0	150.0
243.0	131.0
244.0	124.0
245.0	127.0
246.0	121.0
247.0	128.0
248.0	139.0
249.0	158.0
250.0	148.0
251.0	152.0
252.0	156.0
253.0	140.0
254.0	131.0
255.0	138.0
256.0	124.0
257.0	135.0
258.0	101.0
259.0	135.0
260.0	127.0
261.0	124.0
262.0	103.0
263.0	107.0
264.0	117.0
265.0	116.0
266.0	100.0
267.0	118.0
268.0	114.0
269.0	127.0
270.0	126.0
271.0	111.0
272.0	131.0
273.0	136.0
274.0	140.0
275.0	139.0
276.0	152.0
277.0	132.0
278.0	139.0
279.0	150.0
280.0	158.0
281.0	123.0
282.0	143.0
283.0	114.0
284.0	161.0
285.0	108.0
286.0	143.0
287.0	150.0
288.0	114.0
289.0	102.0
290.0	140.0
291.0	116.0
292.0	148.0
293.0	118.0
294.0	123.0
295.0	109.0
296.0	85.0
297.0	115.0
298.0	130.0
299.0	107.0
300.0	131.0
301.0	119.0
302.0	135.0
303.0	103.0
304.0	90.0
305.0	88.0
306.0	99.0
307.0	77.0
308.0	99.0
309.0	74.0
310.0	75.0
311.0	70.0
312.0	83.0
313.0	69.0
314.0	90.0
315.0	94.0
316.0	99.0
317.0	110.0
318.0	97.0
319.0	93.0
320.0	69.0
321.0	80.0
322.0	76.0
323.0	62.0
324.0	66.0
325.0	54.0
326.0	75.0
327.0	83.0
328.0	60.0
329.0	76.0
330.0	88.0
331.0	67.0
332.0	92.0
333.0	52.0
334.0	50.0
335.0	56.0
336.0	72.0
337.0	81.0
338.0	73.0
339.0	74.0
340.0	67.0
341.0	59.0
342.0	47.0
343.0	50.0
344.0	58.0
345.0	67.0
346.0	69.0
347.0	68.0
348.0	76.0
349.0	89.0
350.0	59.0
351.0	66.0
352.0	69.0
353.0	66.0
354.0	52.0
355.0	70.0
356.0	67.0
357.0	56.0
358.0	61.0
359.0	47.0
360.0	51.0
361.0	42.0
362.0	40.0
363.0	50.0
364.0	39.0
365.0	47.0
366.0	44.0
367.0	34.0
368.0	46.0
369.0	41.0
370.0	43.0
371.0	37.0
372.0	48.0
373.0	51.0
374.0	56.0
375.0	45.0
376.0	44.0
377.0	49.0
378.0	42.0
379.0	46.0
380.0	37.0
381.0	35.0
382.0	47.0
383.0	42.0
384.0	43.0
385.0	50.0
386.0	45.0
387.0	41.0
388.0	54.0
389.0	46.0
390.0	34.0
391.0	40.0
392.0	33.0
393.0	32.0
394.0	31.0
395.0	34.0
396.0	48.0
397.0	43.0
398.0	30.0
399.0	23.0
400.0	36.0
401.0	27.0
402.0	31.0
403.0	29.0
404.0	28.0
405.0	26.0
406.0	25.0
407.0	26.0
408.0	36.0
409.0	40.0
410.0	25.0
411.0	22.0
412.0	16.0
413.0	22.0
414.0	18.0
415.0	12.0
416.0	16.0
417.0	16.0
418.0	25.0
419.0	24.0
420.0	38.0
421.0	23.0
422.0	40.0
423.0	30.0
424.0	17.0
425.0	29.0
426.0	32.0
427.0	20.0
428.0	20.0
429.0	15.0
430.0	19.0
431.0	22.0
432.0	28.0
433.0	25.0
434.0	16.0
435.0	18.0
436.0	21.0
437.0	22.0
438.0	11.0
439.0	12.0
440.0	19.0
441.0	21.0
442.0	28.0
443.0	24.0
444.0	28.0
445.0	15.0
446.0	25.0
447.0	23.0
448.0	23.0
449.0	19.0
450.0	13.0
451.0	6.0
452.0	9.0
453.0	20.0
454.0	18.0
455.0	30.0
456.0	22.0
457.0	19.0
458.0	16.0
459.0	13.0
460.0	26.0
461.0	19.0
462.0	22.0
463.0	20.0
464.0	21.0
465.0	21.0
466.0	25.0
467.0	15.0
468.0	20.0
469.0	15.0
470.0	19.0
471.0	16.0
472.0	18.0
473.0	22.0
474.0	10.0
475.0	16.0
476.0	12.0
477.0	26.0
478.0	14.0
479.0	17.0
480.0	11.0
481.0	9.0
482.0	14.0
483.0	12.0
484.0	5.0
485.0	5.0
486.0	4.0
487.0	4.0
488.0	8.0
489.0	5.0
490.0	10.0
491.0	10.0
492.0	9.0
493.0	4.0
494.0	6.0
495.0	13.0
496.0	11.0
497.0	7.0
498.0	14.0
499.0	6.0
500.0	7.0
501.0	6.0
502.0	11.0
503.0	6.0
504.0	6.0
505.0	9.0
506.0	12.0
507.0	4.0
508.0	3.0
509.0	7.0
510.0	9.0
511.0	7.0
512.0	7.0
513.0	10.0
514.0	13.0
515.0	10.0
516.0	9.0
517.0	5.0
518.0	10.0
519.0	5.0
520.0	4.0
521.0	8.0
522.0	7.0
523.0	17.0
524.0	11.0
525.0	7.0
526.0	7.0
527.0	16.0
528.0	5.0
529.0	19.0
530.0	13.0
531.0	13.0
532.0	14.0
533.0	15.0
534.0	14.0
535.0	12.0
536.0	7.0
537.0	12.0
538.0	6.0
539.0	10.0
540.0	8.0
541.0	6.0
542.0	6.0
543.0	9.0
544.0	14.0
545.0	4.0
546.0	10.0
547.0	11.0
548.0	15.0
549.0	12.0
550.0	19.0
551.0	6.0
552.0	9.0
553.0	15.0
554.0	10.0
555.0	8.0
556.0	12.0
557.0	11.0
558.0	11.0
559.0	15.0
560.0	18.0
561.0	19.0
562.0	15.0
563.0	17.0
564.0	6.0
565.0	12.0
566.0	18.0
567.0	16.0
568.0	19.0
569.0	14.0
570.0	12.0
571.0	18.0
572.0	16.0
573.0	8.0
574.0	7.0
575.0	8.0
576.0	9.0
577.0	9.0
578.0	11.0
579.0	12.0
580.0	9.0
581.0	17.0
582.0	10.0
583.0	10.0
584.0	8.0
585.0	8.0
586.0	13.0
587.0	13.0
588.0	5.0
589.0	10.0
590.0	12.0
591.0	12.0
592.0	16.0
593.0	14.0
594.0	13.0
595.0	21.0
596.0	12.0
597.0	9.0
598.0	6.0
599.0	13.0
600.0	10.0
601.0	13.0
602.0	11.0
603.0	4.0
604.0	8.0
605.0	6.0
606.0	12.0
607.0	7.0
608.0	9.0
609.0	9.0
610.0	6.0
611.0	5.0
612.0	3.0
613.0	5.0
614.0	11.0
615.0	11.0
616.0	7.0
617.0	7.0
618.0	8.0
619.0	10.0
620.0	12.0
621.0	13.0
622.0	10.0
623.0	7.0
624.0	6.0
625.0	11.0
626.0	6.0
627.0	7.0
628.0	5.0
629.0	7.0
630.0	9.0
631.0	13.0
632.0	6.0
633.0	4.0
634.0	11.0
635.0	7.0
636.0	5.0
637.0	9.0
638.0	5.0
639.0	10.0
640.0	6.0
641.0	4.0
642.0	7.0
643.0	3.0
644.0	6.0
645.0	8.0
646.0	12.0
647.0	5.0
648.0	7.0
649.0	10.0
650.0	12.0
651.0	4.0
652.0	10.0
653.0	5.0
654.0	3.0
655.0	3.0
656.0	4.0
657.0	9.0
658.0	2.0
659.0	3.0
660.0	2.0
661.0	1.0
662.0	4.0
663.0	5.0
664.0	2.0
665.0	2.0
666.0	6.0
667.0	2.0
668.0	7.0
669.0	3.0
670.0	2.0
671.0	5.0
672.0	3.0
673.0	8.0
674.0	5.0
675.0	7.0
676.0	3.0
677.0	3.0
678.0	3.0
679.0	5.0
680.0	5.0
681.0	5.0
682.0	4.0
683.0	4.0
684.0	4.0
685.0	4.0
686.0	1.0
687.0	3.0
688.0	7.0
689.0	7.0
690.0	8.0
691.0	4.0
692.0	4.0
693.0	13.0
694.0	8.0
695.0	9.0
696.0	13.0
697.0	9.0
698.0	7.0
699.0	7.0
700.0	9.0
701.0	7.0
702.0	10.0
703.0	13.0
704.0	10.0
705.0	8.0
706.0	8.0
707.0	6.0
708.0	9.0
709.0	12.0
710.0	12.0
711.0	14.0
712.0	13.0
713.0	11.0
714.0	15.0
715.0	11.0
716.0	15.0
717.0	12.0
718.0	8.0
719.0	13.0
720.0	14.0
721.0	5.0
722.0	11.0
723.0	7.0
724.0	10.0
725.0	11.0
726.0	12.0
727.0	6.0
728.0	11.0
729.0	8.0
730.0	5.0
731.0	9.0
732.0	9.0
733.0	14.0
734.0	10.0
735.0	5.0
736.0	8.0
737.0	8.0
738.0	7.0
739.0	3.0
740.0	3.0
741.0	6.0
742.0	3.0
743.0	8.0
744.0	5.0
745.0	7.0
746.0	6.0
747.0	10.0
748.0	11.0
749.0	8.0
750.0	8.0
751.0	5.0
752.0	4.0
753.0	6.0
754.0	8.0
755.0	10.0
756.0	9.0
757.0	12.0
758.0	7.0
759.0	5.0
760.0	6.0
761.0	4.0
762.0	8.0
763.0	7.0
764.0	3.0
765.0	4.0
766.0	7.0
767.0	5.0
768.0	10.0
769.0	8.0
770.0	9.0
771.0	5.0
772.0	7.0
773.0	7.0
774.0	5.0
775.0	7.0
776.0	7.0
777.0	9.0
778.0	7.0
779.0	8.0
780.0	7.0
781.0	7.0
782.0	3.0
783.0	10.0
784.0	7.0
785.0	9.0
786.0	2.0
787.0	8.0
788.0	5.0
789.0	8.0
790.0	5.0
791.0	7.0
792.0	10.0
793.0	7.0
794.0	8.0
795.0	14.0
796.0	7.0
797.0	10.0
798.0	19.0
799.0	13.0
800.0	13.0
801.0	13.0
802.0	7.0
803.0	10.0
804.0	18.0
805.0	12.0
806.0	15.0
807.0	11.0
808.0	13.0
809.0	16.0
810.0	9.0
811.0	11.0
812.0	10.0
813.0	12.0
814.0	14.0
815.0	17.0
816.0	25.0
817.0	18.0
818.0	26.0
819.0	25.0
820.0	32.0
821.0	16.0
822.0	24.0
823.0	23.0
824.0	17.0
825.0	19.0
826.0	14.0
827.0	15.0
828.0	22.0
829.0	10.0
830.0	26.0
831.0	17.0
832.0	13.0
833.0	22.0
834.0	18.0
835.0	19.0
836.0	21.0
837.0	24.0
838.0	21.0
839.0	22.0
840.0	21.0
841.0	15.0
842.0	19.0
843.0	21.0
844.0	15.0
845.0	24.0
846.0	22.0
847.0	18.0
848.0	21.0
849.0	17.0
850.0	23.0
851.0	21.0
852.0	32.0
853.0	18.0
854.0	19.0
855.0	22.0
856.0	20.0
857.0	21.0
858.0	18.0
859.0	17.0
860.0	25.0
861.0	22.0
862.0	16.0
863.0	17.0
864.0	11.0
865.0	15.0
866.0	15.0
867.0	20.0
868.0	23.0
869.0	15.0
870.0	12.0
871.0	19.0
872.0	15.0
873.0	24.0
874.0	12.0
875.0	9.0
876.0	18.0
877.0	12.0
878.0	16.0
879.0	12.0
880.0	12.0
881.0	13.0
882.0	20.0
883.0	14.0
884.0	17.0
885.0	12.0
886.0	18.0
887.0	9.0
888.0	19.0
889.0	14.0
890.0	15.0
891.0	21.0
892.0	20.0
893.0	11.0
894.0	15.0
895.0	19.0
896.0	18.0
897.0	25.0
898.0	16.0
899.0	28.0
900.0	13.0
901.0	16.0
902.0	18.0
903.0	26.0
904.0	20.0
905.0	15.0
906.0	26.0
907.0	26.0
908.0	23.0
909.0	17.0
910.0	19.0
911.0	19.0
912.0	21.0
913.0	15.0
914.0	30.0
915.0	21.0
916.0	24.0
917.0	22.0
918.0	27.0
919.0	18.0
920.0	18.0
921.0	24.0
922.0	34.0
923.0	37.0
924.0	29.0
925.0	25.0
926.0	22.0
927.0	27.0
928.0	21.0
929.0	27.0
930.0	27.0
931.0	15.0
932.0	22.0
933.0	27.0
934.0	26.0
935.0	24.0
936.0	31.0
937.0	22.0
938.0	18.0
939.0	20.0
940.0	31.0
941.0	22.0
942.0	20.0
943.0	21.0
944.0	21.0
945.0	16.0
946.0	26.0
947.0	28.0
948.0	27.0
949.0	24.0
950.0	35.0
951.0	22.0
952.0	30.0
953.0	30.0
954.0	22.0
955.0	26.0
956.0	29.0
957.0	26.0
958.0	24.0
959.0	27.0
960.0	22.0
961.0	27.0
962.0	36.0
963.0	42.0
964.0	23.0
965.0	23.0
966.0	17.0
967.0	29.0
968.0	27.0
969.0	30.0
970.0	14.0
971.0	17.0
972.0	15.0
973.0	19.0
974.0	27.0
975.0	19.0
976.0	20.0
977.0	21.0
978.0	21.0
979.0	23.0
980.0	25.0
981.0	24.0
982.0	17.0
983.0	21.0
984.0	17.0
985.0	28.0
986.0	20.0
987.0	23.0
988.0	32.0
989.0	13.0
990.0	18.0
991.0	20.0
992.0	28.0
993.0	23.0
994.0	26.0
995.0	27.0
996.0	22.0
997.0	22.0
998.0	29.0
999.0	22.0
1000.0	21.0
1001.0	14.0
1002.0	22.0
1003.0	21.0
1004.0	21.0
1005.0	35.0
1006.0	31.0
1007.0	27.0
1008.0	21.0
1009.0	22.0
1010.0	18.0
1011.0	18.0
1012.0	27.0
1013.0	19.0
1014.0	26.0
1015.0	25.0
1016.0	26.0
1017.0	26.0
1018.0	32.0
1019.0	35.0
1020.0	25.0
1021.0	25.0
1022.0	31.0
1023.0	27.0
1024.0	19.0
1025.0	29.0
1026.0	20.0
1027.0	28.0
1028.0	21.0
1029.0	26.0
1030.0	28.0
1031.0	19.0
1032.0	27.0
1033.0	26.0
1034.0	33.0
1035.0	22.0
1036.0	29.0
1037.0	25.0
1038.0	27.0
1039.0	38.0
1040.0	24.0
1041.0	28.0
1042.0	25.0
1043.0	24.0
1044.0	31.0
1045.0	27.0
1046.0	24.0
1047.0	25.0
1048.0	29.0
1049.0	26.0
1050.0	27.0
1051.0	27.0
1052.0	27.0
1053.0	30.0
1054.0	18.0
1055.0	17.0
1056.0	19.0
1057.0	15.0
1058.0	26.0
1059.0	19.0
1060.0	23.0
1061.0	28.0
1062.0	24.0
1063.0	18.0
1064.0	27.0
1065.0	36.0
1066.0	22.0
1067.0	30.0
1068.0	45.0
1069.0	26.0
1070.0	30.0
1071.0	30.0
1072.0	31.0
1073.0	30.0
1074.0	30.0
1075.0	42.0
1076.0	31.0
1077.0	26.0
1078.0	28.0
1079.0	27.0
1080.0	25.0
1081.0	21.0
1082.0	25.0
1083.0	26.0
1084.0	34.0
1085.0	21.0
1086.0	21.0
1087.0	30.0
1088.0	17.0
1089.0	21.0
1090.0	30.0
1091.0	30.0
1092.0	30.0
1093.0	19.0
1094.0	21.0
1095.0	20.0
1096.0	20.0
1097.0	31.0
1098.0	27.0
1099.0	26.0
1100.0	26.0
1101.0	25.0
1102.0	18.0
1103.0	16.0
1104.0	22.0
1105.0	24.0
1106.0	18.0
1107.0	25.0
1108.0	10.0
1109.0	23.0
1110.0	17.0
1111.0	10.0
1112.0	14.0
1113.0	25.0
1114.0	12.0
1115.0	24.0
1116.0	27.0
1117.0	29.0
1118.0	26.0
1119.0	26.0
1120.0	20.0
1121.0	21.0
1122.0	22.0
1123.0	20.0
1124.0	18.0
1125.0	26.0
1126.0	19.0
1127.0	19.0
1128.0	22.0
1129.0	27.0
1130.0	33.0
1131.0	15.0
1132.0	27.0
1133.0	23.0
1134.0	26.0
1135.0	23.0
1136.0	33.0
1137.0	30.0
1138.0	27.0
1139.0	33.0
1140.0	24.0
1141.0	29.0
1142.0	25.0
1143.0	29.0
1144.0	29.0
1145.0	31.0
1146.0	27.0
1147.0	30.0
1148.0	18.0
1149.0	22.0
1150.0	21.0
1151.0	29.0
1152.0	20.0
1153.0	19.0
1154.0	18.0
1155.0	34.0
1156.0	20.0
1157.0	17.0
1158.0	28.0
1159.0	22.0
1160.0	35.0
1161.0	26.0
1162.0	15.0
1163.0	19.0
1164.0	26.0
1165.0	22.0
1166.0	24.0
1167.0	23.0
1168.0	24.0
1169.0	21.0
1170.0	24.0
1171.0	24.0
1172.0	18.0
1173.0	28.0
1174.0	19.0
1175.0	17.0
1176.0	20.0
1177.0	25.0
1178.0	23.0
1179.0	48.0
1180.0	19.0
1181.0	33.0
1182.0	26.0
1183.0	27.0
1184.0	30.0
1185.0	26.0
1186.0	26.0
1187.0	24.0
1188.0	15.0
1189.0	23.0
1190.0	24.0
1191.0	16.0
1192.0	37.0
1193.0	19.0
1194.0	19.0
1195.0	18.0
1196.0	27.0
1197.0	21.0
1198.0	18.0
1199.0	37.0
1200.0	40.0
1201.0	24.0
1202.0	21.0
1203.0	28.0
1204.0	18.0
1205.0	27.0
1206.0	10.0
1207.0	29.0
1208.0	20.0
1209.0	13.0
1210.0	20.0
1211.0	27.0
1212.0	19.0
1213.0	18.0
1214.0	15.0
1215.0	18.0
1216.0	22.0
1217.0	30.0
1218.0	21.0
1219.0	20.0
1220.0	25.0
1221.0	15.0
1222.0	17.0
1223.0	21.0
1224.0	9.0
1225.0	19.0
1226.0	12.0
1227.0	14.0
1228.0	17.0
1229.0	12.0
1230.0	10.0
1231.0	19.0
1232.0	18.0
1233.0	18.0
1234.0	9.0
1235.0	11.0
1236.0	13.0
1237.0	19.0
1238.0	22.0
1239.0	15.0
1240.0	12.0
1241.0	15.0
1242.0	17.0
1243.0	19.0
1244.0	9.0
1245.0	14.0
1246.0	13.0
1247.0	12.0
1248.0	15.0
1249.0	7.0
1250.0	10.0
1251.0	11.0
1252.0	15.0
1253.0	9.0
1254.0	13.0
1255.0	19.0
1256.0	20.0
1257.0	16.0
1258.0	15.0
1259.0	15.0
1260.0	13.0
1261.0	23.0
1262.0	20.0
1263.0	18.0
1264.0	26.0
1265.0	19.0
1266.0	7.0
1267.0	14.0
1268.0	20.0
1269.0	18.0
1270.0	19.0
1271.0	9.0
1272.0	13.0
1273.0	19.0
1274.0	20.0
1275.0	17.0
1276.0	17.0
1277.0	15.0
1278.0	17.0
1279.0	11.0
1280.0	13.0
1281.0	12.0
1282.0	18.0
1283.0	16.0
1284.0	11.0
1285.0	16.0
1286.0	18.0
1287.0	9.0
1288.0	21.0
1289.0	15.0
1290.0	10.0
1291.0	14.0
1292.0	13.0
1293.0	8.0
1294.0	9.0
1295.0	19.0
1296.0	11.0
1297.0	12.0
1298.0	18.0
1299.0	12.0
1300.0	8.0
1301.0	7.0
1302.0	9.0
1303.0	10.0
1304.0	13.0
1305.0	9.0
1306.0	10.0
1307.0	9.0
1308.0	10.0
1309.0	10.0
1310.0	8.0
1311.0	11.0
1312.0	6.0
1313.0	10.0
1314.0	15.0
1315.0	6.0
1316.0	9.0
1317.0	8.0
1318.0	8.0
1319.0	11.0
1320.0	13.0
1321.0	9.0
1322.0	10.0
1323.0	10.0
1324.0	19.0
1325.0	8.0
1326.0	12.0
1327.0	9.0
1328.0	12.0
1329.0	22.0
1330.0	11.0
1331.0	18.0
1332.0	14.0
1333.0	19.0
1334.0	12.0
1335.0	13.0
1336.0	15.0
1337.0	15.0
1338.0	9.0
1339.0	14.0
1340.0	12.0
1341.0	10.0
1342.0	11.0
1343.0	16.0
1344.0	9.0
1345.0	20.0
1346.0	19.0
1347.0	7.0
1348.0	7.0
1349.0	12.0
1350.0	13.0
1351.0	4.0
1352.0	7.0
1353.0	9.0
1354.0	7.0
1355.0	11.0
1356.0	10.0
1357.0	10.0
1358.0	5.0
1359.0	7.0
1360.0	10.0
1361.0	10.0
1362.0	15.0
1363.0	8.0
1364.0	11.0
1365.0	13.0
1366.0	7.0
1367.0	11.0
1368.0	10.0
1369.0	7.0
1370.0	9.0
1371.0	7.0
1372.0	6.0
1373.0	5.0
1374.0	10.0
1375.0	8.0
1376.0	8.0
1377.0	9.0
1378.0	12.0
1379.0	14.0
1380.0	5.0
1381.0	7.0
1382.0	8.0
1383.0	5.0
1384.0	9.0
1385.0	5.0
1386.0	6.0
1387.0	7.0
1388.0	7.0
1389.0	6.0
1390.0	7.0
1391.0	7.0
1392.0	9.0
1393.0	7.0
1394.0	8.0
1395.0	12.0
1396.0	14.0
1397.0	12.0
1398.0	9.0
1399.0	9.0
1400.0	7.0
1401.0	13.0
1402.0	9.0
1403.0	15.0
1404.0	10.0
1405.0	17.0
1406.0	7.0
1407.0	14.0
1408.0	12.0
1409.0	8.0
1410.0	10.0
1411.0	8.0
1412.0	11.0
1413.0	11.0
1414.0	4.0
1415.0	9.0
1416.0	8.0
1417.0	5.0
1418.0	7.0
1419.0	5.0
1420.0	9.0
1421.0	6.0
1422.0	4.0
1423.0	11.0
1424.0	8.0
1425.0	7.0
1426.0	5.0
1427.0	5.0
1428.0	7.0
1429.0	11.0
1430.0	7.0
1431.0	8.0
1432.0	9.0
1433.0	4.0
1434.0	6.0
1435.0	2.0
1436.0	7.0
1437.0	9.0
1438.0	6.0
1439.0	8.0
1440.0	7.0
1441.0	8.0
1442.0	6.0
1443.0	11.0
1444.0	5.0
1445.0	7.0
1446.0	16.0
1447.0	4.0
1448.0	7.0
1449.0	8.0
1450.0	6.0
1451.0	9.0
1452.0	9.0
1453.0	3.0
1454.0	3.0
1455.0	8.0
1456.0	7.0
1457.0	6.0
1458.0	9.0
1459.0	9.0
1460.0	8.0
1461.0	8.0
1462.0	4.0
1463.0	4.0
1464.0	9.0
1465.0	10.0
1466.0	4.0
1467.0	4.0
1468.0	6.0
1469.0	9.0
1470.0	5.0
1471.0	3.0
1472.0	5.0
1473.0	8.0
1474.0	2.0
1475.0	6.0
1476.0	8.0
1477.0	11.0
1478.0	8.0
1479.0	6.0
1480.0	17.0
1481.0	6.0
1482.0	4.0
1483.0	9.0
1484.0	8.0
1485.0	11.0
1486.0	6.0
1487.0	5.0
1488.0	8.0
1489.0	10.0
1490.0	5.0
1491.0	9.0
1492.0	9.0
1493.0	6.0
1494.0	4.0
1495.0	8.0
1496.0	7.0
1497.0	9.0
1498.0	7.0
1499.0	8.0
1500.0	11.0
1501.0	7.0
1502.0	9.0
1503.0	8.0
1504.0	8.0
1505.0	5.0
1506.0	3.0
1507.0	6.0
1508.0	11.0
1509.0	6.0
1510.0	5.0
1511.0	6.0
1512.0	3.0
1513.0	3.0
1514.0	8.0
1515.0	6.0
1516.0	10.0
1517.0	10.0
1518.0	8.0
1519.0	9.0
1520.0	6.0
1521.0	4.0
1522.0	5.0
1523.0	7.0
1524.0	5.0
1525.0	12.0
1526.0	11.0
1527.0	6.0
1528.0	7.0
1529.0	10.0
1530.0	5.0
1531.0	9.0
1532.0	8.0
1533.0	7.0
1534.0	6.0
1535.0	9.0
1536.0	5.0
1537.0	5.0
1538.0	4.0
1539.0	3.0
1540.0	9.0
1541.0	4.0
1542.0	4.0
1543.0	7.0
1544.0	6.0
1545.0	11.0
1546.0	3.0
1547.0	7.0
1548.0	3.0
1549.0	2.0
1550.0	8.0
1551.0	4.0
1552.0	2.0
1553.0	4.0
1554.0	9.0
1555.0	6.0
1556.0	12.0
1557.0	5.0
1558.0	9.0
1559.0	7.0
1560.0	8.0
1561.0	6.0
1562.0	8.0
1563.0	8.0
1564.0	10.0
1565.0	5.0
1566.0	9.0
1567.0	5.0
1568.0	4.0
1569.0	3.0
1570.0	6.0
1571.0	8.0
1572.0	7.0
1573.0	8.0
1574.0	5.0
1575.0	7.0
1576.0	6.0
1577.0	5.0
1579.0	4.0
1580.0	11.0
1581.0	4.0
1582.0	6.0
1583.0	4.0
1584.0	4.0
1585.0	6.0
1586.0	5.0
1587.0	8.0
1588.0	6.0
1589.0	7.0
1590.0	7.0
1591.0	4.0
1592.0	5.0
1593.0	6.0
1594.0	3.0
1595.0	3.0
1596.0	4.0
1597.0	6.0
1598.0	4.0
1599.0	5.0
1600.0	8.0
1601.0	4.0
1602.0	5.0
1603.0	4.0
1604.0	8.0
1605.0	5.0
1606.0	9.0
1607.0	4.0
1608.0	6.0
1609.0	5.0
1610.0	4.0
1611.0	8.0
1612.0	3.0
1613.0	6.0
1614.0	7.0
1615.0	5.0
1616.0	1.0
1617.0	7.0
1618.0	4.0
1619.0	7.0
1620.0	5.0
1621.0	6.0
1622.0	9.0
1623.0	5.0
1624.0	5.0
1625.0	2.0
1626.0	3.0
1627.0	5.0
1628.0	7.0
1629.0	4.0
1630.0	8.0
1631.0	8.0
1632.0	6.0
1633.0	3.0
1634.0	1.0
1635.0	6.0
1636.0	6.0
1637.0	5.0
1638.0	8.0
1639.0	4.0
1640.0	5.0
1641.0	3.0
1642.0	7.0
1643.0	5.0
1644.0	3.0
1645.0	7.0
1646.0	3.0
1647.0	7.0
1648.0	4.0
1649.0	3.0
1650.0	9.0
1651.0	2.0
1652.0	6.0
1653.0	6.0
1654.0	11.0
1655.0	5.0
1656.0	8.0
1657.0	3.0
1658.0	6.0
1659.0	8.0
1661.0	3.0
1662.0	5.0
1663.0	2.0
1664.0	3.0
1665.0	3.0
1666.0	6.0
1667.0	5.0
1668.0	1.0
1669.0	6.0
1670.0	6.0
1671.0	5.0
1672.0	3.0
1673.0	3.0
1674.0	6.0
1675.0	2.0
1676.0	4.0
1677.0	7.0
1678.0	5.0
1679.0	8.0
1680.0	10.0
1681.0	8.0
1682.0	10.0
1683.0	10.0
1684.0	7.0
1685.0	8.0
1686.0	6.0
1687.0	5.0
1688.0	1.0
1689.0	5.0
1690.0	1.0
1691.0	10.0
1692.0	5.0
1693.0	4.0
1694.0	8.0
1695.0	5.0
1696.0	4.0
1697.0	9.0
1698.0	5.0
1699.0	8.0
1700.0	2.0
1701.0	5.0
1702.0	3.0
1703.0	7.0
1704.0	5.0
1705.0	6.0
1706.0	8.0
1707.0	5.0
1708.0	9.0
1709.0	2.0
1710.0	1.0
1711.0	1.0
1712.0	9.0
1713.0	7.0
1714.0	3.0
1715.0	5.0
1716.0	6.0
1717.0	5.0
1718.0	4.0
1719.0	5.0
1720.0	2.0
1721.0	12.0
1722.0	5.0
1723.0	5.0
1724.0	2.0
1725.0	7.0
1726.0	7.0
1727.0	2.0
1728.0	7.0
1729.0	7.0
1730.0	9.0
1731.0	9.0
1732.0	3.0
1733.0	6.0
1734.0	9.0
1735.0	7.0
1736.0	7.0
1737.0	3.0
1738.0	4.0
1739.0	2.0
1740.0	3.0
1741.0	8.0
1742.0	6.0
1743.0	7.0
1744.0	9.0
1745.0	4.0
1746.0	4.0
1747.0	9.0
1748.0	8.0
1749.0	7.0
1750.0	7.0
1751.0	6.0
1752.0	4.0
1753.0	4.0
1754.0	6.0
1755.0	5.0
1756.0	4.0
1757.0	6.0
1758.0	7.0
1759.0	10.0
1760.0	4.0
1761.0	6.0
1762.0	11.0
1763.0	5.0
1764.0	6.0
1765.0	13.0
1766.0	10.0
1767.0	3.0
1768.0	7.0
1769.0	7.0
1770.0	4.0
1771.0	7.0
1772.0	4.0
1773.0	3.0
1774.0	4.0
1775.0	6.0
1776.0	4.0
1777.0	2.0
1778.0	8.0
1779.0	3.0
1780.0	2.0
1781.0	3.0
1782.0	3.0
1783.0	6.0
1784.0	4.0
1785.0	3.0
1786.0	4.0
1787.0	4.0
1788.0	4.0
1789.0	11.0
1790.0	3.0
1791.0	5.0
1792.0	3.0
1793.0	1.0
1794.0	2.0
1795.0	5.0
1796.0	8.0
1797.0	5.0
1798.0	4.0
1799.0	6.0
1800.0	1.0
1801.0	4.0
1802.0	7.0
1803.0	8.0
1804.0	5.0
1805.0	5.0
1806.0	3.0
1807.0	2.0
1808.0	7.0
1809.0	2.0
1810.0	8.0
1811.0	5.0
1812.0	3.0
1813.0	4.0
1814.0	4.0
1815.0	6.0
1816.0	7.0
1817.0	1.0
1818.0	1.0
1819.0	4.0
1820.0	7.0
1821.0	4.0
1822.0	10.0
1823.0	4.0
1824.0	4.0
1825.0	9.0
1826.0	10.0
1827.0	7.0
1828.0	2.0
1829.0	8.0
1830.0	4.0
1831.0	1.0
1832.0	5.0
1833.0	2.0
1834.0	3.0
1835.0	7.0
1836.0	1.0
1837.0	3.0
1838.0	3.0
1839.0	3.0
1840.0	4.0
1841.0	1.0
1842.0	4.0
1843.0	2.0
1844.0	6.0
1845.0	8.0
1846.0	3.0
1847.0	2.0
1848.0	2.0
1849.0	1.0
1850.0	2.0
1851.0	4.0
1852.0	3.0
1853.0	3.0
1854.0	3.0
1855.0	3.0
1856.0	2.0
1857.0	3.0
1858.0	2.0
1859.0	1.0
1860.0	4.0
1862.0	4.0
1863.0	2.0
1864.0	5.0
1865.0	4.0
1866.0	3.0
1867.0	3.0
1868.0	1.0
1869.0	2.0
1870.0	2.0
1871.0	2.0
1872.0	6.0
1873.0	1.0
1874.0	3.0
1875.0	3.0
1876.0	4.0
1877.0	3.0
1878.0	2.0
1879.0	2.0
1880.0	6.0
1881.0	2.0
1882.0	3.0
1883.0	2.0
1884.0	6.0
1885.0	3.0
1886.0	1.0
1887.0	3.0
1888.0	2.0
1889.0	5.0
1890.0	1.0
1891.0	3.0
1892.0	4.0
1893.0	6.0
1894.0	1.0
1895.0	4.0
1896.0	1.0
1897.0	4.0
1898.0	3.0
1899.0	3.0
1900.0	2.0
1901.0	2.0
1902.0	2.0
1903.0	5.0
1904.0	5.0
1905.0	7.0
1906.0	8.0
1908.0	5.0
1909.0	2.0
1910.0	3.0
1912.0	2.0
1913.0	3.0
1914.0	3.0
1915.0	4.0
1916.0	6.0
1917.0	4.0
1918.0	5.0
1919.0	3.0
1920.0	3.0
1921.0	1.0
1922.0	5.0
1923.0	5.0
1924.0	1.0
1925.0	2.0
1926.0	4.0
1927.0	2.0
1928.0	2.0
1929.0	6.0
1930.0	8.0
1931.0	4.0
1932.0	6.0
1933.0	11.0
1934.0	8.0
1935.0	8.0
1936.0	3.0
1937.0	3.0
1938.0	2.0
1939.0	7.0
1940.0	5.0
1941.0	6.0
1942.0	5.0
1943.0	5.0
1944.0	6.0
1945.0	4.0
1946.0	1.0
1947.0	4.0
1948.0	7.0
1949.0	3.0
1950.0	7.0
1951.0	4.0
1952.0	4.0
1953.0	3.0
1954.0	8.0
1955.0	2.0
1956.0	4.0
1957.0	6.0
1958.0	5.0
1959.0	7.0
1960.0	4.0
1961.0	9.0
1962.0	11.0
1963.0	2.0
1964.0	2.0
1965.0	4.0
1966.0	7.0
1967.0	6.0
1968.0	4.0
1969.0	5.0
1970.0	8.0
1971.0	2.0
1972.0	7.0
1973.0	5.0
1974.0	4.0
1975.0	3.0
1976.0	9.0
1977.0	10.0
1978.0	8.0
1979.0	4.0
1980.0	4.0
1981.0	3.0
1982.0	4.0
1983.0	6.0
1984.0	3.0
1985.0	3.0
1986.0	3.0
1987.0	4.0
1988.0	3.0
1989.0	4.0
1990.0	3.0
1991.0	1.0
1992.0	7.0
1993.0	4.0
1994.0	5.0
1995.0	6.0
1996.0	5.0
1997.0	3.0
1998.0	3.0
1999.0	2.0
2000.0	4.0
2001.0	3.0
2002.0	2.0
2003.0	5.0
2004.0	1.0
2006.0	3.0
2007.0	3.0
2008.0	3.0
2009.0	2.0
2010.0	2.0
2011.0	5.0
2012.0	2.0
2013.0	7.0
2014.0	5.0
2015.0	5.0
2016.0	3.0
2017.0	5.0
2018.0	4.0
2019.0	3.0
2020.0	1.0
2021.0	4.0
2022.0	7.0
2023.0	8.0
2024.0	3.0
2025.0	2.0
2026.0	5.0
2027.0	1.0
2028.0	4.0
2029.0	3.0
2030.0	6.0
2031.0	2.0
2032.0	5.0
2033.0	3.0
2034.0	3.0
2035.0	3.0
2036.0	5.0
2037.0	4.0
2038.0	4.0
2039.0	2.0
2041.0	5.0
2042.0	1.0
2043.0	5.0
2044.0	3.0
2045.0	1.0
2046.0	2.0
2047.0	1.0
2048.0	1.0
2049.0	1.0
2050.0	1.0
2051.0	3.0
2052.0	2.0
2053.0	3.0
2054.0	1.0
2055.0	2.0
2056.0	1.0
2058.0	1.0
2059.0	2.0
2060.0	4.0
2061.0	3.0
2063.0	3.0
2065.0	3.0
2066.0	3.0
2067.0	2.0
2068.0	1.0
2069.0	1.0
2070.0	3.0
2072.0	1.0
2073.0	1.0
2074.0	2.0
2077.0	1.0
2078.0	1.0
2079.0	3.0
2080.0	1.0
2081.0	4.0
2082.0	1.0
2083.0	3.0
2084.0	1.0
2085.0	3.0
2086.0	2.0
2087.0	2.0
2088.0	1.0
2089.0	1.0
2090.0	2.0
2091.0	3.0
2092.0	1.0
2093.0	1.0
2094.0	2.0
2095.0	1.0
2096.0	1.0
2097.0	1.0
2098.0	4.0
2102.0	3.0
2104.0	1.0
2105.0	2.0
2106.0	2.0
2107.0	1.0
2108.0	1.0
2109.0	2.0
2110.0	2.0
2111.0	1.0
2112.0	1.0
2114.0	2.0
2115.0	1.0
2118.0	2.0
2119.0	1.0
2122.0	1.0
2123.0	2.0
2124.0	1.0
2125.0	3.0
2126.0	2.0
2127.0	2.0
2128.0	1.0
2129.0	1.0
2132.0	3.0
2133.0	1.0
2134.0	2.0
2135.0	2.0
2136.0	2.0
2137.0	1.0
2139.0	3.0
2140.0	1.0
2142.0	3.0
2143.0	2.0
2145.0	1.0
2146.0	1.0
2147.0	4.0
2148.0	4.0
2149.0	1.0
2150.0	3.0
2151.0	3.0
2152.0	2.0
2153.0	1.0
2154.0	1.0
2155.0	1.0
2156.0	1.0
2157.0	2.0
2159.0	1.0
2162.0	2.0
2163.0	1.0
2164.0	1.0
2166.0	1.0
2168.0	1.0
2170.0	1.0
2174.0	1.0
2175.0	2.0
2176.0	2.0
2177.0	1.0
2178.0	1.0
2179.0	1.0
2180.0	1.0
2182.0	4.0
2183.0	5.0
2186.0	3.0
2187.0	1.0
2189.0	1.0
2191.0	1.0
2192.0	2.0
2193.0	2.0
2197.0	1.0
2200.0	2.0
2201.0	1.0
2202.0	1.0
2203.0	2.0
2205.0	1.0
2207.0	1.0
2208.0	1.0
2209.0	2.0
2210.0	3.0
2211.0	1.0
2213.0	2.0
2214.0	1.0
2219.0	1.0
2220.0	1.0
2221.0	1.0
2222.0	1.0
2227.0	1.0
2230.0	1.0
2232.0	2.0
2233.0	1.0
2234.0	2.0
2235.0	2.0
2236.0	1.0
2238.0	2.0
2241.0	1.0
2243.0	1.0
2245.0	1.0
2246.0	1.0
2248.0	1.0
2249.0	1.0
2250.0	1.0
2251.0	1.0
2253.0	2.0
2254.0	1.0
2255.0	1.0
2263.0	3.0
2268.0	1.0
2273.0	1.0
2274.0	1.0
2276.0	2.0
2286.0	1.0
2287.0	1.0
2290.0	1.0
2297.0	1.0
2300.0	1.0
2304.0	1.0
2306.0	1.0
2307.0	1.0
2308.0	1.0
2309.0	1.0
2311.0	1.0
2315.0	1.0
2319.0	1.0
2321.0	1.0
2330.0	1.0
2331.0	1.0
2332.0	2.0
2333.0	1.0
2336.0	1.0
2337.0	1.0
2338.0	2.0
2340.0	1.0
2342.0	1.0
2344.0	1.0
2346.0	1.0
2347.0	2.0
2348.0	1.0
2354.0	1.0
2356.0	2.0
2359.0	1.0
2360.0	1.0
2362.0	1.0
2363.0	1.0
2364.0	1.0
2366.0	1.0
2367.0	1.0
2368.0	1.0
2371.0	1.0
2375.0	1.0
2377.0	1.0
2383.0	1.0
2384.0	1.0
2386.0	1.0
2388.0	2.0
2389.0	1.0
2390.0	3.0
2391.0	4.0
2392.0	1.0
2393.0	1.0
2394.0	1.0
2395.0	2.0
2396.0	4.0
2397.0	3.0
2398.0	3.0
2400.0	1.0
2401.0	3.0
2404.0	1.0
2407.0	1.0
2410.0	1.0
2411.0	2.0
2412.0	3.0
2413.0	2.0
2414.0	1.0
2415.0	2.0
2416.0	3.0
2417.0	2.0
2419.0	1.0
2420.0	3.0
2421.0	2.0
2422.0	2.0
2423.0	2.0
2424.0	1.0
2425.0	2.0
2426.0	1.0
2427.0	2.0
2428.0	1.0
2429.0	3.0
2431.0	3.0
2432.0	3.0
2434.0	2.0
2435.0	2.0
2436.0	4.0
2437.0	2.0
2438.0	2.0
2439.0	1.0
2440.0	1.0
2444.0	1.0
2445.0	1.0
2448.0	1.0
2449.0	1.0
2451.0	1.0
2453.0	2.0
2454.0	2.0
2455.0	1.0
2458.0	3.0
2459.0	2.0
2461.0	2.0
2464.0	1.0
2466.0	2.0
2469.0	2.0
2470.0	1.0
2472.0	1.0
2473.0	2.0
2474.0	1.0
2475.0	1.0
2476.0	1.0
2481.0	1.0
2482.0	2.0
2483.0	1.0
2486.0	2.0
2487.0	1.0
2488.0	1.0
2490.0	3.0
2494.0	1.0
2495.0	1.0
2497.0	3.0
2498.0	1.0
2499.0	3.0
2500.0	2.0
2501.0	3.0
2502.0	1.0
2503.0	1.0
2504.0	2.0
2505.0	2.0
2506.0	1.0
2507.0	1.0
2508.0	1.0
2509.0	1.0
2511.0	1.0
2512.0	1.0
2514.0	1.0
2516.0	2.0
2517.0	1.0
2518.0	1.0
2519.0	1.0
2520.0	1.0
2521.0	4.0
2522.0	1.0
2525.0	1.0
2527.0	1.0
2528.0	3.0
2531.0	1.0
2532.0	1.0
2536.0	1.0
2537.0	1.0
2538.0	1.0
2539.0	1.0
2541.0	1.0
2542.0	2.0
2545.0	1.0
2546.0	1.0
2548.0	3.0
2549.0	1.0
2550.0	2.0
2551.0	1.0
2554.0	1.0
2559.0	1.0
2560.0	1.0
2562.0	2.0
2563.0	2.0
2564.0	1.0
2568.0	1.0
2572.0	3.0
2573.0	1.0
2574.0	2.0
2576.0	1.0
2577.0	2.0
2581.0	1.0
2584.0	2.0
2585.0	1.0
2587.0	1.0
2589.0	1.0
2590.0	1.0
2591.0	1.0
2592.0	1.0
2593.0	1.0
2597.0	1.0
2599.0	1.0
2601.0	1.0
2602.0	2.0
2605.0	1.0
2609.0	1.0
2610.0	1.0
2612.0	1.0
2615.0	1.0
2616.0	1.0
2619.0	1.0
2620.0	2.0
2622.0	1.0
2623.0	1.0
2624.0	1.0
2625.0	5.0
2626.0	2.0
2627.0	1.0
2628.0	3.0
2629.0	1.0
2631.0	1.0
2632.0	1.0
2633.0	1.0
2634.0	2.0
2635.0	1.0
2636.0	3.0
2640.0	2.0
2642.0	2.0
2643.0	1.0
2644.0	1.0
2646.0	1.0
2647.0	2.0
2650.0	1.0
2652.0	1.0
2653.0	1.0
2654.0	3.0
2656.0	1.0
2658.0	2.0
2660.0	1.0
2661.0	3.0
2662.0	3.0
2663.0	3.0
2664.0	4.0
2666.0	2.0
2667.0	1.0
2668.0	2.0
2669.0	1.0
2670.0	1.0
2672.0	3.0
2673.0	3.0
2674.0	4.0
2675.0	1.0
2676.0	4.0
2677.0	1.0
2678.0	2.0
2679.0	2.0
2680.0	2.0
2681.0	3.0
2682.0	1.0
2683.0	2.0
2684.0	1.0
2687.0	2.0
2690.0	2.0
2691.0	4.0
2692.0	1.0
2694.0	2.0
2697.0	4.0
2698.0	3.0
2701.0	3.0
2702.0	1.0
2703.0	1.0
2706.0	2.0
2707.0	2.0
2708.0	2.0
2710.0	2.0
2711.0	3.0
2712.0	3.0
2714.0	2.0
2715.0	4.0
2716.0	1.0
2717.0	4.0
2719.0	1.0
2725.0	1.0
2728.0	3.0
2731.0	1.0
2732.0	2.0
2733.0	2.0
2734.0	1.0
2737.0	3.0
2738.0	2.0
2741.0	1.0
2742.0	1.0
2743.0	1.0
2746.0	1.0
2747.0	2.0
2748.0	1.0
2749.0	3.0
2750.0	1.0
2751.0	4.0
2752.0	2.0
2753.0	1.0
2754.0	2.0
2757.0	4.0
2759.0	2.0
2760.0	1.0
2762.0	1.0
2764.0	1.0
2766.0	4.0
2767.0	1.0
2768.0	2.0
2769.0	1.0
2772.0	1.0
2773.0	2.0
2774.0	1.0
2775.0	1.0
2776.0	1.0
2777.0	1.0
2780.0	1.0
2781.0	2.0
2782.0	2.0
2783.0	2.0
2784.0	4.0
2785.0	2.0
2788.0	2.0
2789.0	3.0
2790.0	1.0
2793.0	2.0
2794.0	1.0
2795.0	3.0
2797.0	1.0
2798.0	2.0
2799.0	1.0
2800.0	1.0
2802.0	1.0
2803.0	2.0
2804.0	1.0
2806.0	1.0
2810.0	2.0
2811.0	2.0
2812.0	1.0
2813.0	2.0
2814.0	2.0
2815.0	2.0
2817.0	3.0
2819.0	1.0
2820.0	2.0
2824.0	2.0
2825.0	1.0
2826.0	2.0
2828.0	1.0
2829.0	1.0
2830.0	4.0
2831.0	1.0
2832.0	2.0
2833.0	1.0
2834.0	2.0
2835.0	1.0
2836.0	1.0
2837.0	1.0
2839.0	1.0
2840.0	1.0
2842.0	1.0
2844.0	1.0
2845.0	3.0
2847.0	1.0
2852.0	1.0
2853.0	1.0
2854.0	2.0
2855.0	1.0
2856.0	2.0
2857.0	1.0
2858.0	2.0
2860.0	1.0
2861.0	1.0
2865.0	3.0
2866.0	1.0
2868.0	3.0
2869.0	2.0
2870.0	1.0
2871.0	1.0
2873.0	1.0
2874.0	3.0
2876.0	1.0
2877.0	2.0
2878.0	1.0
2881.0	2.0
2882.0	1.0
2883.0	2.0
2884.0	1.0
2885.0	2.0
2886.0	3.0
2890.0	1.0
2892.0	1.0
2894.0	1.0
2896.0	1.0
2897.0	1.0
2898.0	1.0
2899.0	1.0
2900.0	1.0
2901.0	1.0
2902.0	1.0
2903.0	1.0
2905.0	1.0
2908.0	2.0
2909.0	1.0
2912.0	1.0
2914.0	1.0
2916.0	1.0
2918.0	1.0
2919.0	1.0
2923.0	2.0
2924.0	1.0
2927.0	1.0
2930.0	2.0
2931.0	1.0
2934.0	1.0
2936.0	1.0
2937.0	1.0
2943.0	2.0
2945.0	1.0
2947.0	1.0
2948.0	1.0
2949.0	1.0
2950.0	1.0
2952.0	1.0
2954.0	1.0
2959.0	3.0
2960.0	2.0
2961.0	2.0
2963.0	1.0
2966.0	1.0
2967.0	1.0
2970.0	5.0
2971.0	1.0
2973.0	1.0
2977.0	1.0
2979.0	1.0
2980.0	1.0
2981.0	1.0
2985.0	1.0
2986.0	4.0
2989.0	2.0
2990.0	3.0
2991.0	1.0
2994.0	1.0
2995.0	2.0
2996.0	2.0
2998.0	1.0
2999.0	1.0
3001.0	1.0
3003.0	3.0
3004.0	1.0
3005.0	2.0
3006.0	2.0
3007.0	2.0
3008.0	1.0
3011.0	1.0
3012.0	3.0
3013.0	1.0
3017.0	1.0
3018.0	2.0
3020.0	1.0
3021.0	1.0
3022.0	2.0
3023.0	1.0
3025.0	1.0
3026.0	3.0
3027.0	3.0
3029.0	2.0
3030.0	1.0
3031.0	2.0
3032.0	1.0
3033.0	2.0
3034.0	1.0
3035.0	2.0
3037.0	1.0
3038.0	1.0
3039.0	2.0
3040.0	1.0
3042.0	1.0
3043.0	2.0
3044.0	2.0
3045.0	1.0
3046.0	1.0
3047.0	1.0
3048.0	2.0
3051.0	1.0
3052.0	2.0
3053.0	1.0
3054.0	1.0
3055.0	2.0
3056.0	2.0
3057.0	2.0
3059.0	1.0
3062.0	1.0
3063.0	1.0
3064.0	2.0
3065.0	1.0
3066.0	3.0
3071.0	2.0
3072.0	3.0
3073.0	1.0
3074.0	1.0
3075.0	1.0
3076.0	2.0
3078.0	1.0
3080.0	1.0
3081.0	2.0
3082.0	2.0
3083.0	1.0
3085.0	1.0
3088.0	1.0
3089.0	1.0
3090.0	1.0
3094.0	1.0
3097.0	2.0
3102.0	1.0
3104.0	1.0
3106.0	1.0
3109.0	1.0
3111.0	1.0
3112.0	1.0
3115.0	1.0
3116.0	2.0
3117.0	1.0
3119.0	1.0
3121.0	2.0
3123.0	1.0
3125.0	1.0
3131.0	1.0
3132.0	1.0
3134.0	2.0
3136.0	1.0
3137.0	1.0
3145.0	1.0
3146.0	1.0
3147.0	1.0
3148.0	2.0
3150.0	3.0
3163.0	1.0
3165.0	1.0
3166.0	1.0
3170.0	1.0
3172.0	1.0
3177.0	1.0
3180.0	1.0
3182.0	1.0
3183.0	2.0
3185.0	1.0
3186.0	2.0
3189.0	1.0
3190.0	1.0
3198.0	1.0
3206.0	1.0
3214.0	1.0
3215.0	2.0
3236.0	1.0
3239.0	1.0
3240.0	2.0
3243.0	2.0
3250.0	1.0
3251.0	1.0
3253.0	1.0
3260.0	1.0
3261.0	1.0
3274.0	1.0
3276.0	1.0
3277.0	1.0
3281.0	1.0
3285.0	1.0
3286.0	1.0
3287.0	1.0
3291.0	1.0
3292.0	1.0
3317.0	1.0
3323.0	1.0
3324.0	1.0
3328.0	2.0
3330.0	2.0
3333.0	1.0
3334.0	1.0
3338.0	1.0
3339.0	1.0
3343.0	1.0
3344.0	1.0
3346.0	1.0
3347.0	1.0
3350.0	1.0
3359.0	1.0
3363.0	1.0
3364.0	1.0
3367.0	1.0
3369.0	1.0
3375.0	1.0
3389.0	2.0
3392.0	1.0
3397.0	1.0
3398.0	1.0
3407.0	1.0
3411.0	3.0
3414.0	1.0
3415.0	2.0
3417.0	1.0
3426.0	1.0
3428.0	1.0
3431.0	1.0
3432.0	2.0
3435.0	1.0
3436.0	1.0
3438.0	1.0
3441.0	1.0
3448.0	1.0
3456.0	1.0
3459.0	1.0
3464.0	1.0
3466.0	1.0
3475.0	1.0
3499.0	1.0
3516.0	1.0
3567.0	1.0
3672.0	1.0
3680.0	1.0
3686.0	1.0
3731.0	1.0
3738.0	1.0
3777.0	1.0
3803.0	1.0
3806.0	1.0
3808.0	1.0
3824.0	1.0
3830.0	2.0
3845.0	1.0
3867.0	1.0
3906.0	1.0
3927.0	1.0
3939.0	1.0
3940.0	1.0
3941.0	1.0
3942.0	1.0
3948.0	1.0
3951.0	1.0
3952.0	1.0
3955.0	1.0
3959.0	1.0
3967.0	1.0
3977.0	1.0
3983.0	1.0
3990.0	1.0
4000.0	1.0
4002.0	1.0
4005.0	1.0
4010.0	1.0
4021.0	1.0
4064.0	1.0
4070.0	1.0
4261.0	1.0
4298.0	1.0
4346.0	1.0
4358.0	1.0
4370.0	1.0
4373.0	1.0
4375.0	1.0
4389.0	1.0
4392.0	1.0
4406.0	1.0
4410.0	1.0
4412.0	1.0
4424.0	1.0
4430.0	1.0
4435.0	1.0
4448.0	1.0
4455.0	1.0
4464.0	1.0
4476.0	1.0
4478.0	1.0
4483.0	2.0
4484.0	1.0
4485.0	1.0
4486.0	1.0
4488.0	3.0
4489.0	2.0
4491.0	1.0
4493.0	1.0
4494.0	1.0
4496.0	1.0
4498.0	1.0
4500.0	2.0
4501.0	2.0
4502.0	1.0
4506.0	2.0
4509.0	1.0
4510.0	1.0
4519.0	1.0
4520.0	1.0
4527.0	1.0
4539.0	1.0
4545.0	1.0
4546.0	1.0
4558.0	1.0
4570.0	1.0
4581.0	2.0
4582.0	1.0
4583.0	2.0
4585.0	1.0
4586.0	1.0
4589.0	1.0
4596.0	1.0
4601.0	2.0
4605.0	2.0
4613.0	1.0
4631.0	1.0
4638.0	1.0
4639.0	1.0
4642.0	1.0
4656.0	1.0
4657.0	1.0
4660.0	1.0
4661.0	2.0
4663.0	1.0
4666.0	1.0
4680.0	2.0
4691.0	1.0
4701.0	1.0
4702.0	2.0
4706.0	1.0
4707.0	1.0
4711.0	1.0
4712.0	1.0
4718.0	1.0
4722.0	1.0
4752.0	1.0
4757.0	1.0
4781.0	1.0
4782.0	1.0
4811.0	1.0
4814.0	1.0
4820.0	1.0
4821.0	1.0
4828.0	1.0
4851.0	1.0
4857.0	1.0
4901.0	1.0
4923.0	1.0
4930.0	1.0
4934.0	2.0
4935.0	1.0
4944.0	1.0
4952.0	1.0
4954.0	1.0
4965.0	1.0
4970.0	1.0
4971.0	1.0
4981.0	1.0
4984.0	1.0
