# Position (bp)	A	C	G	T	N
0.0	26.184949473593953	22.66017433158176	34.905284286377494	16.24812625977084	0.0014656486759513068
1.0	22.97390039683071	19.75644506231631	12.287511570410487	44.98205484850429	8.812193820325713E-5
2.0	31.93012690555029	20.77940173840466	13.46807812249247	33.822185265535296	2.079680172918474E-4
3.0	21.031214321549424	23.48071307695431	10.250773699781774	45.23688598655411	4.129151603865712E-4
4.0	40.72814575924145	9.71574222881495	9.882890255552471	39.67293076648282	2.9098990829880966E-4
5.0	44.89743214979393	10.28991758253926	23.402865719603472	21.401471596791882	0.008312951271455676
6.0	35.05051936469576	13.892685277977426	21.234832947094468	29.82175875444118	2.036557911645632E-4
7.0	40.692127435202906	15.30517996209722	20.087002187739696	23.91567350162664	1.6913333541931114E-5
8.0	18.828260980627316	32.66400567740656	22.933859528700392	25.57377264778885	1.0116547687635404E-4
9.0	29.973955207395026	19.875865259723337	12.718288212226392	37.43189132065524	0.0
10.0	27.531024553763768	14.84157721042716	28.497644806117705	29.12975342969137	0.0
11.0	27.28777293072881	18.333481575900976	18.362288562071615	36.0164569312986	0.0
12.0	25.09613029196027	20.611695319960997	23.440216288362695	30.851958099716033	0.0
13.0	23.758496411143213	26.54027419062135	18.434170248093626	31.26705915014181	0.0
14.0	33.05500486824543	20.459108397607224	20.19538688115707	26.29046666794982	3.318504044924581E-5
15.0	33.09552018151128	18.83697650237896	19.344282536854585	28.723220779255172	0.0
16.0	32.131619439141105	18.44791867726053	18.37840613520008	31.04205574839828	0.0
17.0	32.16160640516967	18.186156173448747	18.57898475003525	31.07321972836536	3.294298097081647E-5
18.0	31.691490407099703	18.29774619345395	19.143141381113406	30.867622018332945	0.0
19.0	31.13704079802507	18.871303932122096	19.10020201132588	30.89145325852695	0.0
20.0	30.878361568142125	18.9875838158269	19.225416055115577	30.908638560915396	0.0
21.0	30.601829833752074	19.2076236871062	19.245847229217542	30.94465028723148	4.8962692713078294E-5
22.0	30.819048344882482	19.241009837295742	19.038394896227018	30.90149806732509	4.8854269667751884E-5
23.0	31.026687675662867	19.11720618265055	19.20308264825796	30.65302349342862	0.0
24.0	30.67597939819191	19.251334470672127	19.189073764992425	30.88302867202779	5.836941157471917E-4
25.0	30.85935205981663	19.301661485058542	19.126953093085973	30.712033362038856	0.0
26.0	31.06264879008948	19.08169585872999	19.28852286098633	30.566971057941426	1.6143225277578724E-4
27.0	30.821671100881666	19.206003813274553	19.29033336834312	30.68199171750066	0.0
28.0	30.99647896437216	19.221835532928992	19.24030638138074	30.54123444104303	1.4468027507899946E-4
29.0	31.041362602232226	19.073755430648283	19.443862473093407	30.441019494026083	0.0
30.0	30.696880144402716	19.295402751195752	19.400528285429115	30.606804564811345	3.842541610722997E-4
31.0	30.838174756549304	19.41471164143502	19.110180555071743	30.636933046943938	0.0
32.0	30.940441841134437	19.28069562133152	19.230458854652753	30.54822825290241	1.7542997887823054E-4
33.0	30.664305498073922	19.252475247524753	19.32918404380631	30.753732768775272	3.0244181974467543E-4
34.0	30.70462129340163	19.34907144685372	19.257812059362454	30.68657277944096	0.0019224209412331806
35.0	30.902194027959517	19.08734704312044	19.404032943960917	30.602159947234348	0.004266037724777766
36.0	30.81113658667326	19.239514628536384	19.380062054268908	30.565867239199275	0.0034194913221700664
37.0	30.770117007945768	19.331557913931192	19.326279383752144	30.569042937682212	0.0030027566886800337
38.0	30.90473982262961	19.228074172612594	19.348399628830837	30.515804273746884	0.0029821021800744765
39.0	30.778602510092462	19.297302653270222	19.362992085919885	30.557463839700137	0.0036389110172835673
40.0	30.73471066515989	19.18803953164112	19.346990261790562	30.720916900036098	0.00934264137233021
41.0	30.916527874951612	19.174819452983964	19.305059870858923	30.5941070647535	0.009485736452004765
42.0	30.682828619918194	19.305958546703884	19.368891554180255	30.632096429739757	0.010224849457910473
43.0	30.642395503654296	19.47092142826941	19.285207567616663	30.589996601744858	0.011478898714770508
44.0	30.928606011927773	19.276023350110282	19.325143780080595	30.456199151519247	0.014027706362104361
45.0	30.674433211803425	19.324567313233267	19.36649841130331	30.618165894728428	0.016335168931570634
46.0	30.751323668953933	19.371467018854833	19.245369888036354	30.61777144493431	0.014067979220565326
47.0	30.957572034300263	19.26465129559013	19.31790763490918	30.445616461208935	0.014252573991497989
48.0	30.649795147480592	19.267447079441705	19.343616278988364	30.719663586035335	0.019477908054006076
49.0	30.704805661243412	19.495983136351473	19.19944595841456	30.582579637262498	0.017185606728056264
50.0	30.848413914079455	19.237951146663224	19.375495790081608	30.52098875073549	0.017150398440229465
51.0	30.59152870821149	19.387068021778155	19.365036839826175	30.63711046397421	0.01925596620996538
52.0	30.74273784051476	19.387555495668376	19.287905293587865	30.565213653967227	0.016587716261769962
53.0	30.82801568172134	19.274954023369094	19.366922757712825	30.521381028756323	0.008726508440421311
54.0	30.63079579196385	19.290021812450643	19.343923035175223	30.72558280020794	0.009676560202348312
55.0	30.712631039233006	19.45849986718475	19.273886668437537	30.54560813941277	0.009374285731935581
56.0	30.85107367884407	19.187625235271806	19.347775167332685	30.606320020269095	0.007205898282342217
57.0	30.686393263763918	19.401150486913455	19.338666587733144	30.570952988150257	0.0028366734392245027
58.0	30.585949113404986	19.4868516518811	19.32094724178142	30.603787303460273	0.0024646894722329627
59.0	30.87130605091433	19.25874583130536	19.321870789168184	30.546522678345323	0.0015546502667995352
60.0	30.650429901234773	19.383755164482846	19.409272835585444	30.554957818935897	0.0015842797610413917
61.0	30.622751634071317	19.37225285113243	19.38321224205467	30.620200078821536	0.001583193920043481
62.0	30.940809989903123	19.253024570298958	19.26543637238663	30.54008389948099	6.451679302997435E-4
63.0	30.58974884493541	19.41555535597636	19.32910686007426	30.665481473293614	1.0746572035423771E-4
64.0	30.65540516695079	19.359110291398594	19.271802724793968	30.71357440860248	1.0740825417089267E-4
65.0	30.87383060178515	19.304107797358196	19.29967544109613	30.522340149141886	4.601061863730657E-5
66.0	30.66638336282882	19.334398482178226	19.351706384393026	30.64732780706886	1.8396353106960077E-4
67.0	30.752275992781552	19.52135804376183	19.15084260158296	30.575492712900033	3.064897362717118E-5
68.0	30.836299597478618	19.30921534373022	19.502065916935617	30.352419141855545	0.0
69.0	30.586322760074005	19.42634248538979	19.40964947746291	30.577103318998788	5.819580745151369E-4
70.0	30.701023780842185	19.453321117615683	19.277265965610223	30.568373825456913	1.5310474998300537E-5
71.0	30.88961822509854	19.305402930192667	19.383454252419416	30.42126437019134	2.602220980299503E-4
72.0	30.682674904337176	19.40473096714574	19.373922348813554	30.538671779703535	0.0
73.0	30.606686329491005	19.53265874940336	19.228059940956435	30.632594980149197	0.0
74.0	30.958812714186358	19.23317936527004	19.32323423217323	30.484773688370375	0.0
75.0	30.67044471369771	19.371820363932617	19.3058978605179	30.651821759506504	1.530234526804047E-5
76.0	30.729661390580787	19.409605423700594	19.209454809560032	30.651278376158587	0.0
77.0	30.794620040884897	19.36904045682606	19.309505287228117	30.526834215060926	0.0
78.0	30.556304344265445	19.450821266864775	19.267928029949914	30.724915744049277	3.061487059170738E-5
79.0	30.39612247869481	19.680652920841187	19.26596318179793	30.657169554592446	9.186407362966744E-5
80.0	30.697760466008805	19.375704286071777	19.288548166811697	30.63797176637933	1.531472838869761E-5
81.0	30.509828095455987	19.530590926561466	19.21641479521565	30.743135544887785	3.063787911120126E-5
82.0	30.536765522816346	19.708787482903546	19.104203142299987	30.650243851980125	0.0
83.0	30.791141122818594	19.53385852458745	19.051004095608764	30.62376630440448	2.2995258071182282E-4
84.0	30.44794299339578	19.591572502000314	19.14424145048938	30.815920979438292	3.220746762344317E-4
85.0	30.557115112818263	19.627497424876438	19.098540269746206	30.716647719260664	1.99473298427552E-4
86.0	30.731813809220128	19.49337289708808	19.145613879410583	30.629030539603725	1.688746774877466E-4
87.0	30.343580281276477	19.66431522037666	19.207374582874813	30.78391578786968	8.141276023665615E-4
88.0	30.396466832905745	19.897766501160255	19.012399685146892	30.693013455036365	3.535257507388304E-4
89.0	30.511985025351233	19.846023820088885	19.126960750762688	30.514845835406522	1.8456839066360796E-4
90.0	30.41897857877376	19.759481616575858	19.25266051066598	30.567863435353757	0.001015858630650271
91.0	30.432726565843062	19.874251347582053	19.188499441928357	30.50386029077643	6.623538701028558E-4
92.0	30.598801564410135	19.84870791254226	19.271904902116454	30.280030646899313	5.549740318400935E-4
93.0	30.337403192904123	19.930786002719618	19.18487395346964	30.546705407249032	2.3144365758744057E-4
94.0	30.27936201242446	20.088680421248213	19.137573406189254	30.493874555794882	5.096043431879489E-4
95.0	30.5229139642809	19.8586247788114	19.25116761613406	30.36713907152105	1.5456925258965326E-4
96.0	30.279118205367862	20.042875804211427	19.253977716402364	30.423641475842366	3.867981759835775E-4
97.0	30.335784673578985	20.052251274455323	19.269612735322777	30.341669872551368	6.814440915390044E-4
98.0	30.39276453259157	19.905643616208177	19.33591164092545	30.365416653618027	2.635566567745068E-4
99.0	30.254757101702634	19.916909217834178	19.422862210347034	30.404664431998814	8.070381173414798E-4
100.0	30.159045849207878	20.116534180251964	19.34557511948638	30.378067956518766	7.768945350130829E-4
101.0	30.279780775052995	20.02456954679811	19.422806992162602	30.271924867029032	9.178189572549933E-4
102.0	30.132750392503798	20.01513943230244	19.46063436090413	30.39047897924091	9.968350487203131E-4
103.0	30.12913305467467	20.22154517379985	19.415949044204545	30.23231223992716	0.0010604873937680147
104.0	30.317724365926203	20.075384758805782	19.414198774599477	30.19248910086233	2.029998062132619E-4
105.0	30.073805007794874	20.117259269799522	19.518563054026203	30.29024757514585	1.250932335506307E-4
106.0	30.08873225057481	20.133035742806126	19.489997814106342	30.28792102723223	3.131652804927468E-4
107.0	30.261102124555546	20.02213117890159	19.614364913253432	30.101460965141435	9.408181480057478E-4
108.0	29.98742504965284	20.0875410004937	19.68157173060713	30.24247293119455	9.89288051787188E-4
109.0	30.00623707685853	20.214875632750346	19.547134121371062	30.231076935270906	6.762337491594257E-4
110.0	30.093503076604666	20.116297641064996	19.63487429755349	30.15507297190277	2.5201287407767225E-4
111.0	30.01072141085942	20.13549111981319	19.568120872390914	30.285256419357985	4.101775784945789E-4
112.0	30.061415516491902	20.134846459628626	19.5912763957386	30.21208239321258	3.7923492829536586E-4
113.0	30.256550521605718	20.009186883270708	19.725001317725763	30.009245448860135	1.582853768212909E-5
114.0	30.177737623027657	20.066129545791846	19.752717422327194	30.00335198436206	6.342449124044351E-5
115.0	29.95625364466916	20.401092713711645	19.57766554681038	30.064956324333973	3.1770474839928434E-5
116.0	30.204701351200804	20.141677144175834	19.729966737224068	29.922922668024764	7.320993745324909E-4
117.0	30.00901544169446	20.135129575846907	19.75789696246266	30.09763911508991	3.189049060649654E-4
118.0	30.003640949062337	20.17946891350022	19.770561097569605	30.046185255130837	1.4378473699455072E-4
119.0	30.0956789140308	20.10099165248576	19.82485410778408	29.978347269334073	1.2805636528974592E-4
120.0	29.89447397775926	20.223048923368335	19.922453329655145	29.959879421744024	1.443474732375775E-4
121.0	29.904874345999076	20.23742519791594	19.98955012836531	29.867025303089672	0.001125024630003507
122.0	30.080149353583852	20.092064012544053	20.013003373404253	29.813752524899513	0.0010307355683330977
123.0	29.85076891195456	20.12626476187648	20.1113681216418	29.909742176762272	0.0018560277648842127
124.0	29.873794636069857	20.14302627620585	20.124038054079232	29.857378072646934	0.0017629609981270563
125.0	29.96780907181203	20.156707902175885	20.176725926502243	29.69664993905444	0.0021071604554060014
126.0	29.798467367600296	20.17173280052631	20.297364798187157	29.728520201589486	0.003914832096749959
127.0	29.779987011805126	20.290497307204344	20.247566911263018	29.678936967206027	0.003011802521481071
128.0	29.856639742599278	20.118160244021624	20.32535672825673	29.69729799403325	0.0025452910891153725
129.0	29.658981834712066	20.299566184995204	20.345220594848183	29.69474336563917	0.001488019805380091
130.0	29.82617125241429	20.20138666386963	20.388498605715295	29.583582922450237	3.605555505478396E-4
131.0	29.734619944866076	20.14374178058722	20.5455176829691	29.575890620498114	2.2997107949410304E-4
132.0	29.63078583760847	20.19180392703113	20.608977303673964	29.567856657140023	5.762745464143045E-4
133.0	29.558513327219156	20.29619380040834	20.635499322428707	29.509612006058283	1.8154388551116404E-4
134.0	29.72593715371561	20.137360646641277	20.753951591903153	29.381757974074397	9.92633665567821E-4
135.0	29.536878227502054	20.19717676387579	20.834492848706212	29.430805374225226	6.467856907123896E-4
136.0	29.54087774589648	20.295357239816784	20.841639621873306	29.321543515808173	5.818766052520847E-4
137.0	29.63377153107436	20.061108910224434	20.914377026943022	29.39034253889139	3.999928667938755E-4
138.0	29.41426220477138	20.072112552927738	21.082620654186073	29.43008559501712	9.189930976934778E-4
139.0	29.42433168208607	20.285146296286058	21.056376097739367	29.23384438740938	3.015364791294039E-4
140.0	29.598551425730335	20.091526915531187	21.207772313150045	29.10208215754253	6.718804590287295E-5
141.0	29.43886506281437	20.129300905914892	21.224012640359536	29.207652942623145	1.6844828806004844E-4
142.0	29.43100021203282	20.14490880476846	21.311596167865794	29.11235965496938	1.3516036354758784E-4
143.0	29.442921860510367	20.05319598833363	21.439386761311138	29.061918984598012	0.002576405246849285
144.0	29.18348985846409	20.117283299715297	21.52927490484338	29.169883907221017	6.80297562153686E-5
145.0	29.291916625932775	20.126526325817753	21.576470760976253	29.00508628727322	0.0
146.0	29.383619486158796	20.01966319274442	21.645969517417747	28.950713481471414	3.4322207618122883E-5
147.0	29.221263429210136	20.038297981859415	21.791710590794562	28.948693451877666	3.4546258217043434E-5
148.0	29.125918207976515	20.130595437649035	21.79471969226005	28.9486787806054	8.788150900987595E-5
149.0	29.120963156427297	20.31288533465251	22.33437150340247	28.231743415877126	3.6589640594596294E-5
