#Insert size (bp)	insert size
141.0	1.0
142.0	1.0
144.0	1.0
146.0	2.0
147.0	1.0
148.0	5.0
149.0	34.0
150.0	9935.0
151.0	19449.0
152.0	19288.0
153.0	19701.0
154.0	19697.0
155.0	19334.0
156.0	20012.0
157.0	19581.0
158.0	19285.0
159.0	19493.0
160.0	19124.0
161.0	19491.0
162.0	19046.0
163.0	19493.0
164.0	19327.0
165.0	19299.0
166.0	19443.0
167.0	19563.0
168.0	19655.0
169.0	19346.0
170.0	19170.0
171.0	19400.0
172.0	18973.0
173.0	19285.0
174.0	19200.0
175.0	19325.0
176.0	19557.0
177.0	19554.0
178.0	19124.0
179.0	18973.0
180.0	18790.0
181.0	18877.0
182.0	18903.0
183.0	19042.0
184.0	18984.0
185.0	19095.0
186.0	19219.0
187.0	18889.0
188.0	19209.0
189.0	19022.0
190.0	19000.0
191.0	18929.0
192.0	18898.0
193.0	18550.0
194.0	18585.0
195.0	18926.0
196.0	18941.0
197.0	19065.0
198.0	18796.0
199.0	18922.0
200.0	18878.0
201.0	18543.0
202.0	18408.0
203.0	18159.0
204.0	18327.0
205.0	18309.0
206.0	18631.0
207.0	18602.0
208.0	18910.0
209.0	18413.0
210.0	18478.0
211.0	18304.0
212.0	18331.0
213.0	17938.0
214.0	18078.0
215.0	17993.0
216.0	18115.0
217.0	18126.0
218.0	18219.0
219.0	18146.0
220.0	18210.0
221.0	17903.0
222.0	18030.0
223.0	17468.0
224.0	17366.0
225.0	17381.0
226.0	17492.0
227.0	17499.0
228.0	17722.0
229.0	17747.0
230.0	17496.0
231.0	17578.0
232.0	17345.0
233.0	16870.0
234.0	16676.0
235.0	16279.0
236.0	16731.0
237.0	16591.0
238.0	16605.0
239.0	16538.0
240.0	16707.0
241.0	16894.0
242.0	16402.0
243.0	16371.0
244.0	15918.0
245.0	15790.0
246.0	15585.0
247.0	15519.0
248.0	15556.0
249.0	15685.0
250.0	15522.0
251.0	15466.0
252.0	15195.0
253.0	15107.0
254.0	15165.0
255.0	14551.0
256.0	14257.0
257.0	13881.0
258.0	13920.0
259.0	13768.0
260.0	13775.0
261.0	13595.0
262.0	13356.0
263.0	12627.0
264.0	11562.0
265.0	10337.0
266.0	9484.0
267.0	9352.0
268.0	8993.0
269.0	8709.0
270.0	9027.0
271.0	7362.0
272.0	7382.0
273.0	7225.0
274.0	7119.0
275.0	7190.0
276.0	7197.0
277.0	7146.0
278.0	7277.0
279.0	7221.0
280.0	7050.0
281.0	6985.0
282.0	7090.0
283.0	7111.0
284.0	7043.0
285.0	6977.0
286.0	7052.0
287.0	6853.0
288.0	6922.0
289.0	6868.0
290.0	6770.0
291.0	6783.0
292.0	6673.0
293.0	6878.0
294.0	6689.0
295.0	6635.0
296.0	6584.0
297.0	6628.0
298.0	6631.0
299.0	6529.0
300.0	6624.0
301.0	6414.0
302.0	6327.0
303.0	6533.0
304.0	6146.0
305.0	6378.0
306.0	6316.0
307.0	6235.0
308.0	6403.0
309.0	6521.0
310.0	6301.0
311.0	6252.0
312.0	6332.0
313.0	6224.0
314.0	6094.0
315.0	6079.0
316.0	5867.0
317.0	6170.0
318.0	5968.0
319.0	5957.0
320.0	5937.0
321.0	5953.0
322.0	5900.0
323.0	5946.0
324.0	5707.0
325.0	5742.0
326.0	5677.0
327.0	5707.0
328.0	5778.0
329.0	5698.0
330.0	5689.0
331.0	5639.0
332.0	5744.0
333.0	5590.0
334.0	5408.0
335.0	5679.0
336.0	5417.0
337.0	5575.0
338.0	5410.0
339.0	5505.0
340.0	5427.0
341.0	5346.0
342.0	5214.0
343.0	5262.0
344.0	5246.0
345.0	5380.0
346.0	5279.0
347.0	5337.0
348.0	5192.0
349.0	5311.0
350.0	5383.0
351.0	5234.0
352.0	5134.0
353.0	5013.0
354.0	5115.0
355.0	5061.0
356.0	4935.0
357.0	5063.0
358.0	4996.0
359.0	4968.0
360.0	4721.0
361.0	4828.0
362.0	4833.0
363.0	4856.0
364.0	4901.0
365.0	4696.0
366.0	4775.0
367.0	4624.0
368.0	4572.0
369.0	4756.0
370.0	4663.0
371.0	4624.0
372.0	4613.0
373.0	4504.0
374.0	4475.0
375.0	4521.0
376.0	4403.0
377.0	4573.0
378.0	4441.0
379.0	4399.0
380.0	4329.0
381.0	4418.0
382.0	4231.0
383.0	4364.0
384.0	4179.0
385.0	4291.0
386.0	4260.0
387.0	4053.0
388.0	4146.0
389.0	4229.0
390.0	4176.0
391.0	4178.0
392.0	4038.0
393.0	3953.0
394.0	4004.0
395.0	3940.0
396.0	3966.0
397.0	3900.0
398.0	3949.0
399.0	3981.0
400.0	3824.0
401.0	3870.0
402.0	3864.0
403.0	3905.0
404.0	3808.0
405.0	3716.0
406.0	3720.0
407.0	3627.0
408.0	3733.0
409.0	3654.0
410.0	3657.0
411.0	3552.0
412.0	3534.0
413.0	3515.0
414.0	3527.0
415.0	3526.0
416.0	3478.0
417.0	3388.0
418.0	3514.0
419.0	3439.0
420.0	3438.0
421.0	3280.0
422.0	3370.0
423.0	3242.0
424.0	3227.0
425.0	3238.0
426.0	3326.0
427.0	3099.0
428.0	3203.0
429.0	3168.0
430.0	3303.0
431.0	3073.0
432.0	3145.0
433.0	3069.0
434.0	3079.0
435.0	2980.0
436.0	3041.0
437.0	2957.0
438.0	2918.0
439.0	2851.0
440.0	2921.0
441.0	2833.0
442.0	2890.0
443.0	2854.0
444.0	2809.0
445.0	2817.0
446.0	2788.0
447.0	2772.0
448.0	2670.0
449.0	2793.0
450.0	2673.0
451.0	2752.0
452.0	2703.0
453.0	2671.0
454.0	2575.0
455.0	2594.0
456.0	2551.0
457.0	2578.0
458.0	2582.0
459.0	2545.0
460.0	2574.0
461.0	2542.0
462.0	2502.0
463.0	2469.0
464.0	2339.0
465.0	2428.0
466.0	2334.0
467.0	2340.0
468.0	2340.0
469.0	2255.0
470.0	2263.0
471.0	2314.0
472.0	2234.0
473.0	2307.0
474.0	2268.0
475.0	2199.0
476.0	2152.0
477.0	2224.0
478.0	2111.0
479.0	2090.0
480.0	2087.0
481.0	2098.0
482.0	2074.0
483.0	2049.0
484.0	2080.0
485.0	1983.0
486.0	1955.0
487.0	1959.0
488.0	1934.0
489.0	1863.0
490.0	1958.0
491.0	1927.0
492.0	1863.0
493.0	1829.0
494.0	1763.0
495.0	1877.0
496.0	1802.0
497.0	1808.0
498.0	1806.0
499.0	1717.0
500.0	1758.0
501.0	1709.0
502.0	1775.0
503.0	1690.0
504.0	1733.0
505.0	1681.0
506.0	1649.0
507.0	1650.0
508.0	1614.0
509.0	1577.0
510.0	1585.0
511.0	1522.0
512.0	1538.0
513.0	1601.0
514.0	1471.0
515.0	1529.0
516.0	1540.0
517.0	1468.0
518.0	1403.0
519.0	1479.0
520.0	1392.0
521.0	1343.0
522.0	1405.0
523.0	1422.0
524.0	1383.0
525.0	1388.0
526.0	1254.0
527.0	1362.0
528.0	1297.0
529.0	1339.0
530.0	1224.0
531.0	1290.0
532.0	1284.0
533.0	1239.0
534.0	1218.0
535.0	1160.0
536.0	1263.0
537.0	1259.0
538.0	1173.0
539.0	1205.0
540.0	1205.0
541.0	1093.0
542.0	1121.0
543.0	1074.0
544.0	1148.0
545.0	1090.0
546.0	1056.0
547.0	1045.0
548.0	996.0
549.0	1091.0
550.0	1001.0
551.0	1010.0
552.0	1030.0
553.0	925.0
554.0	978.0
555.0	922.0
556.0	896.0
557.0	941.0
558.0	931.0
559.0	891.0
560.0	833.0
561.0	846.0
562.0	883.0
563.0	884.0
564.0	832.0
565.0	820.0
566.0	816.0
567.0	853.0
568.0	773.0
569.0	765.0
570.0	790.0
571.0	773.0
572.0	789.0
573.0	741.0
574.0	758.0
575.0	729.0
576.0	730.0
577.0	690.0
578.0	687.0
579.0	723.0
580.0	687.0
581.0	721.0
582.0	682.0
583.0	693.0
584.0	640.0
585.0	676.0
586.0	606.0
587.0	607.0
588.0	606.0
589.0	600.0
590.0	600.0
591.0	567.0
592.0	552.0
593.0	559.0
594.0	584.0
595.0	550.0
596.0	534.0
597.0	523.0
598.0	540.0
599.0	563.0
600.0	501.0
601.0	524.0
602.0	492.0
603.0	505.0
604.0	470.0
605.0	442.0
606.0	488.0
607.0	467.0
608.0	445.0
609.0	467.0
610.0	453.0
611.0	419.0
612.0	417.0
613.0	400.0
614.0	453.0
615.0	402.0
616.0	380.0
617.0	392.0
618.0	372.0
619.0	408.0
620.0	399.0
621.0	387.0
622.0	376.0
623.0	348.0
624.0	325.0
625.0	357.0
626.0	319.0
627.0	336.0
628.0	339.0
629.0	324.0
630.0	311.0
631.0	302.0
632.0	288.0
633.0	300.0
634.0	304.0
635.0	314.0
636.0	275.0
637.0	276.0
638.0	280.0
