# Position (bp)	A	C	G	T	N
0.0	25.98380196436211	23.03140579060954	35.09002882948431	15.893738647491418	0.0010247680526194747
1.0	23.474366655068625	20.258684941189976	12.484347852603982	43.78258161040543	1.894073198731653E-5
2.0	32.417460504194175	20.425016417805985	13.38220577876988	33.77514977059746	1.675286325047243E-4
3.0	21.126966154282783	23.24845789647175	10.297929375871199	45.3263509388613	2.956345129643125E-4
4.0	40.74798180522189	9.747215691883813	9.87718101914217	39.627290549264835	3.309344872896337E-4
5.0	44.94081632316936	10.406942793107934	23.134475715577967	21.50993269379106	0.00783247435367904
6.0	35.12386287228663	13.887260248715998	20.85310269478501	30.135646527191035	1.2765702132765854E-4
7.0	40.022372141466256	15.393000497582895	20.291910451076983	24.292716909873864	0.0
8.0	18.52984498969831	32.64645124214003	23.25999327421532	25.563674236346973	3.625759936621716E-5
9.0	29.87764137369605	19.863697983750733	13.033389816931301	37.22527082562191	0.0
10.0	27.593767897003453	15.121859710040361	28.274014114676106	29.010358278280084	0.0
11.0	27.381588689210645	18.398227263189078	18.253750580840176	35.96643346676011	0.0
12.0	25.18978959113761	20.723292360544736	23.39898532284252	30.687932725475136	0.0
13.0	23.66282812606104	26.63276237497987	18.494352738774325	31.210056760184766	0.0
14.0	32.85831983141887	20.632522527129282	20.20835203218861	26.30080560926324	0.0
15.0	32.81090648272712	19.06393516916039	19.361932935336874	28.76322541277562	0.0
16.0	31.917733849016216	18.59447984753868	18.41684809404654	31.070920403489033	1.780590953209097E-5
17.0	31.92514925476569	18.345853118170965	18.658809238567027	31.070135080049738	5.330844658120493E-5
18.0	31.562509642417485	18.43511411125018	19.1753680433172	30.826990469833554	1.7733181584587452E-5
19.0	31.032280855263206	19.04237025961881	19.152506316496655	30.77284256862133	0.0
20.0	30.778506658932546	19.141293648159593	19.262286467544868	30.817913225362993	0.0
21.0	30.583730819181355	19.263823948718464	19.312426609013368	30.84000099426552	1.7628821289410772E-5
22.0	30.737322656366707	19.369083963488674	19.106828375403612	30.78674740959924	1.7595141770215542E-5
23.0	31.038705479566325	19.26215566664413	19.19751042955452	30.50162842423503	0.0
24.0	30.661527720493027	19.390944430353322	19.176533423454202	30.770486093521555	5.083321779001358E-4
25.0	30.771688265017534	19.46871363594294	19.15779466050766	30.60180343853187	0.0
26.0	30.99394514923034	19.233340952902505	19.30238856903967	30.47022055247523	1.0477635225669926E-4
27.0	30.71998795261781	19.350218724825034	19.342654251634812	30.587139070922337	0.0
28.0	30.94073108821181	19.340834082886357	19.26517127214081	30.453106977019313	1.5657974171301718E-4
29.0	30.933789197458132	19.26424183212088	19.436423851525092	30.3655451188959	0.0
30.0	30.64628389965553	19.416451335802744	19.396371898914776	30.540580750027658	3.1211559929489617E-4
31.0	30.780629793493468	19.575407588700298	19.135295244051125	30.508667373755106	0.0
32.0	30.852033767271912	19.40658680315932	19.24181991433712	30.49930020316236	2.593120692826529E-4
33.0	30.596439745387855	19.325286438666524	19.399633185888447	30.67827813140576	3.6249865141870755E-4
34.0	30.665187025352132	19.444924213199354	19.338208703200568	30.549956338170436	0.0017237200775122444
35.0	30.795692756975356	19.23802267308875	19.457736757290046	30.504433445637762	0.004114367008078792
36.0	30.80198879933308	19.33397852036191	19.327684851586348	30.53299464453496	0.0033531841837008422
37.0	30.71589351568859	19.47087012857159	19.350472776076387	30.46027248147396	0.002491098189469836
38.0	30.89710269817455	19.350278606521073	19.346021402748644	30.403730546467035	0.002866746088694034
39.0	30.680089011920003	19.395874390478816	19.407590096437584	30.512912920742647	0.003533580420945487
40.0	30.713921085769197	19.23203112384778	19.36729630428306	30.677357832712747	0.009393653387217706
41.0	30.898974853987998	19.279768333617405	19.253490883831915	30.558087467592145	0.009678460970535511
42.0	30.63109068106752	19.415181632955612	19.405269805423465	30.537929773589205	0.010528106964197247
43.0	30.587195090237685	19.60649155655561	19.31898125716851	30.475544259306403	0.011787836731788905
44.0	30.92092528895616	19.388019613247764	19.310629496612002	30.366318918412418	0.014106682771653672
45.0	30.689916891134715	19.379017203359084	19.402943751590474	30.51200591464272	0.016116239273002084
46.0	30.663191815605124	19.48136207966283	19.24444196934952	30.596876733895108	0.014127401487425757
47.0	30.899529299187517	19.407008500481698	19.29231295678862	30.38762551708617	0.013523726455994783
48.0	30.6100880507782	19.39969195540727	19.34297474676099	30.62855570643733	0.018689540616212075
49.0	30.7119151628232	19.58068683499158	19.176469544482668	30.513969484767976	0.016958972934571125
50.0	30.782057590288087	19.371737660350842	19.363568220366805	30.466024765853444	0.016611763140817096
51.0	30.591852054290996	19.497083199855155	19.37610465803189	30.515643756383724	0.01931633143824153
52.0	30.73450495040224	19.503765059855958	19.27852444216901	30.466196608676636	0.01700893889615395
53.0	30.74060753775325	19.39968246704603	19.480556430587498	30.370532914612802	0.008620650000417403
54.0	30.582705419112198	19.356534182599347	19.368694778080204	30.6823235185065	0.009742101701751008
55.0	30.57670362930345	19.519803553058008	19.37608140656664	30.517433780714843	0.009977630357059548
56.0	30.77134145459243	19.289383303695793	19.418781933690777	30.51334421244116	0.007149095579833354
57.0	30.63039086493433	19.512140336738472	19.363381052471084	30.491177903988152	0.002909841867961926
58.0	30.521241968221812	19.59326015382294	19.434500209848256	30.44876904051798	0.002228627589014533
59.0	30.780629713423192	19.393521477059277	19.383758056310445	30.44061093159533	0.0014798216117570637
60.0	30.57015649287262	19.523004554313335	19.47149217535637	30.43393524643971	0.0014115310179689598
61.0	30.572777303486596	19.486333867853165	19.46496100941103	30.474431549127562	0.0014962701216450606
62.0	30.84634752398177	19.441379320896306	19.27022727964302	30.441637884915725	4.0799056317827366E-4
63.0	30.503700868266904	19.503115134006684	19.39285227428409	30.600263733394705	6.799004761682985E-5
64.0	30.615814196951774	19.49910606246006	19.273718236325816	30.611361504262348	0.0
65.0	30.733310393753637	19.4701636781492	19.34442079685303	30.452088138962875	1.6992281256239353E-5
66.0	30.573989106984406	19.428754618675647	19.42019215593468	30.577013151365147	5.096704012482168E-5
67.0	30.70556087876496	19.642167088456226	19.19547045743345	30.45680157534536	0.0
68.0	30.748167078039874	19.447476504342813	19.562354163202702	30.24200225441461	0.0
69.0	30.571170144257287	19.50708583430927	19.489984321632072	30.431114359700345	6.453401010262945E-4
70.0	30.61213607673128	19.547856600778406	19.384102486335287	30.45588785449845	1.6981656584374126E-5
71.0	30.78935463800444	19.40728609970738	19.429072806657665	30.37399777751816	2.886781123575968E-4
72.0	30.614925362996825	19.516875892528148	19.472608194363552	30.39559055011147	0.0
73.0	30.574739383894865	19.603951821468417	19.305561451740807	30.51574734289591	0.0
74.0	30.85998891125694	19.336458445657094	19.38572099330006	30.41783164978591	0.0
75.0	30.534004389328402	19.521813168936163	19.406136501184957	30.53804594055048	0.0
76.0	30.584330271608827	19.52562996406658	19.31768107269432	30.57234171066576	1.698096450859551E-5
77.0	30.536785225118873	19.580008361320438	19.412034799666227	30.471171613894466	0.0
78.0	30.329353616209275	19.682083393546744	19.294940188769246	30.693605820020014	1.698145472311144E-5
79.0	30.170070002652565	19.837113327131554	19.301912803546628	30.690886884802143	1.6981867101945884E-5
80.0	30.455250095274717	19.588379270124364	19.28181886731442	30.674534784271557	1.6983014947091114E-5
81.0	30.27705549771654	19.76171834530969	19.228769070599643	30.732423118925134	3.396744899362941E-5
82.0	30.34943050271423	19.96000762341939	19.08924258746464	30.601285313944572	3.397245717007393E-5
83.0	30.664524946761386	19.772180349578296	18.967965091437904	30.595074780398672	2.5483182373792413E-4
84.0	30.28433647318102	19.85883004636281	19.042769840130294	30.813587862918336	4.757774075398824E-4
85.0	30.333271072924727	19.95776942766935	19.005219167118888	30.703553381105593	1.869511814379911E-4
86.0	30.45093445076243	19.85180080733935	19.11134878161382	30.58562699344623	2.889668381656521E-4
87.0	30.116202350839536	20.048369336914057	19.202245947504004	30.63221334597251	9.690187698935728E-4
88.0	30.070347910307266	20.38013241159411	19.017639009048715	30.531489582823223	3.910862266912609E-4
89.0	30.214983230291022	20.360302567353074	19.12156691208271	30.303062255493117	8.503478007539864E-5
90.0	30.122377661037543	20.285029059655177	19.322701742490647	30.268768852798942	0.0011226840176914589
91.0	30.262609002181744	20.328677220160248	19.26478734451835	30.143109809958172	8.166231814822527E-4
92.0	30.42209736482907	20.31748046803541	19.317802604420773	29.941887821321682	7.317413930620365E-4
93.0	30.198049464363592	20.224542759163285	19.363629833315574	30.213471544220006	3.063989375446619E-4
94.0	30.20158466397533	20.47648553521189	19.34989035261353	29.971579710729777	4.5973746947215494E-4
95.0	30.40965245099275	20.27058652003382	19.445878948870856	29.873694723983558	1.8735611901678234E-4
96.0	30.287438751736623	20.351598000799434	19.45044474954278	29.910279962365905	2.3853555525795404E-4
97.0	30.258041072224774	20.360148951923325	19.530952793257622	29.850379947395044	4.7723519923206044E-4
98.0	30.273583385689236	20.233815632776132	19.65488580730243	29.837237790703124	4.7738352907478806E-4
99.0	30.153610787292596	20.152084315803926	19.761409947989108	29.932127449283197	7.674996311737883E-4
100.0	30.074970018646535	20.350894015041092	19.70786244253041	29.865676370632826	5.971531491383165E-4
101.0	30.147539981928723	20.271642605199297	19.767275152747334	29.8128424846331	6.997754915410798E-4
102.0	29.94816046573453	20.24390073158609	19.883597101247847	29.92348798228089	8.537191506450617E-4
103.0	29.896540214299062	20.42960938917285	19.926283664231775	29.74657596725146	9.907650448526169E-4
104.0	30.04208728458828	20.314399381619236	19.889066073123217	29.754310541508705	1.367191605580261E-4
105.0	29.773205641817434	20.325213260904135	20.04953432265191	29.85182449426944	2.2228035708484443E-4
106.0	29.718150662140907	20.401354442508815	20.095162707769603	29.785007143276275	3.250443043940687E-4
107.0	29.89775659537405	20.275958591831962	20.17434513585493	29.65115224112791	7.874358111427646E-4
108.0	29.59552123044204	20.334986173422827	20.302355314256584	29.76631508700192	8.221948766296587E-4
109.0	29.73583410223241	20.35462545287627	20.139853643210373	29.769155442854156	5.313588267871354E-4
110.0	29.894572255833328	20.25844865287915	20.175467634401205	29.67135708955141	1.5436733491142488E-4
111.0	29.97801431258124	20.159565730751623	20.099233393116414	29.762911935555795	2.7462799492556126E-4
112.0	30.082183441384153	20.160598087533963	20.05325441652471	29.703654855312788	3.091992443857577E-4
113.0	30.38986659431664	19.965031965199085	20.18749799051575	29.4575862565204	1.71934481271091E-5
114.0	30.336534439864877	20.006278974420407	20.278350653870504	29.378698235036747	1.3769680746509474E-4
115.0	30.073384692277198	20.275769953294382	20.15807524602313	29.492666701135757	1.0340726953104803E-4
116.0	30.33409146844293	20.0274523381087	20.3193556415366	29.318289373808476	8.111781032999071E-4
117.0	30.153709099721127	19.966471200112558	20.47384535821957	29.405715071919776	2.592700269675398E-4
118.0	30.16021029483652	19.98138490491311	20.52604174600383	29.33225919468682	1.0385955971855443E-4
119.0	30.240004493453288	19.87257454070389	20.610821872022566	29.27652975040531	6.934341494128693E-5
120.0	29.9953001750585	19.89899282768865	20.879323878010116	29.226261587012996	1.2153222973966581E-4
121.0	29.983105978027858	19.99589172450343	20.92333230887344	29.096800328244605	8.696603506714039E-4
122.0	30.114676225371166	19.824205289802684	21.01522725882681	29.045176797523826	7.144284755159262E-4
123.0	29.940799457836086	19.777286132345886	21.17091064368522	29.10927546154898	0.0017283045838303664
124.0	29.943434345554394	19.754655372075586	21.29289976067906	29.00705159855998	0.0019589231309818213
125.0	29.977514126392617	19.72809476029379	21.35681359470124	28.936088039765227	0.0014894788471223443
126.0	29.846682151190045	19.725825621794908	21.506967157712154	28.916680272682104	0.0038447966207924493
127.0	29.777401208847245	19.818069597982568	21.572117044612455	28.829650617008816	0.002761531548914903
128.0	29.830885246467886	19.62128008958079	21.737545138887054	28.807593219478743	0.002696305585529192
129.0	29.610699826376962	19.719413308462606	21.86084059823227	28.807757292900277	0.0012889740278796253
130.0	29.747894699596632	19.68774325950039	21.923253839077205	28.640789753025263	3.184488005095181E-4
131.0	29.624529130327577	19.5687683763476	22.17307583565352	28.633431671406314	1.9498626499023382E-4
132.0	29.474601842184818	19.67618783052525	22.270976441789013	28.577807601845386	4.262836555386503E-4
133.0	29.46357443336781	19.66904423066381	22.376569687020123	28.4907048614646	1.0678748365261605E-4
134.0	29.53098566983882	19.55383788445632	22.541139871461198	28.373109217321456	9.273569222022444E-4
135.0	29.411173945877593	19.494254985094663	22.68663480332853	28.40738229679795	5.539689012580812E-4
136.0	29.29438987248929	19.587957464913426	22.771373909655203	28.34556248110833	7.162718337561725E-4
137.0	29.42618080687161	19.34433225083619	22.887825074395135	28.34112352041925	5.383474778151491E-4
138.0	29.22239046461275	19.330037620756872	23.139876563635188	28.30699400801329	7.013429818945612E-4
139.0	29.24943435794716	19.544865858937865	23.133741679375667	28.07177787686251	1.802268768015929E-4
140.0	29.29786508773638	19.287425635385823	23.41999638349479	27.994532248767147	1.806446158601276E-4
141.0	29.10342929218388	19.372146067039296	23.475851528028418	28.048500675028997	7.243771940706105E-5
142.0	29.131063778177136	19.33048473912922	23.64662422704315	27.891790943155332	3.631249516589908E-5
143.0	29.08973403874649	19.22754673228638	23.841637865776168	27.838513730189845	0.0025676330011131874
144.0	28.878376312288555	19.19910143408504	23.97780181243916	27.944702174682224	1.8266505020274905E-5
145.0	28.912329909758792	19.273157250690904	24.048104201326346	27.766390305830157	1.833239379815118E-5
146.0	29.014597094509238	19.10032331336414	24.143009557540253	27.742051611122687	1.8423463681181226E-5
147.0	28.813532291366478	19.09274261593986	24.411339168852113	27.682293202366104	9.2721475443459E-5
148.0	28.70587013477471	19.12762291406047	24.44951967333066	27.716873982108716	1.1329572544669201E-4
149.0	28.245222105303753	19.263535630269693	25.61796046091937	26.873281803507187	0.0
